k n_trees search_k build_time recall var_recall query_time val_recall val_var_recall val_query_time r0 r1 r2 r3 r4 r5 r6 r7 r8 r9 r10
10 1 25 0.228055 0.507 0.083234 0.17596 0.5051 0.082346 0.17703 55 74 97 101 113 110 116 96 90 71 77 
10 1 50 0.22805 0.507 0.083234 0.1836 0.5051 0.082346 0.17624 55 74 97 101 113 110 116 96 90 71 77 
10 1 100 0.22805 0.507 0.083234 0.17562 0.5051 0.082346 0.17628 55 74 97 101 113 110 116 96 90 71 77 
10 1 200 0.22805 0.507 0.083234 0.17569 0.5051 0.082346 0.17622 55 74 97 101 113 110 116 96 90 71 77 
10 1 400 0.22805 0.5359 0.083805 0.20032 0.5258 0.084419 0.19273 48 62 91 92 106 104 120 104 101 81 91 
10 1 1000 0.22805 0.7344 0.064081 0.42059 0.7243 0.069429 0.42373 7 17 34 40 59 78 89 113 143 156 264 
10 1 2000 0.22805 0.8477 0.038794 0.75708 0.8423 0.039841 0.745 1 5 8 12 33 42 59 78 132 178 452 
10 1 4000 0.22805 0.9226 0.019048 1.4069 0.9206 0.019395 1.3934 0 1 2 3 3 22 41 46 60 178 644 
10 1 10000 0.22805 0.977 0.0056767 3.4038 0.978 0.0043403 3.3881 0 1 0 1 0 2 10 13 19 87 867 
10 1 20000 0.22805 0.996 0.00062462 6.8107 0.9951 0.00064664 6.7519 0 0 0 0 0 0 1 1 3 27 968 
10 1 40000 0.22805 0.9995 4.98e-05 13.049 0.9998 1.998e-05 13.089 0 0 0 0 0 0 0 0 0 5 995 
10 1 100000 0.22805 1 0 17.38 1 0 17.475 0 0 0 0 0 0 0 0 0 0 1000 
10 1 200000 0.22805 1 0 17.412 1 0 17.484 0 0 0 0 0 0 0 0 0 0 1000 
10 1 400000 0.22805 1 0 17.369 1 0 17.528 0 0 0 0 0 0 0 0 0 0 1000 
10 5 25 0.675945 0.7064 0.07115 0.18876 0.6908 0.070005 0.19201 13 23 42 49 56 93 92 104 144 151 233 
10 5 50 0.67595 0.7064 0.07115 0.18993 0.6908 0.070005 0.19056 13 23 42 49 56 93 92 104 144 151 233 
10 5 100 0.67595 0.7064 0.07115 0.1898 0.6908 0.070005 0.18874 13 23 42 49 56 93 92 104 144 151 233 
10 5 200 0.67595 0.7064 0.07115 0.19606 0.6908 0.070005 0.18981 13 23 42 49 56 93 92 104 144 151 233 
10 5 400 0.67595 0.7127 0.068918 0.1991 0.6959 0.068842 0.19721 11 21 41 47 55 90 92 108 146 153 236 
10 5 1000 0.67595 0.8421 0.039918 0.37035 0.8359 0.03924 0.3753 3 2 12 18 19 48 61 87 138 174 438 
10 5 2000 0.67595 0.9149 0.020889 0.59269 0.9089 0.021272 0.59846 0 0 2 8 14 17 24 47 91 191 606 
10 5 4000 0.67595 0.967 0.0063574 1.0314 0.9602 0.0093053 1.0276 0 0 0 0 1 5 10 10 52 125 797 
10 5 10000 0.67595 0.9942 0.00072709 2.3698 0.993 0.0012523 2.3759 0 0 0 0 0 0 0 1 6 43 950 
10 5 20000 0.67595 0.9988 0.0001387 4.6259 0.9984 0.00023768 4.583 0 0 0 0 0 0 0 0 1 10 989 
10 5 40000 0.67595 1 0 8.5944 0.9999 1e-05 8.5522 0 0 0 0 0 0 0 0 0 0 1000 
10 5 100000 0.67595 1 0 17.068 1 0 17.066 0 0 0 0 0 0 0 0 0 0 1000 
10 5 200000 0.67595 1 0 23.995 1 0 24.042 0 0 0 0 0 0 0 0 0 0 1000 
10 5 400000 0.67595 1 0 28.944 1 0 28.899 0 0 0 0 0 0 0 0 0 0 1000 
10 10 25 1.25677 0.7768 0.056038 0.19344 0.7506 0.064104 0.19363 3 16 23 25 44 73 81 94 136 192 313 
10 10 50 1.2568 0.7768 0.056038 0.22459 0.7506 0.064104 0.20186 3 16 23 25 44 73 81 94 136 192 313 
10 10 100 1.2568 0.7768 0.056038 0.19884 0.7506 0.064104 0.19737 3 16 23 25 44 73 81 94 136 192 313 
10 10 200 1.2568 0.7768 0.056038 0.19515 0.7506 0.064104 0.19462 3 16 23 25 44 73 81 94 136 192 313 
10 10 400 1.2568 0.7805 0.055445 0.20237 0.7588 0.061604 0.20751 3 16 21 25 44 71 76 99 134 190 321 
10 10 1000 1.2568 0.8924 0.02769 0.36605 0.8795 0.031001 0.37199 1 4 3 7 13 22 53 58 97 189 553 
10 10 2000 1.2568 0.948 0.011487 0.57289 0.9391 0.014896 0.57321 0 0 2 2 3 6 17 25 69 161 715 
10 10 4000 1.2568 0.9761 0.0048637 0.93161 0.973 0.0057367 0.93772 0 0 0 0 1 4 8 8 25 107 847 
10 10 10000 1.2568 0.9957 0.00085236 1.9559 0.994 0.0011451 1.9642 0 0 0 0 0 0 3 0 4 23 970 
10 10 20000 1.2568 0.9992 9.9459e-05 3.773 0.9986 0.00017822 3.7302 0 0 0 0 0 0 0 0 1 6 993 
10 10 40000 1.2568 0.9999 1e-05 7.2242 0.9997 2.994e-05 7.187 0 0 0 0 0 0 0 0 0 1 999 
10 10 100000 1.2568 1 0 15.297 1 0 15.269 0 0 0 0 0 0 0 0 0 0 1000 
10 10 200000 1.2568 1 0 22.955 1 0 22.903 0 0 0 0 0 0 0 0 0 0 1000 
10 10 400000 1.2568 1 0 38.386 1 0 36.531 0 0 0 0 0 0 0 0 0 0 1000 
10 25 25 2.9723 0.8291 0.041445 0.2037 0.807 0.052343 0.21034 1 3 15 15 34 49 63 90 140 196 394 
10 25 50 2.9723 0.8291 0.041445 0.2045 0.807 0.052343 0.20687 1 3 15 15 34 49 63 90 140 196 394 
10 25 100 2.9723 0.8291 0.041445 0.20424 0.807 0.052343 0.20598 1 3 15 15 34 49 63 90 140 196 394 
10 25 200 2.9723 0.8291 0.041445 0.20422 0.807 0.052343 0.20375 1 3 15 15 34 49 63 90 140 196 394 
10 25 400 2.9723 0.8326 0.040518 0.21158 0.8111 0.051318 0.2106 1 3 13 14 35 48 58 95 139 190 404 
10 25 1000 2.9723 0.9227 0.020775 0.36619 0.9107 0.023959 0.37526 1 0 2 6 15 14 25 43 79 158 657 
10 25 2000 2.9723 0.966 0.0077518 0.56063 0.9577 0.011572 0.55797 0 0 0 2 3 3 10 17 47 108 810 
10 25 4000 2.9723 0.9858 0.0030414 0.86711 0.9808 0.004656 0.86367 0 0 0 0 1 1 6 5 15 62 910 
10 25 10000 2.9723 0.9973 0.00040311 1.6347 0.9949 0.001045 1.648 0 0 0 0 0 0 0 2 1 19 978 
10 25 20000 2.9723 0.9995 6.982e-05 2.8576 0.9985 0.0003481 2.8692 0 0 0 0 0 0 0 0 1 3 996 
10 25 40000 2.9723 0.9998 1.998e-05 5.4321 0.9999 1e-05 5.3897 0 0 0 0 0 0 0 0 0 2 998 
10 25 100000 2.9723 1 0 12.372 1 0 12.897 0 0 0 0 0 0 0 0 0 0 1000 
10 25 200000 2.9723 1 0 23.378 1 0 23.243 0 0 0 0 0 0 0 0 0 0 1000 
10 25 400000 2.9723 1 0 36.264 1 0 36.026 0 0 0 0 0 0 0 0 0 0 1000 
10 50 25 5.83958 0.8526 0.037291 0.22517 0.8363 0.045678 0.22284 1 4 9 8 32 42 56 83 118 189 458 
10 50 50 5.8396 0.8526 0.037291 0.33173 0.8363 0.045678 0.29957 1 4 9 8 32 42 56 83 118 189 458 
10 50 100 5.8396 0.8526 0.037291 0.30989 0.8363 0.045678 0.29974 1 4 9 8 32 42 56 83 118 189 458 
10 50 200 5.8396 0.8526 0.037291 0.30505 0.8363 0.045678 0.30096 1 4 9 8 32 42 56 83 118 189 458 
10 50 400 5.8396 0.8581 0.03531 0.31342 0.8404 0.045033 0.3094 1 4 7 7 29 41 50 88 120 185 468 
10 50 1000 5.8396 0.9393 0.015321 0.51851 0.9273 0.020245 0.52121 1 0 1 5 5 9 17 45 66 144 707 
10 50 2000 5.8396 0.9724 0.0062245 0.75868 0.965 0.0089239 0.76502 0 0 0 1 1 4 8 19 30 94 843 
10 50 4000 5.8396 0.9882 0.0021029 1.1492 0.9852 0.0033643 1.1329 0 0 0 0 0 1 0 8 19 51 921 
10 50 10000 5.8396 0.9973 0.00054325 1.8403 0.9966 0.00048893 1.7439 0 0 0 0 0 0 1 2 2 13 982 
10 50 20000 5.8396 0.9993 0.00012964 2.5339 0.9986 0.00021826 2.9475 0 0 0 0 0 0 0 1 0 4 995 
10 50 40000 5.8396 0.9998 1.998e-05 5.1525 0.9997 2.994e-05 5.1069 0 0 0 0 0 0 0 0 0 2 998 
10 50 100000 5.8396 1 0 11.782 1 0 11.812 0 0 0 0 0 0 0 0 0 0 1000 
10 50 200000 5.8396 1 0 20.871 1 0 20.847 0 0 0 0 0 0 0 0 0 0 1000 
10 50 400000 5.8396 1 0 36.368 1 0 34.706 0 0 0 0 0 0 0 0 0 0 1000 
10 100 25 11.6466 0.8742 0.031286 0.26472 0.8584 0.039509 0.25906 1 2 5 11 27 26 38 76 116 209 489 
10 100 50 11.647 0.8742 0.031286 0.2576 0.8584 0.039509 0.25699 1 2 5 11 27 26 38 76 116 209 489 
10 100 100 11.647 0.8742 0.031286 0.25806 0.8584 0.039509 0.25705 1 2 5 11 27 26 38 76 116 209 489 
10 100 200 11.647 0.8742 0.031286 0.25796 0.8584 0.039509 0.25853 1 2 5 11 27 26 38 76 116 209 489 
10 100 400 11.647 0.8765 0.030448 0.26477 0.8618 0.03884 0.26522 1 2 5 9 25 28 37 76 115 208 494 
10 100 1000 11.647 0.9484 0.011429 0.41669 0.9391 0.017619 0.41543 0 0 2 0 5 7 14 33 62 156 721 
10 100 2000 11.647 0.9787 0.0044808 0.59376 0.9712 0.0065771 0.59695 0 0 0 1 2 0 5 10 29 86 867 
10 100 4000 11.647 0.9914 0.0014875 0.86392 0.9877 0.0024612 0.86715 0 0 0 0 0 0 3 3 8 49 937 
10 100 10000 11.647 0.9982 0.00019696 1.4963 0.9967 0.00047959 1.513 0 0 0 0 0 0 0 0 1 16 983 
10 100 20000 11.647 0.9997 4.996e-05 2.3803 0.9988 0.0001387 2.3924 0 0 0 0 0 0 0 0 1 1 998 
10 100 40000 11.647 0.9998 1.998e-05 3.9575 0.9998 1.998e-05 3.9836 0 0 0 0 0 0 0 0 0 2 998 
10 100 100000 11.647 1 0 8.6587 1 0 8.6537 0 0 0 0 0 0 0 0 0 0 1000 
10 100 200000 11.647 1 0 16.375 1 0 16.278 0 0 0 0 0 0 0 0 0 0 1000 
10 100 400000 11.647 1 0 30.7 1 0 32.449 0 0 0 0 0 0 0 0 0 0 1000 
10 200 25 24.4688 0.8917 0.026708 0.43187 0.8769 0.032609 0.41851 0 2 3 11 20 18 34 67 107 203 535 
10 200 50 24.469 0.8917 0.026708 0.41993 0.8769 0.032609 0.41259 0 2 3 11 20 18 34 67 107 203 535 
10 200 100 24.469 0.8917 0.026708 0.41882 0.8769 0.032609 0.42476 0 2 3 11 20 18 34 67 107 203 535 
10 200 200 24.469 0.8917 0.026708 0.42509 0.8769 0.032609 0.41851 0 2 3 11 20 18 34 67 107 203 535 
10 200 400 24.469 0.8949 0.02617 0.43031 0.8808 0.031823 0.41002 0 2 3 11 19 18 30 66 104 202 545 
10 200 1000 24.469 0.9575 0.0095533 0.56805 0.9484 0.015133 0.56956 0 0 0 1 5 5 15 21 56 128 769 
10 200 2000 24.469 0.9832 0.0034612 0.78134 0.9763 0.0063346 0.76455 0 0 0 1 0 1 3 8 30 60 897 
10 200 4000 24.469 0.9931 0.0012036 1.2196 0.9896 0.0022141 1.2364 0 0 0 0 0 0 1 3 13 30 953 
10 200 10000 24.469 0.9985 0.00026802 1.7445 0.9967 0.00049961 1.5656 0 0 0 0 0 0 0 2 0 9 989 
10 200 20000 24.469 0.9997 2.994e-05 2.3708 0.9987 0.00020852 2.3881 0 0 0 0 0 0 0 0 0 3 997 
10 200 40000 24.469 0.9998 1.998e-05 3.7915 0.9999 1e-05 3.8785 0 0 0 0 0 0 0 0 0 2 998 
10 200 100000 24.469 0.9999 1e-05 7.7359 1 0 7.7525 0 0 0 0 0 0 0 0 0 1 999 
10 200 200000 24.469 1 0 14.208 1 0 14.234 0 0 0 0 0 0 0 0 0 0 1000 
10 200 400000 24.469 1 0 27.267 1 0 27.077 0 0 0 0 0 0 0 0 0 0 1000 
10 400 25 46.1937 0.905 0.023579 0.45126 0.8896 0.027639 0.45392 0 2 3 9 15 14 30 56 96 205 570 
10 400 50 46.194 0.905 0.023579 0.45264 0.8896 0.027639 0.45558 0 2 3 9 15 14 30 56 96 205 570 
10 400 100 46.194 0.905 0.023579 0.45275 0.8896 0.027639 0.4547 0 2 3 9 15 14 30 56 96 205 570 
10 400 200 46.194 0.905 0.023579 0.45297 0.8896 0.027639 0.4555 0 2 3 9 15 14 30 56 96 205 570 
10 400 400 46.194 0.9079 0.023071 0.45687 0.8926 0.026952 0.46018 0 2 3 9 15 13 27 54 92 207 578 
10 400 1000 46.194 0.964 0.0078318 0.624 0.9572 0.01226 0.62839 0 0 0 0 3 4 15 20 41 120 797 
10 400 2000 46.194 0.9834 0.0033278 0.81448 0.9792 0.0057731 0.80863 0 0 0 0 0 2 4 10 23 64 897 
10 400 4000 46.194 0.9941 0.0010963 1.0702 0.9903 0.0027386 1.077 0 0 0 0 0 0 2 3 6 30 959 
10 400 10000 46.194 0.998 0.0003964 1.6648 0.9971 0.00044203 1.6789 0 0 0 0 0 0 0 3 1 9 987 
10 400 20000 46.194 0.9991 0.00018938 3.1917 0.999 0.00011912 3.2255 0 0 0 0 0 0 0 1 2 2 995 
10 400 40000 46.194 0.9999 1e-05 4.2771 0.9995 4.98e-05 4.3258 0 0 0 0 0 0 0 0 0 1 999 
10 400 100000 46.194 0.9999 1e-05 8.1496 1 0 8.1809 0 0 0 0 0 0 0 0 0 1 999 
10 400 200000 46.194 1 0 14.121 1 0 14.103 0 0 0 0 0 0 0 0 0 0 1000 
10 400 400000 46.194 1 0 25.905 1 0 25.896 0 0 0 0 0 0 0 0 0 0 1000 
