k m efc search build_time recall var_recall query_time val_recall val_var_recall val_query_time r0 r1 r2 r3 r4 r5 r6 r7 r8 r9 r10
10 4 100 10 1.28858 0.5618 0.13476 0.045125 0.5468 0.13122 0.044093 205 34 30 33 54 60 58 91 128 170 137 
10 4 100 20 1.2886 0.7767 0.099206 0.069462 0.7716 0.099173 0.069743 94 14 16 12 12 20 29 79 107 216 401 
10 4 100 40 1.2886 0.909 0.048207 0.11528 0.906 0.048312 0.11829 39 3 4 4 4 6 11 19 65 148 697 
10 4 100 60 1.2886 0.9535 0.024672 0.16204 0.9456 0.02963 0.15833 18 3 1 2 1 2 2 11 40 99 821 
10 4 100 80 1.2886 0.9702 0.015147 0.19941 0.9672 0.014939 0.19913 11 1 0 1 2 2 2 6 20 84 871 
10 4 100 100 1.2886 0.9775 0.011836 0.24187 0.9755 0.011641 0.24311 9 1 0 0 2 0 2 2 15 70 899 
10 4 100 120 1.2886 0.983 0.0091401 0.28196 0.9803 0.0092111 0.28194 7 1 0 0 1 0 1 1 11 56 922 
10 4 100 200 1.2886 0.9891 0.0052164 0.45066 0.9901 0.0036156 0.4522 3 1 0 0 1 0 2 3 5 37 948 
10 4 100 400 1.2886 0.9954 0.0015003 0.92006 0.9957 0.00051202 0.91789 1 0 0 0 0 0 1 0 2 28 968 
10 4 100 600 1.2886 0.9968 0.00035011 1.4802 0.9968 0.00039015 1.4771 0 0 0 0 0 0 0 0 2 28 970 
10 4 100 800 1.2886 0.9974 0.00025349 2.1412 0.9969 0.00038077 2.2869 0 0 0 0 0 0 0 0 0 26 974 
10 4 100 1000 1.2886 0.9976 0.00023447 2.9335 0.9971 0.00036195 2.9442 0 0 0 0 0 0 0 0 0 24 976 
10 4 100 1200 1.2886 0.9977 0.00022493 3.8407 0.9975 0.00028403 3.8381 0 0 0 0 0 0 0 0 0 23 977 
10 4 100 1500 1.2886 0.998 0.0001962 5.3665 0.9977 0.00026497 5.3778 0 0 0 0 0 0 0 0 0 20 980 
10 4 100 2000 1.2886 0.9983 0.00016728 8.3902 0.9982 0.00019696 8.5746 0 0 0 0 0 0 0 0 0 17 983 
10 4 500 10 3.41633 0.5662 0.13191 0.050113 0.5438 0.13029 0.049276 193 39 25 45 49 57 64 90 136 165 137 
10 4 500 20 3.4163 0.7875 0.093047 0.077227 0.7769 0.09395 0.077009 81 20 9 15 11 18 40 75 101 215 415 
10 4 500 40 3.4163 0.9213 0.038615 0.1234 0.9135 0.043351 0.12305 28 4 3 2 4 7 9 23 62 145 713 
10 4 500 60 3.4163 0.9629 0.019033 0.16874 0.9588 0.020003 0.16935 14 1 1 1 2 2 3 7 30 92 847 
10 4 500 80 3.4163 0.9763 0.013382 0.21552 0.9753 0.010831 0.21478 10 1 1 1 0 1 2 2 15 64 903 
10 4 500 100 3.4163 0.9821 0.011741 0.25814 0.9812 0.0087153 0.2579 10 0 1 0 1 1 0 1 7 43 936 
10 4 500 120 3.4163 0.9874 0.0081093 0.32726 0.987 0.0056567 0.33075 7 0 0 1 0 0 1 1 5 32 953 
10 4 500 200 3.4163 0.9933 0.0045497 0.52551 0.9948 0.0018949 0.53139 3 1 0 1 0 0 0 1 1 16 977 
10 4 500 400 3.4163 0.9979 0.0013069 1.0423 0.9982 0.00025702 0.9725 1 0 0 0 0 1 0 0 0 6 992 
10 4 500 600 3.4163 0.9992 0.0001395 1.7886 0.9992 9.9459e-05 1.7524 0 0 0 0 0 0 0 1 0 5 994 
10 4 500 800 3.4163 0.9995 0.00010986 2.5878 0.9993 8.96e-05 2.3719 0 0 0 0 0 0 0 1 0 2 997 
10 4 500 1000 3.4163 0.9995 0.00010986 3.1427 0.9994 7.972e-05 2.9987 0 0 0 0 0 0 0 1 0 2 997 
10 4 500 1200 3.4163 0.9996 5.99e-05 3.8101 0.9994 7.972e-05 3.8678 0 0 0 0 0 0 0 0 1 2 997 
10 4 500 1500 3.4163 0.9997 4.996e-05 5.3463 0.9994 7.972e-05 5.3744 0 0 0 0 0 0 0 0 1 1 998 
10 4 500 2000 3.4163 0.9998 4e-05 8.4252 0.9995 4.98e-05 8.5062 0 0 0 0 0 0 0 0 1 0 999 
10 8 100 10 1.77447 0.8345 0.048048 0.073413 0.8171 0.054572 0.074137 21 7 10 17 14 17 57 81 143 257 376 
10 8 100 20 1.7745 0.9494 0.016917 0.11407 0.9422 0.018458 0.114 7 2 3 1 3 1 11 19 50 163 740 
10 8 100 40 1.7745 0.9863 0.0064488 0.18385 0.9822 0.0063495 0.22716 4 1 0 0 1 0 3 1 11 45 934 
10 8 100 60 1.7745 0.993 0.0028739 0.24994 0.9908 0.0034588 0.25151 1 1 0 0 1 0 1 1 6 26 963 
10 8 100 80 1.7745 0.9969 0.00052091 0.30787 0.9929 0.0032028 0.30632 0 0 0 0 0 0 1 0 5 17 977 
10 8 100 100 1.7745 0.9974 0.00043367 0.3647 0.9939 0.0030358 0.36519 0 0 0 0 0 0 1 0 3 16 980 
10 8 100 120 1.7745 0.9986 0.00027832 0.41887 0.9956 0.0021428 0.42174 0 0 0 0 0 0 1 0 1 8 990 
10 8 100 200 1.7745 0.999 0.00021922 0.63355 0.9979 0.00094654 0.63027 0 0 0 0 0 0 1 0 0 6 993 
10 8 100 400 1.7745 0.9996 3.988e-05 1.2987 0.9997 2.994e-05 1.2079 0 0 0 0 0 0 0 0 0 4 996 
10 8 100 600 1.7745 0.9998 1.998e-05 1.8109 0.9998 1.998e-05 1.8272 0 0 0 0 0 0 0 0 0 2 998 
10 8 100 800 1.7745 0.9999 1e-05 2.5738 0.9998 1.998e-05 2.5953 0 0 0 0 0 0 0 0 0 1 999 
10 8 100 1000 1.7745 0.9999 1e-05 3.4628 0.9998 1.998e-05 3.4797 0 0 0 0 0 0 0 0 0 1 999 
10 8 100 1200 1.7745 1 0 4.4876 0.9998 1.998e-05 4.465 0 0 0 0 0 0 0 0 0 0 1000 
10 8 100 1500 1.7745 1 0 6.1303 0.9998 1.998e-05 6.1539 0 0 0 0 0 0 0 0 0 0 1000 
10 8 100 2000 1.7745 1 0 9.4772 0.9998 1.998e-05 9.5957 0 0 0 0 0 0 0 0 0 0 1000 
10 8 500 10 5.37761 0.8384 0.039405 0.079469 0.8218 0.047092 0.078799 15 4 6 13 11 29 53 91 160 275 343 
10 8 500 20 5.3776 0.9555 0.011581 0.12606 0.9475 0.013487 0.1256 4 0 1 2 4 1 8 13 48 187 732 
10 8 500 40 5.3776 0.9914 0.0022283 0.2077 0.9883 0.0035366 0.20807 1 0 0 0 0 1 1 1 8 48 940 
10 8 500 60 5.3776 0.9966 0.00050895 0.30324 0.9962 0.00052609 0.30415 0 0 0 0 0 0 1 0 3 24 972 
10 8 500 80 5.3776 0.9981 0.0003067 0.35021 0.9985 0.00018794 0.35049 0 0 0 0 0 0 1 0 0 15 984 
10 8 500 100 5.3776 0.9985 0.00026802 0.41819 0.9992 9.9459e-05 0.41685 0 0 0 0 0 0 1 0 0 11 988 
10 8 500 120 5.3776 0.9992 0.00019956 0.48366 0.9997 2.994e-05 0.48399 0 0 0 0 0 0 1 0 0 4 995 
10 8 500 200 5.3776 0.9996 9.994e-05 0.82328 0.9998 1.998e-05 0.7852 0 0 0 0 0 0 0 1 0 1 998 
10 8 500 400 5.3776 1 0 1.3535 1 0 1.3066 0 0 0 0 0 0 0 0 0 0 1000 
10 8 500 600 5.3776 1 0 1.9822 1 0 2.0024 0 0 0 0 0 0 0 0 0 0 1000 
10 8 500 800 5.3776 1 0 2.8284 1 0 2.8108 0 0 0 0 0 0 0 0 0 0 1000 
10 8 500 1000 5.3776 1 0 3.7481 1 0 3.7571 0 0 0 0 0 0 0 0 0 0 1000 
10 8 500 1200 5.3776 1 0 5.0139 1 0 4.8071 0 0 0 0 0 0 0 0 0 0 1000 
10 8 500 1500 5.3776 1 0 6.5658 1 0 6.6298 0 0 0 0 0 0 0 0 0 0 1000 
10 8 500 2000 5.3776 1 0 10.11 1 0 10.195 0 0 0 0 0 0 0 0 0 0 1000 
10 12 100 10 1.89255 0.8818 0.032141 0.079887 0.8618 0.039981 0.079867 13 2 4 6 11 18 27 66 113 272 468 
10 12 100 20 1.8926 0.9701 0.0070631 0.13576 0.9575 0.015239 0.13546 1 1 0 0 4 0 7 11 32 131 813 
10 12 100 40 1.8926 0.9939 0.0014943 0.22128 0.9876 0.0049112 0.22173 0 0 0 0 1 1 2 1 6 27 962 
10 12 100 60 1.8926 0.9964 0.0010281 0.27394 0.9941 0.0016168 0.27655 0 0 0 0 1 1 1 0 3 15 979 
10 12 100 80 1.8926 0.9982 0.00029706 0.33916 0.9973 0.00050321 0.34111 0 0 0 0 0 0 0 1 3 9 987 
10 12 100 100 1.8926 0.9985 0.00026802 0.40188 0.9984 0.00027772 0.40205 0 0 0 0 0 0 0 1 3 6 990 
10 12 100 120 1.8926 0.9985 0.00026802 0.46649 0.9988 0.00019876 0.45926 0 0 0 0 0 0 0 1 3 6 990 
10 12 100 200 1.8926 0.9989 0.000209 0.76478 0.9994 7.972e-05 0.7222 0 0 0 0 0 0 0 1 2 4 993 
10 12 100 400 1.8926 0.9997 2.994e-05 1.2548 0.9997 2.994e-05 1.258 0 0 0 0 0 0 0 0 0 3 997 
10 12 100 600 1.8926 0.9999 1e-05 1.9423 1 0 1.9483 0 0 0 0 0 0 0 0 0 1 999 
10 12 100 800 1.8926 0.9999 1e-05 2.7445 1 0 2.7372 0 0 0 0 0 0 0 0 0 1 999 
10 12 100 1000 1.8926 0.9999 1e-05 3.62 1 0 3.6334 0 0 0 0 0 0 0 0 0 1 999 
10 12 100 1200 1.8926 0.9999 1e-05 4.6841 1 0 4.6447 0 0 0 0 0 0 0 0 0 1 999 
10 12 100 1500 1.8926 0.9999 1e-05 6.3756 1 0 6.7662 0 0 0 0 0 0 0 0 0 1 999 
10 12 100 2000 1.8926 1 0 10.654 1 0 10.767 0 0 0 0 0 0 0 0 0 0 1000 
10 12 500 10 5.75761 0.8826 0.024782 0.092088 0.8675 0.030664 0.090601 3 1 1 5 15 23 39 73 128 256 456 
10 12 500 20 5.7576 0.9729 0.0048204 0.16185 0.967 0.007979 0.14968 1 0 0 0 0 1 4 10 33 144 807 
10 12 500 40 5.7576 0.996 0.00066466 0.24284 0.9936 0.0012203 0.24479 0 0 0 0 0 0 2 0 2 28 968 
10 12 500 60 5.7576 0.9984 0.00027772 0.33277 0.9971 0.00050209 0.3278 0 0 0 0 0 0 1 0 0 12 987 
10 12 500 80 5.7576 0.9994 5.97e-05 0.41515 0.9984 0.00029774 0.41155 0 0 0 0 0 0 0 0 0 6 994 
10 12 500 100 5.7576 0.9996 3.988e-05 0.4931 0.9995 6.982e-05 0.49673 0 0 0 0 0 0 0 0 0 4 996 
10 12 500 120 5.7576 0.9996 3.988e-05 0.56519 0.9998 1.998e-05 0.57213 0 0 0 0 0 0 0 0 0 4 996 
10 12 500 200 5.7576 0.9999 1e-05 0.85286 0.9998 1.998e-05 0.86095 0 0 0 0 0 0 0 0 0 1 999 
10 12 500 400 5.7576 1 0 1.596 0.9999 1e-05 1.5854 0 0 0 0 0 0 0 0 0 0 1000 
10 12 500 600 5.7576 1 0 2.3804 1 0 2.2654 0 0 0 0 0 0 0 0 0 0 1000 
10 12 500 800 5.7576 1 0 3.2163 1 0 3.1403 0 0 0 0 0 0 0 0 0 0 1000 
10 12 500 1000 5.7576 1 0 4.2237 1 0 4.1207 0 0 0 0 0 0 0 0 0 0 1000 
10 12 500 1200 5.7576 1 0 5.2102 1 0 5.2289 0 0 0 0 0 0 0 0 0 0 1000 
10 12 500 1500 5.7576 1 0 7.1828 1 0 7.0922 0 0 0 0 0 0 0 0 0 0 1000 
10 12 500 2000 5.7576 1 0 10.772 1 0 10.841 0 0 0 0 0 0 0 0 0 0 1000 
10 16 100 10 1.94737 0.8938 0.033095 0.098414 0.8782 0.034419 0.097753 17 2 4 6 9 7 23 55 103 248 526 
10 16 100 20 1.9474 0.9757 0.0087082 0.14996 0.9694 0.0086723 0.14916 3 2 0 1 1 2 6 7 23 81 874 
10 16 100 40 1.9474 0.996 0.00054454 0.23891 0.9931 0.0020645 0.23895 0 0 0 0 0 0 0 1 5 27 967 
10 16 100 60 1.9474 0.9978 0.00031548 0.31798 0.9962 0.0011467 0.31047 0 0 0 0 0 0 0 1 2 15 982 
10 16 100 80 1.9474 0.9987 0.00020852 0.38059 0.9978 0.0009361 0.38867 0 0 0 0 0 0 0 1 1 8 990 
10 16 100 100 1.9474 0.9993 6.958e-05 0.44877 0.9981 0.0009073 0.45494 0 0 0 0 0 0 0 0 0 7 993 
10 16 100 120 1.9474 0.9996 3.988e-05 0.51079 0.9987 0.00024856 0.5104 0 0 0 0 0 0 0 0 0 4 996 
10 16 100 200 1.9474 0.9999 1e-05 0.75179 0.9994 5.97e-05 0.71386 0 0 0 0 0 0 0 0 0 1 999 
10 16 100 400 1.9474 0.9999 1e-05 1.3242 0.9998 1.998e-05 1.3317 0 0 0 0 0 0 0 0 0 1 999 
10 16 100 600 1.9474 1 0 2.0418 0.9999 1e-05 2.0379 0 0 0 0 0 0 0 0 0 0 1000 
10 16 100 800 1.9474 1 0 2.858 0.9999 1e-05 2.857 0 0 0 0 0 0 0 0 0 0 1000 
10 16 100 1000 1.9474 1 0 3.7721 0.9999 1e-05 3.7844 0 0 0 0 0 0 0 0 0 0 1000 
10 16 100 1200 1.9474 1 0 5.0513 0.9999 1e-05 4.8061 0 0 0 0 0 0 0 0 0 0 1000 
10 16 100 1500 1.9474 1 0 6.5933 0.9999 1e-05 6.6065 0 0 0 0 0 0 0 0 0 0 1000 
10 16 100 2000 1.9474 1 0 10.174 0.9999 1e-05 10.151 0 0 0 0 0 0 0 0 0 0 1000 
10 16 500 10 6.17085 0.904 0.021906 0.11256 0.8905 0.025025 0.11098 5 2 2 4 6 9 26 62 116 245 523 
10 16 500 20 6.1709 0.9818 0.0050138 0.17658 0.9756 0.0056503 0.1755 2 0 0 1 1 0 3 4 20 85 884 
10 16 500 40 6.1709 0.997 0.00049149 0.28672 0.996 0.0005045 0.28443 0 0 0 0 0 0 1 1 1 21 976 
10 16 500 60 6.1709 0.9984 0.00033778 0.3764 0.9989 0.0001089 0.37247 0 0 0 0 0 0 1 1 0 9 989 
10 16 500 80 6.1709 0.9996 3.988e-05 0.46127 0.9994 5.97e-05 0.46173 0 0 0 0 0 0 0 0 0 4 996 
10 16 500 100 6.1709 0.9996 3.988e-05 0.54625 0.9998 1.998e-05 0.54929 0 0 0 0 0 0 0 0 0 4 996 
10 16 500 120 6.1709 0.9996 3.988e-05 0.62795 0.9998 1.998e-05 0.63387 0 0 0 0 0 0 0 0 0 4 996 
10 16 500 200 6.1709 0.9999 1e-05 1.0339 0.9999 1e-05 0.9741 0 0 0 0 0 0 0 0 0 1 999 
10 16 500 400 6.1709 0.9999 1e-05 1.7389 1 0 1.7097 0 0 0 0 0 0 0 0 0 1 999 
10 16 500 600 6.1709 1 0 2.516 1 0 2.4356 0 0 0 0 0 0 0 0 0 0 1000 
10 16 500 800 6.1709 1 0 3.4145 1 0 3.2995 0 0 0 0 0 0 0 0 0 0 1000 
10 16 500 1000 6.1709 1 0 4.3483 1 0 4.3093 0 0 0 0 0 0 0 0 0 0 1000 
10 16 500 1200 6.1709 1 0 5.4196 1 0 5.4488 0 0 0 0 0 0 0 0 0 0 1000 
10 16 500 1500 6.1709 1 0 7.3175 1 0 7.3632 0 0 0 0 0 0 0 0 0 0 1000 
10 16 500 2000 6.1709 1 0 11.091 1 0 11.163 0 0 0 0 0 0 0 0 0 0 1000 
10 24 100 10 2.1046 0.9057 0.029547 0.10006 0.8969 0.02977 0.10051 17 2 3 2 3 8 24 41 94 252 554 
10 24 100 20 2.1046 0.9762 0.0093229 0.15567 0.9736 0.0084915 0.15489 4 1 3 0 1 1 2 6 20 88 874 
10 24 100 40 2.1046 0.9957 0.0008924 0.24425 0.9927 0.0017985 0.24619 0 0 0 0 0 1 2 0 2 26 969 
10 24 100 60 2.1046 0.9976 0.00043467 0.31696 0.9957 0.00087238 0.31953 0 0 0 0 0 0 1 1 1 15 982 
10 24 100 80 2.1046 0.9987 0.0001885 0.39204 0.9976 0.00047471 0.39233 0 0 0 0 0 0 0 1 0 10 989 
10 24 100 100 2.1046 0.999 0.00015916 0.46153 0.9984 0.00027772 0.46344 0 0 0 0 0 0 0 1 0 7 992 
10 24 100 120 2.1046 0.9991 0.00014934 0.52699 0.9987 0.0001885 0.5297 0 0 0 0 0 0 0 1 0 6 993 
10 24 100 200 2.1046 0.9996 3.988e-05 0.769 0.9992 9.9459e-05 0.76091 0 0 0 0 0 0 0 0 0 4 996 
10 24 100 400 2.1046 0.9999 1e-05 1.3999 0.9996 3.988e-05 1.4104 0 0 0 0 0 0 0 0 0 1 999 
10 24 100 600 2.1046 1 0 2.148 0.9998 1.998e-05 2.1535 0 0 0 0 0 0 0 0 0 0 1000 
10 24 100 800 2.1046 1 0 3.197 0.9998 1.998e-05 2.9836 0 0 0 0 0 0 0 0 0 0 1000 
10 24 100 1000 2.1046 1 0 3.9891 0.9998 1.998e-05 3.9397 0 0 0 0 0 0 0 0 0 0 1000 
10 24 100 1200 2.1046 1 0 4.9659 0.9998 1.998e-05 5.0228 0 0 0 0 0 0 0 0 0 0 1000 
10 24 100 1500 2.1046 1 0 6.8019 0.9999 1e-05 6.821 0 0 0 0 0 0 0 0 0 0 1000 
10 24 100 2000 2.1046 1 0 10.405 0.9999 1e-05 10.441 0 0 0 0 0 0 0 0 0 0 1000 
10 24 500 10 6.50599 0.9274 0.013843 0.11799 0.9134 0.018259 0.11675 1 1 1 3 2 7 18 39 95 252 581 
10 24 500 20 6.506 0.987 0.002013 0.18977 0.9822 0.0044676 0.19245 0 0 0 0 0 1 2 3 13 82 899 
10 24 500 40 6.506 0.9982 0.00035712 0.3172 0.9974 0.00043367 0.31552 0 0 0 0 0 0 1 1 0 11 987 
10 24 500 60 6.506 0.9989 0.00022902 0.42147 0.9985 0.00022798 0.41699 0 0 0 0 0 0 1 0 0 7 992 
10 24 500 80 6.506 0.9997 2.994e-05 0.51198 0.9989 0.00018898 0.51506 0 0 0 0 0 0 0 0 0 3 997 
10 24 500 100 6.506 0.9999 1e-05 0.61019 0.9995 6.982e-05 0.61576 0 0 0 0 0 0 0 0 0 1 999 
10 24 500 120 6.506 0.9999 1e-05 0.71114 0.9995 6.982e-05 0.69982 0 0 0 0 0 0 0 0 0 1 999 
10 24 500 200 6.506 0.9999 1e-05 1.0046 0.9998 1.998e-05 1.0069 0 0 0 0 0 0 0 0 0 1 999 
10 24 500 400 6.506 1 0 1.7421 1 0 1.7259 0 0 0 0 0 0 0 0 0 0 1000 
10 24 500 600 6.506 1 0 2.7751 1 0 2.6369 0 0 0 0 0 0 0 0 0 0 1000 
10 24 500 800 6.506 1 0 3.9349 1 0 4.1058 0 0 0 0 0 0 0 0 0 0 1000 
10 24 500 1000 6.506 1 0 5.2728 1 0 4.8043 0 0 0 0 0 0 0 0 0 0 1000 
10 24 500 1200 6.506 1 0 5.3161 1 0 5.32 0 0 0 0 0 0 0 0 0 0 1000 
10 24 500 1500 6.506 1 0 7.1829 1 0 7.1831 0 0 0 0 0 0 0 0 0 0 1000 
10 24 500 2000 6.506 1 0 10.914 1 0 10.967 0 0 0 0 0 0 0 0 0 0 1000 
10 36 100 10 2.05114 0.9168 0.023521 0.11418 0.9006 0.026686 0.11307 10 0 3 7 5 5 13 41 98 233 585 
10 36 100 20 2.0511 0.9797 0.007085 0.16746 0.9718 0.010335 0.16824 3 1 0 1 1 0 5 7 15 80 887 
10 36 100 40 2.0511 0.9954 0.0015604 0.26313 0.993 0.0027137 0.26489 0 1 0 0 1 0 0 1 2 24 971 
10 36 100 60 2.0511 0.9982 0.00025702 0.34549 0.9966 0.0014899 0.34571 0 0 0 0 0 0 0 1 1 13 985 
10 36 100 80 2.0511 0.9988 0.00019876 0.43403 0.9973 0.0014241 0.42182 0 0 0 0 0 0 0 1 1 7 991 
10 36 100 100 2.0511 0.9991 0.00014934 0.49914 0.9976 0.0013956 0.48948 0 0 0 0 0 0 0 1 0 6 993 
10 36 100 120 2.0511 0.9991 0.00014934 0.559 0.9979 0.0012468 0.55368 0 0 0 0 0 0 0 1 0 6 993 
10 36 100 200 2.0511 0.9995 4.98e-05 0.78733 0.9995 6.982e-05 0.79053 0 0 0 0 0 0 0 0 0 5 995 
10 36 100 400 2.0511 0.9997 2.994e-05 1.4369 0.9999 1e-05 1.4519 0 0 0 0 0 0 0 0 0 3 997 
10 36 100 600 2.0511 0.9998 1.998e-05 2.176 1 0 2.19 0 0 0 0 0 0 0 0 0 2 998 
10 36 100 800 2.0511 0.9999 1e-05 3.0132 1 0 3.0444 0 0 0 0 0 0 0 0 0 1 999 
10 36 100 1000 2.0511 1 0 4.0355 1 0 4.008 0 0 0 0 0 0 0 0 0 0 1000 
10 36 100 1200 2.0511 1 0 5.0389 1 0 5.0778 0 0 0 0 0 0 0 0 0 0 1000 
10 36 100 1500 2.0511 1 0 6.8917 1 0 6.9067 0 0 0 0 0 0 0 0 0 0 1000 
10 36 100 2000 2.0511 1 0 10.483 1 0 10.558 0 0 0 0 0 0 0 0 0 0 1000 
10 36 500 10 6.91591 0.9306 0.01642 0.13552 0.9169 0.017242 0.13573 5 1 2 2 2 4 15 36 87 231 615 
10 36 500 20 6.9159 0.9888 0.0017363 0.2083 0.9811 0.0050578 0.20881 0 0 0 0 0 0 2 5 10 69 914 
10 36 500 40 6.9159 0.9985 0.0001479 0.33648 0.997 0.0010921 0.33689 0 0 0 0 0 0 0 0 0 15 985 
10 36 500 60 6.9159 0.9992 7.9439e-05 0.44751 0.9992 9.9459e-05 0.45156 0 0 0 0 0 0 0 0 0 8 992 
10 36 500 80 6.9159 0.9994 5.97e-05 0.55229 0.9996 5.99e-05 0.55381 0 0 0 0 0 0 0 0 0 6 994 
10 36 500 100 6.9159 0.9996 3.988e-05 0.6494 0.9996 5.99e-05 0.65532 0 0 0 0 0 0 0 0 0 4 996 
10 36 500 120 6.9159 0.9997 2.994e-05 0.7452 0.9996 5.99e-05 0.75956 0 0 0 0 0 0 0 0 0 3 997 
10 36 500 200 6.9159 0.9999 1e-05 1.1057 0.9999 1e-05 1.1153 0 0 0 0 0 0 0 0 0 1 999 
10 36 500 400 6.9159 1 0 1.9342 1 0 1.9268 0 0 0 0 0 0 0 0 0 0 1000 
10 36 500 600 6.9159 1 0 2.6853 1 0 2.6637 0 0 0 0 0 0 0 0 0 0 1000 
10 36 500 800 6.9159 1 0 3.5998 1 0 3.6334 0 0 0 0 0 0 0 0 0 0 1000 
10 36 500 1000 6.9159 1 0 4.6833 1 0 4.7124 0 0 0 0 0 0 0 0 0 0 1000 
10 36 500 1200 6.9159 1 0 5.8902 1 0 5.9055 0 0 0 0 0 0 0 0 0 0 1000 
10 36 500 1500 6.9159 1 0 7.8847 1 0 7.9269 0 0 0 0 0 0 0 0 0 0 1000 
10 36 500 2000 6.9159 1 0 11.773 1 0 12.054 0 0 0 0 0 0 0 0 0 0 1000 
10 48 100 10 2.14264 0.9138 0.024014 0.1127 0.9112 0.024099 0.11174 8 2 6 4 2 8 20 48 82 248 572 
10 48 100 20 2.1426 0.9801 0.0064805 0.1678 0.978 0.0065826 0.16591 3 1 0 0 0 3 2 6 13 93 879 
10 48 100 40 2.1426 0.9958 0.0015639 0.2606 0.9937 0.0024528 0.26283 1 0 0 0 0 0 1 1 4 17 976 
10 48 100 60 2.1426 0.9973 0.001304 0.34232 0.9961 0.0019367 0.34898 1 0 0 0 0 0 1 0 1 11 986 
10 48 100 80 2.1426 0.9988 0.00025882 0.4301 0.9975 0.0010848 0.43069 0 0 0 0 0 0 1 0 1 6 992 
10 48 100 100 2.1426 0.9991 0.00022942 0.5057 0.9978 0.0010162 0.50314 0 0 0 0 0 0 1 0 1 3 995 
10 48 100 120 2.1426 0.9992 0.00021958 0.57362 0.9983 0.000888 0.56729 0 0 0 0 0 0 1 0 1 2 996 
10 48 100 200 2.1426 0.9996 3.988e-05 0.9278 0.9995 4.98e-05 1.0071 0 0 0 0 0 0 0 0 0 4 996 
10 48 100 400 2.1426 0.9999 1e-05 1.5364 0.9998 1.998e-05 1.721 0 0 0 0 0 0 0 0 0 1 999 
10 48 100 600 2.1426 1 0 2.2724 0.9999 1e-05 2.0061 0 0 0 0 0 0 0 0 0 0 1000 
10 48 100 800 2.1426 1 0 2.7875 0.9999 1e-05 2.8126 0 0 0 0 0 0 0 0 0 0 1000 
10 48 100 1000 2.1426 1 0 3.7968 0.9999 1e-05 3.7937 0 0 0 0 0 0 0 0 0 0 1000 
10 48 100 1200 2.1426 1 0 4.7336 0.9999 1e-05 4.763 0 0 0 0 0 0 0 0 0 0 1000 
10 48 100 1500 2.1426 1 0 6.4771 1 0 6.5494 0 0 0 0 0 0 0 0 0 0 1000 
10 48 100 2000 2.1426 1 0 9.9833 1 0 10.06 0 0 0 0 0 0 0 0 0 0 1000 
10 48 500 10 7.25056 0.932 0.011908 0.14467 0.9246 0.016511 0.14349 0 1 0 2 2 6 15 46 90 237 601 
10 48 500 20 7.2506 0.9903 0.0012772 0.22029 0.9852 0.0046256 0.22085 0 0 0 0 0 0 2 1 5 76 916 
10 48 500 40 7.2506 0.9986 0.0001582 0.34318 0.9962 0.0013069 0.34173 0 0 0 0 0 0 0 0 1 12 987 
10 48 500 60 7.2506 0.9994 5.97e-05 0.45335 0.9988 0.00017874 0.45811 0 0 0 0 0 0 0 0 0 6 994 
10 48 500 80 7.2506 0.9996 3.988e-05 0.61009 0.9992 0.0001395 0.5628 0 0 0 0 0 0 0 0 0 4 996 
10 48 500 100 7.2506 0.9998 1.998e-05 0.65826 0.9996 3.988e-05 0.66422 0 0 0 0 0 0 0 0 0 2 998 
10 48 500 120 7.2506 0.9999 1e-05 0.72952 0.9996 3.988e-05 0.70747 0 0 0 0 0 0 0 0 0 1 999 
10 48 500 200 7.2506 1 0 1.0885 0.9999 1e-05 1.0312 0 0 0 0 0 0 0 0 0 0 1000 
10 48 500 400 7.2506 1 0 1.8219 1 0 1.8407 0 0 0 0 0 0 0 0 0 0 1000 
10 48 500 600 7.2506 1 0 2.9025 1 0 2.7183 0 0 0 0 0 0 0 0 0 0 1000 
10 48 500 800 7.2506 1 0 3.7129 1 0 3.7206 0 0 0 0 0 0 0 0 0 0 1000 
10 48 500 1000 7.2506 1 0 4.861 1 0 4.8065 0 0 0 0 0 0 0 0 0 0 1000 
10 48 500 1200 7.2506 1 0 5.9539 1 0 6.0095 0 0 0 0 0 0 0 0 0 0 1000 
10 48 500 1500 7.2506 1 0 8.0093 1 0 8.0451 0 0 0 0 0 0 0 0 0 0 1000 
10 48 500 2000 7.2506 1 0 11.907 1 0 12.011 0 0 0 0 0 0 0 0 0 0 1000 
10 64 100 10 3.75869 0.9819 0.005628 0.23794 0.9798 0.0041361 0.24437 2 1 1 0 0 0 4 3 20 79 890 
10 64 100 20 3.7587 0.998 0.00027628 0.35545 0.997 0.00031131 0.35377 0 0 0 0 0 0 0 1 1 15 983 
10 64 100 40 3.7587 0.9998 1.998e-05 0.49402 0.999 9.9099e-05 0.47841 0 0 0 0 0 0 0 0 0 2 998 
10 64 100 60 3.7587 1 0 0.57044 0.9993 6.958e-05 0.57685 0 0 0 0 0 0 0 0 0 0 1000 
10 64 100 80 3.7587 1 0 0.67697 0.9998 1.998e-05 0.68611 0 0 0 0 0 0 0 0 0 0 1000 
10 64 100 100 3.7587 1 0 0.83519 0.9999 1e-05 0.84451 0 0 0 0 0 0 0 0 0 0 1000 
10 64 100 120 3.7587 1 0 0.87631 1 0 0.89099 0 0 0 0 0 0 0 0 0 0 1000 
10 64 100 200 3.7587 1 0 1.2412 1 0 1.2633 0 0 0 0 0 0 0 0 0 0 1000 
10 64 100 400 3.7587 1 0 2.1318 1 0 2.1496 0 0 0 0 0 0 0 0 0 0 1000 
10 64 100 600 3.7587 1 0 3.0719 1 0 3.1122 0 0 0 0 0 0 0 0 0 0 1000 
10 64 100 800 3.7587 1 0 4.1194 1 0 4.1581 0 0 0 0 0 0 0 0 0 0 1000 
10 64 100 1000 3.7587 1 0 6.1697 1 0 6.1982 0 0 0 0 0 0 0 0 0 0 1000 
10 64 100 1200 3.7587 1 0 7.5513 1 0 7.58 0 0 0 0 0 0 0 0 0 0 1000 
10 64 100 1500 3.7587 1 0 9.1485 1 0 8.3552 0 0 0 0 0 0 0 0 0 0 1000 
10 64 100 2000 3.7587 1 0 12.059 1 0 12.242 0 0 0 0 0 0 0 0 0 0 1000 
10 64 500 10 7.06622 0.9318 0.013943 0.1409 0.9261 0.013022 0.14128 1 1 1 1 8 8 15 30 78 254 603 
10 64 500 20 7.0662 0.9897 0.0016856 0.2167 0.9823 0.004241 0.2165 0 0 0 0 1 0 1 2 11 65 920 
10 64 500 40 7.0662 0.9981 0.000607 0.34515 0.9969 0.00044083 0.34666 0 0 0 0 1 0 1 0 0 9 989 
10 64 500 60 7.0662 0.9992 0.00019956 0.45704 0.9987 0.0001885 0.46144 0 0 0 0 0 0 1 0 0 4 995 
10 64 500 80 7.0662 0.9992 0.00019956 0.56485 0.9997 2.994e-05 0.56806 0 0 0 0 0 0 1 0 0 4 995 
10 64 500 100 7.0662 0.9995 0.00016992 0.66373 0.9998 1.998e-05 0.67057 0 0 0 0 0 0 1 0 0 1 998 
10 64 500 120 7.0662 0.9999 1e-05 0.75926 0.9998 1.998e-05 0.71671 0 0 0 0 0 0 0 0 0 1 999 
10 64 500 200 7.0662 0.9999 1e-05 1.0411 0.9998 1.998e-05 1.0702 0 0 0 0 0 0 0 0 0 1 999 
10 64 500 400 7.0662 1 0 1.8112 1 0 1.8462 0 0 0 0 0 0 0 0 0 0 1000 
10 64 500 600 7.0662 1 0 2.682 1 0 2.7076 0 0 0 0 0 0 0 0 0 0 1000 
10 64 500 800 7.0662 1 0 3.6459 1 0 3.6899 0 0 0 0 0 0 0 0 0 0 1000 
10 64 500 1000 7.0662 1 0 4.7374 1 0 4.8167 0 0 0 0 0 0 0 0 0 0 1000 
10 64 500 1200 7.0662 1 0 5.9776 1 0 6.0019 0 0 0 0 0 0 0 0 0 0 1000 
10 64 500 1500 7.0662 1 0 7.9658 1 0 8.0476 0 0 0 0 0 0 0 0 0 0 1000 
10 64 500 2000 7.0662 1 0 11.897 1 0 11.978 0 0 0 0 0 0 0 0 0 0 1000 
10 96 100 10 4.32664 0.9924 0.0031053 0.28679 0.9915 0.0024202 0.29367 2 0 0 0 0 0 3 2 6 26 961 
10 96 100 20 4.3266 0.9979 0.00036596 0.42334 0.9982 0.0004372 0.42873 0 0 0 0 0 0 1 0 2 13 984 
10 96 100 40 4.3266 0.999 0.00023924 0.60979 0.9996 3.988e-05 0.61677 0 0 0 0 0 0 1 0 1 4 994 
10 96 100 60 4.3266 0.9993 0.00020972 0.76379 0.9998 1.998e-05 0.7763 0 0 0 0 0 0 1 0 1 1 997 
10 96 100 80 4.3266 0.9996 0.00016 0.90391 1 0 0.91156 0 0 0 0 0 0 1 0 0 0 999 
10 96 100 100 4.3266 0.9996 0.00016 1.0199 1 0 1.0053 0 0 0 0 0 0 1 0 0 0 999 
10 96 100 120 4.3266 0.9996 0.00016 1.0899 1 0 1.1083 0 0 0 0 0 0 1 0 0 0 999 
10 96 100 200 4.3266 1 0 1.5184 1 0 1.5399 0 0 0 0 0 0 0 0 0 0 1000 
10 96 100 400 4.3266 1 0 2.5265 1 0 2.5654 0 0 0 0 0 0 0 0 0 0 1000 
10 96 100 600 4.3266 1 0 3.5639 1 0 3.6302 0 0 0 0 0 0 0 0 0 0 1000 
10 96 100 800 4.3266 1 0 4.691 1 0 4.7818 0 0 0 0 0 0 0 0 0 0 1000 
10 96 100 1000 4.3266 1 0 5.9131 1 0 5.9889 0 0 0 0 0 0 0 0 0 0 1000 
10 96 100 1200 4.3266 1 0 7.2511 1 0 7.3471 0 0 0 0 0 0 0 0 0 0 1000 
10 96 100 1500 4.3266 1 0 9.4407 1 0 9.524 0 0 0 0 0 0 0 0 0 0 1000 
10 96 100 2000 4.3266 1 0 13.648 1 0 13.841 0 0 0 0 0 0 0 0 0 0 1000 
10 96 500 10 7.38553 0.9283 0.014804 0.13284 0.9189 0.01757 0.13237 2 0 1 3 6 8 15 40 77 258 590 
10 96 500 20 7.3855 0.9882 0.0023431 0.22368 0.9843 0.0033068 0.22532 1 0 0 0 0 0 0 3 11 77 908 
10 96 500 40 7.3855 0.999 9.9099e-05 0.33334 0.9968 0.0010708 0.33508 0 0 0 0 0 0 0 0 0 10 990 
10 96 500 60 7.3855 0.9994 5.97e-05 0.44525 0.9981 0.0009073 0.44765 0 0 0 0 0 0 0 0 0 6 994 
10 96 500 80 7.3855 0.9997 2.994e-05 0.55015 0.9997 2.994e-05 0.5534 0 0 0 0 0 0 0 0 0 3 997 
10 96 500 100 7.3855 0.9998 1.998e-05 0.64945 0.9998 1.998e-05 0.6526 0 0 0 0 0 0 0 0 0 2 998 
10 96 500 120 7.3855 1 0 0.75588 0.9999 1e-05 0.74518 0 0 0 0 0 0 0 0 0 0 1000 
10 96 500 200 7.3855 1 0 1.1017 0.9999 1e-05 1.1086 0 0 0 0 0 0 0 0 0 0 1000 
10 96 500 400 7.3855 1 0 1.9577 1 0 1.9234 0 0 0 0 0 0 0 0 0 0 1000 
10 96 500 600 7.3855 1 0 2.703 1 0 2.7203 0 0 0 0 0 0 0 0 0 0 1000 
10 96 500 800 7.3855 1 0 3.6762 1 0 3.7094 0 0 0 0 0 0 0 0 0 0 1000 
10 96 500 1000 7.3855 1 0 4.8837 1 0 4.8095 0 0 0 0 0 0 0 0 0 0 1000 
10 96 500 1200 7.3855 1 0 5.9571 1 0 6.0064 0 0 0 0 0 0 0 0 0 0 1000 
10 96 500 1500 7.3855 1 0 7.9874 1 0 8.0225 0 0 0 0 0 0 0 0 0 0 1000 
10 96 500 2000 7.3855 1 0 11.992 1 0 12.011 0 0 0 0 0 0 0 0 0 0 1000 
