k probes k_factor build_time recall var_recall query_time val_recall val_var_recall val_query_time r0 r1 r2 r3 r4 r5 r6 r7 r8 r9 r10
10 1 1 5.71878 0.3317 0.032237 0.23878 0.3415 0.03206 0.24088 41 120 201 201 171 141 88 25 8 4 0 
10 1 2 5.7188 0.4042 0.048611 0.2614 0.4106 0.048076 0.25886 31 92 154 173 144 140 121 71 47 22 5 
10 1 3 5.7188 0.4245 0.055305 0.26262 0.4325 0.054488 0.24773 31 87 142 171 130 143 117 69 62 35 13 
10 1 4 5.7188 0.4327 0.05926 0.25314 0.4391 0.056838 0.25097 31 87 139 167 131 136 116 70 58 43 22 
10 1 5 5.7188 0.4356 0.060693 0.25669 0.4407 0.057431 0.25871 31 87 136 168 133 132 114 72 59 39 29 
10 1 8 5.7188 0.4362 0.060971 0.27163 0.4416 0.058007 0.26726 31 87 135 169 133 131 114 72 59 39 30 
10 1 10 5.7188 0.4362 0.060971 0.26424 0.4416 0.058007 0.26295 31 87 135 169 133 131 114 72 59 39 30 
10 1 12 5.7188 0.4362 0.060971 0.26998 0.4416 0.058007 0.26536 31 87 135 169 133 131 114 72 59 39 30 
10 1 20 5.7188 0.4362 0.060971 0.26667 0.4416 0.058007 0.26561 31 87 135 169 133 131 114 72 59 39 30 
10 1 25 5.7188 0.4362 0.060971 0.27254 0.4416 0.058007 0.26994 31 87 135 169 133 131 114 72 59 39 30 
10 1 50 5.7188 0.4362 0.060971 0.27571 0.4416 0.058007 0.276 31 87 135 169 133 131 114 72 59 39 30 
10 1 75 5.7188 0.4362 0.060971 0.28249 0.4416 0.058007 0.28087 31 87 135 169 133 131 114 72 59 39 30 
10 1 100 5.7188 0.4362 0.060971 0.28862 0.4416 0.058007 0.288 31 87 135 169 133 131 114 72 59 39 30 
10 1 250 5.7188 0.4362 0.060971 0.32256 0.4416 0.058007 0.32162 31 87 135 169 133 131 114 72 59 39 30 
10 1 500 5.7188 0.4362 0.060971 0.38854 0.4416 0.058007 0.38181 31 87 135 169 133 131 114 72 59 39 30 
10 2 1 5.7188 0.4105 0.028809 0.24171 0.4155 0.028398 0.23806 11 50 119 183 234 180 153 52 13 4 1 
10 2 2 5.7188 0.5447 0.039371 0.25011 0.5398 0.041938 0.24509 3 23 50 97 142 183 181 173 90 47 11 
10 2 3 5.7188 0.5938 0.045927 0.26715 0.5917 0.047368 0.26521 3 21 37 75 122 156 165 170 121 98 32 
10 2 4 5.7188 0.6189 0.050703 0.25585 0.6157 0.050194 0.25411 3 20 34 71 109 141 159 155 127 118 63 
10 2 5 5.7188 0.6292 0.051879 0.2635 0.6274 0.052061 0.25718 3 20 31 69 104 137 146 170 124 116 80 
10 2 8 5.7188 0.6395 0.053904 0.27239 0.635 0.053549 0.27456 3 19 28 70 102 135 138 161 124 120 100 
10 2 10 5.7188 0.6402 0.053938 0.28109 0.6355 0.053703 0.27855 3 19 28 69 102 136 137 160 124 122 100 
10 2 12 5.7188 0.6405 0.054024 0.29337 0.6358 0.053852 0.28832 3 19 28 69 102 136 136 160 125 121 101 
10 2 20 5.7188 0.6405 0.054024 0.30404 0.6359 0.053855 0.29735 3 19 28 69 102 136 136 160 125 121 101 
10 2 25 5.7188 0.6405 0.054024 0.30066 0.6359 0.053855 0.29992 3 19 28 69 102 136 136 160 125 121 101 
10 2 50 5.7188 0.6405 0.054024 0.31387 0.6359 0.053855 0.30843 3 19 28 69 102 136 136 160 125 121 101 
10 2 75 5.7188 0.6405 0.054024 0.31446 0.6359 0.053855 0.3128 3 19 28 69 102 136 136 160 125 121 101 
10 2 100 5.7188 0.6405 0.054024 0.32278 0.6359 0.053855 0.32137 3 19 28 69 102 136 136 160 125 121 101 
10 2 250 5.7188 0.6405 0.054024 0.3577 0.6359 0.053855 0.35755 3 19 28 69 102 136 136 160 125 121 101 
10 2 500 5.7188 0.6405 0.054024 0.42071 0.6359 0.053855 0.4189 3 19 28 69 102 136 136 160 125 121 101 
10 4 1 5.7188 0.4508 0.024344 0.24754 0.4546 0.023923 0.23949 4 16 85 148 252 220 184 69 16 5 1 
10 4 2 5.7188 0.625 0.030125 0.24609 0.6242 0.031546 0.24437 1 4 12 47 103 151 209 228 156 74 15 
10 4 3 5.7188 0.7067 0.030135 0.25237 0.7104 0.032644 0.25055 1 2 5 27 49 91 166 219 218 170 52 
10 4 4 5.7188 0.7533 0.03072 0.25805 0.7555 0.033703 0.25505 0 3 3 13 43 69 128 189 209 225 118 
10 4 5 5.7188 0.7789 0.030675 0.26242 0.7834 0.033758 0.26 0 3 3 10 36 59 102 171 214 230 172 
10 4 8 5.7188 0.8121 0.030854 0.27943 0.8152 0.034223 0.27545 0 3 2 9 25 58 77 133 198 230 265 
10 4 10 5.7188 0.8194 0.030915 0.2864 0.8203 0.034132 0.28586 0 3 2 8 25 55 78 120 187 236 286 
10 4 12 5.7188 0.8222 0.031018 0.29693 0.8227 0.034289 0.29373 0 3 2 8 25 54 77 118 178 241 294 
10 4 20 5.7188 0.8236 0.031014 0.33264 0.8241 0.034464 0.32685 0 3 2 8 24 54 77 118 175 239 300 
10 4 25 5.7188 0.8236 0.031014 0.34407 0.8241 0.034464 0.34261 0 3 2 8 24 54 77 118 175 239 300 
10 4 50 5.7188 0.8236 0.031014 0.36739 0.8241 0.034464 0.3661 0 3 2 8 24 54 77 118 175 239 300 
10 4 75 5.7188 0.8236 0.031014 0.37562 0.8241 0.034464 0.37073 0 3 2 8 24 54 77 118 175 239 300 
10 4 100 5.7188 0.8236 0.031014 0.38788 0.8241 0.034464 0.38299 0 3 2 8 24 54 77 118 175 239 300 
10 4 250 5.7188 0.8236 0.031014 0.42439 0.8241 0.034464 0.42234 0 3 2 8 24 54 77 118 175 239 300 
10 4 500 5.7188 0.8236 0.031014 0.48874 0.8241 0.034464 0.48768 0 3 2 8 24 54 77 118 175 239 300 
10 8 1 5.7188 0.4622 0.023074 0.24421 0.4646 0.02307 0.24155 2 11 75 139 244 232 199 77 15 5 1 
10 8 2 5.7188 0.6523 0.026862 0.24979 0.6546 0.027346 0.24759 0 1 9 29 81 140 202 247 183 92 16 
10 8 3 5.7188 0.7496 0.023563 0.2576 0.7576 0.024246 0.25323 0 0 2 13 18 68 146 220 245 215 73 
10 8 4 5.7188 0.8128 0.020617 0.26096 0.8196 0.021237 0.25876 0 0 0 5 9 36 88 156 250 283 173 
10 8 5 5.7188 0.8492 0.018618 0.26587 0.8567 0.019234 0.26499 0 0 0 4 3 23 63 120 216 303 268 
10 8 8 5.7188 0.909 0.013553 0.28169 0.9092 0.015251 0.27951 0 0 0 2 5 5 25 61 136 286 480 
10 8 10 5.7188 0.9243 0.012192 0.29518 0.9223 0.013927 0.29983 0 0 0 1 4 5 20 51 113 242 564 
10 8 12 5.7188 0.9321 0.011551 0.30155 0.9307 0.01296 0.29894 0 0 0 1 4 5 17 43 106 214 610 
10 8 20 5.7188 0.9409 0.010768 0.33839 0.939 0.012091 0.3366 0 0 0 1 4 3 17 38 90 183 664 
10 8 25 5.7188 0.9412 0.010753 0.37147 0.9397 0.012046 0.36048 0 0 0 1 4 3 17 38 89 182 666 
10 8 50 5.7188 0.9414 0.010757 0.45931 0.9401 0.012054 0.45706 0 0 0 1 4 3 17 38 89 180 668 
10 8 75 5.7188 0.9414 0.010757 0.49065 0.9401 0.012054 0.48858 0 0 0 1 4 3 17 38 89 180 668 
10 8 100 5.7188 0.9414 0.010757 0.50155 0.9401 0.012054 0.4993 0 0 0 1 4 3 17 38 89 180 668 
10 8 250 5.7188 0.9414 0.010757 0.55024 0.9401 0.012054 0.54634 0 0 0 1 4 3 17 38 89 180 668 
10 8 500 5.7188 0.9414 0.010757 0.62146 0.9401 0.012054 0.61749 0 0 0 1 4 3 17 38 89 180 668 
10 16 1 5.7188 0.4643 0.022778 0.255 0.4663 0.022657 0.24962 2 10 70 141 243 234 200 79 15 5 1 
10 16 2 5.7188 0.6577 0.026047 0.25704 0.6598 0.02579 0.25564 0 2 3 26 84 136 199 246 194 93 17 
10 16 3 5.7188 0.7591 0.022279 0.26214 0.7662 0.021779 0.25964 0 0 2 4 20 65 137 218 244 230 80 
10 16 4 5.7188 0.8269 0.017744 0.26837 0.8324 0.017848 0.2663 0 0 0 0 6 27 74 151 262 287 193 
10 16 5 5.7188 0.868 0.014931 0.27301 0.8723 0.015238 0.27189 0 0 0 0 0 14 46 114 199 326 301 
10 16 8 5.7188 0.936 0.0082322 0.28841 0.934 0.0092132 0.29255 0 0 0 0 0 2 12 34 102 276 574 
10 16 10 5.7188 0.956 0.0061502 0.29888 0.9506 0.007387 0.29657 0 0 0 0 0 2 7 20 62 218 691 
10 16 12 5.7188 0.9668 0.0047225 0.30987 0.9625 0.0055893 0.37967 0 0 0 0 0 0 5 16 47 170 762 
10 16 20 5.7188 0.9829 0.0025201 0.39973 0.9782 0.0034282 0.37868 0 0 0 0 0 0 0 11 22 94 873 
10 16 25 5.7188 0.9846 0.0022451 0.41346 0.9811 0.0031159 0.40969 0 0 0 0 0 0 0 9 20 87 884 
10 16 50 5.7188 0.9857 0.0021276 0.56785 0.9827 0.0029336 0.56576 0 0 0 0 0 0 0 9 18 80 893 
10 16 75 5.7188 0.9857 0.0021276 0.72015 0.9827 0.0029336 0.71297 0 0 0 0 0 0 0 9 18 80 893 
10 16 100 5.7188 0.9857 0.0021276 0.83797 0.9827 0.0029336 0.83601 0 0 0 0 0 0 0 9 18 80 893 
10 16 250 5.7188 0.9857 0.0021276 0.92527 0.9827 0.0029336 0.85112 0 0 0 0 0 0 0 9 18 80 893 
10 16 500 5.7188 0.9857 0.0021276 0.92625 0.9827 0.0029336 0.92145 0 0 0 0 0 0 0 9 18 80 893 
10 32 1 5.7188 0.4645 0.022793 0.26549 0.4664 0.022634 0.26316 2 10 71 138 245 233 201 79 15 5 1 
10 32 2 5.7188 0.658 0.026222 0.27579 0.6601 0.025804 0.26819 0 2 4 25 85 135 196 248 194 94 17 
10 32 3 5.7188 0.7593 0.022336 0.27531 0.7665 0.02185 0.27457 0 0 2 6 19 62 135 223 243 230 80 
10 32 4 5.7188 0.8277 0.01778 0.28158 0.8333 0.017539 0.27898 0 0 0 0 6 27 77 142 263 292 193 
10 32 5 5.7188 0.8704 0.014679 0.28902 0.8745 0.014494 0.28577 0 0 0 0 1 12 46 104 202 330 305 
10 32 8 5.7188 0.9403 0.0074133 0.30626 0.9381 0.0081666 0.31102 0 0 0 0 0 1 10 30 90 282 587 
10 32 10 5.7188 0.9618 0.0049857 0.31962 0.9566 0.0060625 0.31527 0 0 0 0 0 0 5 15 56 205 719 
10 32 12 5.7188 0.974 0.0034074 0.3259 0.9691 0.0044596 0.32371 0 0 0 0 0 0 1 10 38 150 801 
10 32 20 5.7188 0.9916 0.0012307 0.36975 0.989 0.0016607 0.37022 0 0 0 0 0 0 0 4 11 50 935 
10 32 25 5.7188 0.9943 0.00083835 0.40235 0.9929 0.0010206 0.39584 0 0 0 0 0 0 0 3 6 36 955 
10 32 50 5.7188 0.9967 0.00047959 0.53627 0.9963 0.00055687 0.53225 0 0 0 0 0 0 0 1 5 20 974 
10 32 75 5.7188 0.9969 0.00044083 0.67058 0.9963 0.00055687 0.66478 0 0 0 0 0 0 0 1 4 20 975 
10 32 100 5.7188 0.9969 0.00044083 0.80264 0.9963 0.00055687 0.79872 0 0 0 0 0 0 0 1 4 20 975 
10 32 250 5.7188 0.9969 0.00044083 1.3361 0.9963 0.00055687 1.3341 0 0 0 0 0 0 0 1 4 20 975 
10 32 500 5.7188 0.9969 0.00044083 1.4362 0.9963 0.00055687 1.4384 0 0 0 0 0 0 0 1 4 20 975 
10 64 1 5.7188 0.4644 0.022795 0.28717 0.4666 0.022647 0.28731 2 10 71 138 246 232 201 79 15 5 1 
10 64 2 5.7188 0.6582 0.026119 0.29428 0.6603 0.02588 0.29223 0 2 4 24 85 136 196 248 194 94 17 
10 64 3 5.7188 0.7594 0.022234 0.29896 0.7668 0.02182 0.29789 0 0 2 6 17 64 136 222 243 230 80 
10 64 4 5.7188 0.8279 0.017769 0.30715 0.8337 0.017492 0.30727 0 0 0 0 7 25 77 143 262 293 193 
10 64 5 5.7188 0.8709 0.014558 0.31645 0.875 0.01451 0.30975 0 0 0 0 1 11 46 105 199 333 305 
10 64 8 5.7188 0.9408 0.0073027 0.32735 0.9387 0.0081405 0.33011 0 0 0 0 0 1 9 31 87 284 588 
10 64 10 5.7188 0.9624 0.0048311 0.33729 0.9575 0.0060498 0.33587 0 0 0 0 0 0 5 13 55 207 720 
10 64 12 5.7188 0.9749 0.0032633 0.34772 0.97 0.0043844 0.34687 0 0 0 0 0 0 2 8 33 153 804 
10 64 20 5.7188 0.993 0.00097197 0.39193 0.9904 0.0014893 0.39115 0 0 0 0 0 0 0 2 10 44 944 
10 64 25 5.7188 0.9958 0.00052288 0.42422 0.9945 0.00086061 0.41974 0 0 0 0 0 0 0 1 3 33 963 
10 64 50 5.7188 0.9991 0.0001093 0.56136 0.9989 0.00016896 0.56007 0 0 0 0 0 0 0 0 1 7 992 
10 64 75 5.7188 0.9993 8.96e-05 0.69801 0.9991 0.0001093 0.69801 0 0 0 0 0 0 0 0 1 5 994 
10 64 100 5.7188 0.9993 8.96e-05 0.83599 0.9991 0.0001093 0.84611 0 0 0 0 0 0 0 0 1 5 994 
10 64 250 5.7188 0.9993 8.96e-05 1.6371 0.9991 0.0001093 1.6328 0 0 0 0 0 0 0 0 1 5 994 
10 64 500 5.7188 0.9993 8.96e-05 2.431 0.9991 0.0001093 2.4245 0 0 0 0 0 0 0 0 1 5 994 
10 128 1 5.7188 0.4644 0.022795 0.33662 0.4666 0.022647 0.33072 2 10 71 138 246 232 201 79 15 5 1 
10 128 2 5.7188 0.6582 0.026119 0.33866 0.6603 0.02588 0.33639 0 2 4 24 85 136 196 248 194 94 17 
10 128 3 5.7188 0.7595 0.022212 0.34432 0.7668 0.02182 0.3419 0 0 2 6 17 64 135 223 243 230 80 
10 128 4 5.7188 0.8279 0.017769 0.35381 0.8337 0.017492 0.34733 0 0 0 0 7 25 77 143 262 293 193 
10 128 5 5.7188 0.8711 0.014569 0.35426 0.875 0.01451 0.36217 0 0 0 0 1 11 46 105 198 333 306 
10 128 8 5.7188 0.941 0.0072863 0.37386 0.9388 0.0081427 0.36935 0 0 0 0 0 1 9 31 86 284 589 
10 128 10 5.7188 0.9626 0.004806 0.38131 0.9576 0.0060483 0.38057 0 0 0 0 0 0 5 13 54 207 721 
10 128 12 5.7188 0.9751 0.0032332 0.39168 0.9703 0.0043723 0.39089 0 0 0 0 0 0 2 8 32 153 805 
10 128 20 5.7188 0.9932 0.00095471 0.43747 0.9907 0.001465 0.4346 0 0 0 0 0 0 0 2 10 42 946 
10 128 25 5.7188 0.996 0.0005045 0.4645 0.9948 0.00083379 0.46384 0 0 0 0 0 0 0 1 3 31 965 
10 128 50 5.7188 0.9997 2.994e-05 0.60206 0.9994 0.00011976 0.59985 0 0 0 0 0 0 0 0 0 3 997 
10 128 75 5.7188 1 0 0.74517 0.9996 5.99e-05 0.74033 0 0 0 0 0 0 0 0 0 0 1000 
10 128 100 5.7188 1 0 0.88028 0.9998 1.998e-05 0.88141 0 0 0 0 0 0 0 0 0 0 1000 
10 128 250 5.7188 1 0 1.7216 0.9999 1e-05 1.7309 0 0 0 0 0 0 0 0 0 0 1000 
10 128 500 5.7188 1 0 3.1292 0.9999 1e-05 3.1248 0 0 0 0 0 0 0 0 0 0 1000 
10 256 1 5.7188 0.4644 0.022795 0.41848 0.4666 0.022647 0.44682 2 10 71 138 246 232 201 79 15 5 1 
10 256 2 5.7188 0.6582 0.026119 0.4425 0.6603 0.02588 0.44234 0 2 4 24 85 136 196 248 194 94 17 
10 256 3 5.7188 0.7595 0.022212 0.44988 0.7668 0.02182 0.43586 0 0 2 6 17 64 135 223 243 230 80 
10 256 4 5.7188 0.8279 0.017769 0.4357 0.8336 0.017529 0.43306 0 0 0 0 7 25 77 143 262 293 193 
10 256 5 5.7188 0.8711 0.014569 0.43953 0.875 0.01451 0.43792 0 0 0 0 1 11 46 105 198 333 306 
10 256 8 5.7188 0.941 0.0072863 0.45547 0.9388 0.0081427 0.45468 0 0 0 0 0 1 9 31 86 284 589 
10 256 10 5.7188 0.9626 0.004806 0.4697 0.9576 0.0060483 0.46573 0 0 0 0 0 0 5 13 54 207 721 
10 256 12 5.7188 0.9751 0.0032332 0.47692 0.9703 0.0043723 0.47596 0 0 0 0 0 0 2 8 32 153 805 
10 256 20 5.7188 0.9932 0.00095471 0.5239 0.9907 0.001465 0.51935 0 0 0 0 0 0 0 2 10 42 946 
10 256 25 5.7188 0.996 0.0005045 0.5478 0.9948 0.00083379 0.54633 0 0 0 0 0 0 0 1 3 31 965 
10 256 50 5.7188 0.9997 2.994e-05 0.68449 0.9994 0.00011976 0.68203 0 0 0 0 0 0 0 0 0 3 997 
10 256 75 5.7188 0.9999 1e-05 0.8212 0.9997 4.996e-05 0.82027 0 0 0 0 0 0 0 0 0 1 999 
10 256 100 5.7188 1 0 0.96467 0.9999 1e-05 0.9636 0 0 0 0 0 0 0 0 0 0 1000 
10 256 250 5.7188 1 0 1.8299 1 0 1.808 0 0 0 0 0 0 0 0 0 0 1000 
10 256 500 5.7188 1 0 3.2965 1 0 3.3031 0 0 0 0 0 0 0 0 0 0 1000 
10 512 1 5.7188 0.4644 0.022795 0.58175 0.4666 0.022647 0.57609 2 10 71 138 246 232 201 79 15 5 1 
10 512 2 5.7188 0.6582 0.026119 0.59935 0.6603 0.02588 0.59376 0 2 4 24 85 136 196 248 194 94 17 
10 512 3 5.7188 0.7595 0.022212 0.5905 0.7668 0.02182 0.589 0 0 2 6 17 64 135 223 243 230 80 
10 512 4 5.7188 0.8279 0.017769 0.59582 0.8336 0.017529 0.59463 0 0 0 0 7 25 77 143 262 293 193 
10 512 5 5.7188 0.8711 0.014569 0.60319 0.875 0.01451 0.60042 0 0 0 0 1 11 46 105 198 333 306 
10 512 8 5.7188 0.941 0.0072863 0.61771 0.9388 0.0081427 0.61656 0 0 0 0 0 1 9 31 86 284 589 
10 512 10 5.7188 0.9626 0.004806 0.63138 0.9576 0.0060483 0.63001 0 0 0 0 0 0 5 13 54 207 721 
10 512 12 5.7188 0.9751 0.0032332 0.64527 0.9703 0.0043723 0.63788 0 0 0 0 0 0 2 8 32 153 805 
10 512 20 5.7188 0.9932 0.00095471 0.68252 0.9907 0.001465 0.68179 0 0 0 0 0 0 0 2 10 42 946 
10 512 25 5.7188 0.996 0.0005045 0.71005 0.9948 0.00083379 0.70802 0 0 0 0 0 0 0 1 3 31 965 
10 512 50 5.7188 0.9997 2.994e-05 0.88766 0.9994 0.00011976 0.89851 0 0 0 0 0 0 0 0 0 3 997 
10 512 75 5.7188 0.9999 1e-05 0.99203 0.9997 4.996e-05 0.97866 0 0 0 0 0 0 0 0 0 1 999 
10 512 100 5.7188 1 0 1.1282 0.9999 1e-05 1.12 0 0 0 0 0 0 0 0 0 0 1000 
10 512 250 5.7188 1 0 1.9642 1 0 1.9595 0 0 0 0 0 0 0 0 0 0 1000 
10 512 500 5.7188 1 0 3.4985 1 0 3.5016 0 0 0 0 0 0 0 0 0 0 1000 
10 1024 1 5.7188 0.4644 0.022795 0.85452 0.4666 0.022647 0.84933 2 10 71 138 246 232 201 79 15 5 1 
10 1024 2 5.7188 0.6582 0.026119 0.85696 0.6603 0.02588 0.86575 0 2 4 24 85 136 196 248 194 94 17 
10 1024 3 5.7188 0.7595 0.022212 0.87227 0.7668 0.02182 0.86286 0 0 2 6 17 64 135 223 243 230 80 
10 1024 4 5.7188 0.8279 0.017769 0.87601 0.8336 0.017529 0.86627 0 0 0 0 7 25 77 143 262 293 193 
10 1024 5 5.7188 0.8711 0.014569 0.88089 0.875 0.01451 0.96382 0 0 0 0 1 11 46 105 198 333 306 
10 1024 8 5.7188 0.941 0.0072863 0.9229 0.9388 0.0081427 0.88909 0 0 0 0 0 1 9 31 86 284 589 
10 1024 10 5.7188 0.9626 0.004806 0.90084 0.9576 0.0060483 0.89952 0 0 0 0 0 0 5 13 54 207 721 
10 1024 12 5.7188 0.9751 0.0032332 0.91062 0.9703 0.0043723 0.90938 0 0 0 0 0 0 2 8 32 153 805 
10 1024 20 5.7188 0.9932 0.00095471 0.95428 0.9907 0.001465 0.95348 0 0 0 0 0 0 0 2 10 42 946 
10 1024 25 5.7188 0.996 0.0005045 0.9814 0.9948 0.00083379 0.98202 0 0 0 0 0 0 0 1 3 31 965 
10 1024 50 5.7188 0.9997 2.994e-05 1.1145 0.9994 0.00011976 1.1148 0 0 0 0 0 0 0 0 0 3 997 
10 1024 75 5.7188 0.9999 1e-05 1.2517 0.9997 4.996e-05 1.2493 0 0 0 0 0 0 0 0 0 1 999 
10 1024 100 5.7188 1 0 1.3876 0.9999 1e-05 1.3842 0 0 0 0 0 0 0 0 0 0 1000 
10 1024 250 5.7188 1 0 2.219 1 0 2.2189 0 0 0 0 0 0 0 0 0 0 1000 
10 1024 500 5.7188 1 0 3.7348 1 0 3.7166 0 0 0 0 0 0 0 0 0 0 1000 
10 2048 1 5.7188 0.4644 0.022795 0.89757 0.4666 0.022647 0.89678 2 10 71 138 246 232 201 79 15 5 1 
10 2048 2 5.7188 0.6582 0.026119 0.90467 0.6603 0.02588 0.90318 0 2 4 24 85 136 196 248 194 94 17 
10 2048 3 5.7188 0.7595 0.022212 0.91347 0.7668 0.02182 0.90772 0 0 2 6 17 64 135 223 243 230 80 
10 2048 4 5.7188 0.8279 0.017769 0.91582 0.8336 0.017529 0.9146 0 0 0 0 7 25 77 143 262 293 193 
10 2048 5 5.7188 0.8711 0.014569 0.92226 0.875 0.01451 0.92187 0 0 0 0 1 11 46 105 198 333 306 
10 2048 8 5.7188 0.941 0.0072863 0.95018 0.9388 0.0081427 0.93682 0 0 0 0 0 1 9 31 86 284 589 
10 2048 10 5.7188 0.9626 0.004806 0.95033 0.9576 0.0060483 0.94799 0 0 0 0 0 0 5 13 54 207 721 
10 2048 12 5.7188 0.9751 0.0032332 0.96008 0.9703 0.0043723 0.95813 0 0 0 0 0 0 2 8 32 153 805 
10 2048 20 5.7188 0.9932 0.00095471 1.0008 0.9907 0.001465 1.0128 0 0 0 0 0 0 0 2 10 42 946 
10 2048 25 5.7188 0.996 0.0005045 1.0295 0.9948 0.00083379 1.0292 0 0 0 0 0 0 0 1 3 31 965 
10 2048 50 5.7188 0.9997 2.994e-05 1.1624 0.9994 0.00011976 1.1616 0 0 0 0 0 0 0 0 0 3 997 
10 2048 75 5.7188 0.9999 1e-05 1.2971 0.9997 4.996e-05 1.2957 0 0 0 0 0 0 0 0 0 1 999 
10 2048 100 5.7188 1 0 1.4363 0.9999 1e-05 1.4331 0 0 0 0 0 0 0 0 0 0 1000 
10 2048 250 5.7188 1 0 2.2606 1 0 2.2603 0 0 0 0 0 0 0 0 0 0 1000 
10 2048 500 5.7188 1 0 3.8766 1 0 3.7639 0 0 0 0 0 0 0 0 0 0 1000 
10 4096 1 5.7188 0.4644 0.022795 0.98049 0.4666 0.022647 0.97535 2 10 71 138 246 232 201 79 15 5 1 
10 4096 2 5.7188 0.6582 0.026119 0.98009 0.6603 0.02588 0.97965 0 2 4 24 85 136 196 248 194 94 17 
10 4096 3 5.7188 0.7595 0.022212 0.98847 0.7668 0.02182 0.98649 0 0 2 6 17 64 135 223 243 230 80 
10 4096 4 5.7188 0.8279 0.017769 0.99521 0.8336 0.017529 0.9941 0 0 0 0 7 25 77 143 262 293 193 
10 4096 5 5.7188 0.8711 0.014569 0.99961 0.875 0.01451 0.99789 0 0 0 0 1 11 46 105 198 333 306 
10 4096 8 5.7188 0.941 0.0072863 1.0146 0.9388 0.0081427 1.0117 0 0 0 0 0 1 9 31 86 284 589 
10 4096 10 5.7188 0.9626 0.004806 1.025 0.9576 0.0060483 1.0238 0 0 0 0 0 0 5 13 54 207 721 
10 4096 12 5.7188 0.9751 0.0032332 1.0361 0.9703 0.0043723 1.041 0 0 0 0 0 0 2 8 32 153 805 
10 4096 20 5.7188 0.9932 0.00095471 1.0772 0.9907 0.001465 1.0756 0 0 0 0 0 0 0 2 10 42 946 
10 4096 25 5.7188 0.996 0.0005045 1.1034 0.9948 0.00083379 1.1022 0 0 0 0 0 0 0 1 3 31 965 
10 4096 50 5.7188 0.9997 2.994e-05 1.237 0.9994 0.00011976 1.236 0 0 0 0 0 0 0 0 0 3 997 
10 4096 75 5.7188 0.9999 1e-05 1.4068 0.9997 4.996e-05 1.3994 0 0 0 0 0 0 0 0 0 1 999 
10 4096 100 5.7188 1 0 1.5165 0.9999 1e-05 1.5052 0 0 0 0 0 0 0 0 0 0 1000 
10 4096 250 5.7188 1 0 2.3444 1 0 2.3354 0 0 0 0 0 0 0 0 0 0 1000 
10 4096 500 5.7188 1 0 3.8489 1 0 3.8511 0 0 0 0 0 0 0 0 0 0 1000 
10 8192 1 5.7188 0.4644 0.022795 1.1005 0.4666 0.022647 1.1001 2 10 71 138 246 232 201 79 15 5 1 
10 8192 2 5.7188 0.6582 0.026119 1.1087 0.6603 0.02588 1.107 0 2 4 24 85 136 196 248 194 94 17 
10 8192 3 5.7188 0.7595 0.022212 1.1147 0.7668 0.02182 1.1308 0 0 2 6 17 64 135 223 243 230 80 
10 8192 4 5.7188 0.8279 0.017769 1.1265 0.8336 0.017529 1.1404 0 0 0 0 7 25 77 143 262 293 193 
10 8192 5 5.7188 0.8711 0.014569 1.1482 0.875 0.01451 1.1373 0 0 0 0 1 11 46 105 198 333 306 
10 8192 8 5.7188 0.941 0.0072863 1.1481 0.9388 0.0081427 1.2283 0 0 0 0 0 1 9 31 86 284 589 
10 8192 10 5.7188 0.9626 0.004806 1.1768 0.9576 0.0060483 1.1515 0 0 0 0 0 0 5 13 54 207 721 
10 8192 12 5.7188 0.9751 0.0032332 1.1629 0.9703 0.0043723 1.1638 0 0 0 0 0 0 2 8 32 153 805 
10 8192 20 5.7188 0.9932 0.00095471 1.2072 0.9907 0.001465 1.2093 0 0 0 0 0 0 0 2 10 42 946 
10 8192 25 5.7188 0.996 0.0005045 1.2324 0.9948 0.00083379 1.2318 0 0 0 0 0 0 0 1 3 31 965 
10 8192 50 5.7188 0.9997 2.994e-05 1.367 0.9994 0.00011976 1.3661 0 0 0 0 0 0 0 0 0 3 997 
10 8192 75 5.7188 0.9999 1e-05 1.5053 0.9997 4.996e-05 1.501 0 0 0 0 0 0 0 0 0 1 999 
10 8192 100 5.7188 1 0 1.65 0.9999 1e-05 1.6356 0 0 0 0 0 0 0 0 0 0 1000 
10 8192 250 5.7188 1 0 2.4643 1 0 2.4839 0 0 0 0 0 0 0 0 0 0 1000 
10 8192 500 5.7188 1 0 3.9684 1 0 3.9659 0 0 0 0 0 0 0 0 0 0 1000 
