k n_trees search_k build_time recall var_recall query_time val_recall val_var_recall val_query_time
10 1 25 0.335951 0.013 0.0013444 0.013145 0.005 0.0004798 0.012929
10 1 50 0.33595 0.013 0.0013444 0.012992 0.005 0.0004798 0.012689
10 1 100 0.33595 0.013 0.0013444 0.012914 0.005 0.0004798 0.012628
10 1 200 0.33595 0.013 0.0013444 0.012989 0.005 0.0004798 0.012809
10 1 400 0.33595 0.018 0.0018949 0.021881 0.012 0.0010667 0.019173
10 1 1000 0.33595 0.026 0.0023475 0.040511 0.024 0.0020444 0.040129
10 1 2000 0.33595 0.045 0.0037121 0.07529 0.04 0.0032323 0.076776
10 1 4000 0.33595 0.072 0.0060768 0.14427 0.072 0.0068848 0.14624
10 1 10000 0.33595 0.163 0.014072 0.35842 0.164 0.01162 0.36037
10 1 20000 0.33595 0.28 0.020202 0.74429 0.291 0.016989 0.72899
10 1 40000 0.33595 0.516 0.024792 1.4905 0.507 0.021264 1.477
10 1 100000 0.33595 1 0 3.4649 1 0 3.4183
10 1 200000 0.33595 1 0 3.3953 1 0 3.3881
10 1 400000 0.33595 1 0 3.3884 1 0 3.3924
10 5 25 1.10508 0.008 0.00074343 0.013475 0.007 0.00065758 0.012981
10 5 50 1.1051 0.008 0.00074343 0.01343 0.007 0.00065758 0.01291
10 5 100 1.1051 0.008 0.00074343 0.013312 0.007 0.00065758 0.012851
10 5 200 1.1051 0.008 0.00074343 0.013344 0.007 0.00065758 0.012858
10 5 400 1.1051 0.012 0.0010667 0.020404 0.012 0.0012687 0.019894
10 5 1000 1.1051 0.027 0.0019909 0.04082 0.024 0.0024485 0.040903
10 5 2000 1.1051 0.061 0.0054333 0.075777 0.049 0.0055545 0.074441
10 5 4000 1.1051 0.094 0.0092566 0.14238 0.077 0.0080515 0.1421
10 5 10000 1.1051 0.196 0.016954 0.35347 0.188 0.014804 0.35088
10 5 20000 1.1051 0.311 0.019373 0.68499 0.324 0.01962 0.69288
10 5 40000 1.1051 0.514 0.023842 1.3159 0.509 0.024464 1.3062
10 5 100000 1.1051 0.805 0.019672 2.6444 0.798 0.016158 2.6392
10 5 200000 1.1051 0.97 0.0033333 3.7202 0.968 0.0030061 3.7303
10 5 400000 1.1051 1 0 5.003 1 0 5.0103
10 10 25 2.10566 0.01 0.0011111 0.013904 0.011 0.00098889 0.013401
10 10 50 2.1057 0.01 0.0011111 0.01371 0.011 0.00098889 0.013219
10 10 100 2.1057 0.01 0.0011111 0.01365 0.011 0.00098889 0.013175
10 10 200 2.1057 0.01 0.0011111 0.013662 0.011 0.00098889 0.013217
10 10 400 2.1057 0.017 0.0016273 0.020786 0.014 0.0012162 0.020884
10 10 1000 2.1057 0.029 0.0022818 0.041482 0.019 0.0017566 0.041076
10 10 2000 2.1057 0.053 0.0043343 0.078015 0.042 0.0044808 0.075986
10 10 4000 2.1057 0.104 0.0094788 0.14422 0.086 0.0088929 0.14404
10 10 10000 2.1057 0.201 0.015049 0.34664 0.178 0.017087 0.35193
10 10 20000 2.1057 0.355 0.018056 0.67787 0.336 0.021519 0.68425
10 10 40000 2.1057 0.518 0.018865 1.2901 0.527 0.019971 1.2955
10 10 100000 2.1057 0.82 0.011313 2.5069 0.824 0.015176 2.5089
10 10 200000 2.1057 0.958 0.0040768 3.6315 0.954 0.0039232 3.6267
10 10 400000 2.1057 1 0 4.9351 0.999 0.0001 4.9363
10 25 25 5.07318 0.006 0.0005697 0.014676 0.013 0.0011424 0.014237
10 25 50 5.0732 0.006 0.0005697 0.014339 0.013 0.0011424 0.014008
10 25 100 5.0732 0.006 0.0005697 0.014697 0.013 0.0011424 0.014001
10 25 200 5.0732 0.006 0.0005697 0.014286 0.013 0.0011424 0.014
10 25 400 5.0732 0.014 0.0016202 0.026743 0.018 0.0014909 0.02401
10 25 1000 5.0732 0.03 0.0029293 0.043474 0.028 0.0020364 0.042778
10 25 2000 5.0732 0.048 0.0045414 0.078092 0.046 0.0035192 0.077448
10 25 4000 5.0732 0.088 0.0073293 0.14644 0.075 0.0071465 0.14607
10 25 10000 5.0732 0.203 0.017264 0.35099 0.191 0.015777 0.34876
10 25 20000 5.0732 0.338 0.017733 0.6836 0.327 0.021991 0.6884
10 25 40000 5.0732 0.55 0.017475 1.2795 0.55 0.027374 1.2794
10 25 100000 5.0732 0.84 0.011515 2.4689 0.854 0.0116 2.4551
10 25 200000 5.0732 0.978 0.0021374 3.6219 0.968 0.0032081 3.6164
10 25 400000 5.0732 1 0 4.9503 0.999 0.0001 4.9296
10 50 25 10.0088 0.006 0.0005697 0.015861 0.013 0.0011424 0.0157
10 50 50 10.009 0.006 0.0005697 0.015497 0.013 0.0011424 0.015516
10 50 100 10.009 0.006 0.0005697 0.015594 0.013 0.0011424 0.015485
10 50 200 10.009 0.006 0.0005697 0.015444 0.013 0.0011424 0.015485
10 50 400 10.009 0.01 0.00090909 0.022821 0.019 0.0015545 0.022845
10 50 1000 10.009 0.028 0.0026424 0.044024 0.032 0.0024 0.044349
10 50 2000 10.009 0.053 0.0055465 0.079587 0.047 0.0041323 0.07908
10 50 4000 10.009 0.096 0.0086707 0.14882 0.089 0.0074535 0.14825
10 50 10000 10.009 0.206 0.015923 0.35122 0.18 0.017374 0.35855
10 50 20000 10.009 0.35 0.02596 0.6809 0.344 0.027135 0.6798
10 50 40000 10.009 0.575 0.026338 1.2717 0.578 0.025774 1.2724
10 50 100000 10.009 0.853 0.0093848 2.4382 0.869 0.011454 2.4505
10 50 200000 10.009 0.972 0.0026424 3.6021 0.984 0.0017616 3.6059
10 50 400000 10.009 0.999 0.0001 4.9216 0.999 0.0001 4.9038
10 100 25 19.9564 0.009 0.00082727 0.018563 0.01 0.00090909 0.01836
10 100 50 19.956 0.009 0.00082727 0.018108 0.01 0.00090909 0.01814
10 100 100 19.956 0.009 0.00082727 0.018504 0.01 0.00090909 0.018129
10 100 200 19.956 0.009 0.00082727 0.017938 0.01 0.00090909 0.018126
10 100 400 19.956 0.015 0.0016919 0.026412 0.017 0.0014253 0.02663
10 100 1000 19.956 0.034 0.0042869 0.048013 0.03 0.0023232 0.048719
10 100 2000 19.956 0.062 0.0076323 0.085239 0.056 0.0049131 0.084074
10 100 4000 19.956 0.118 0.012198 0.15492 0.112 0.0093495 0.15478
10 100 10000 19.956 0.22 0.016364 0.36204 0.213 0.018314 0.36216
10 100 20000 19.956 0.379 0.022686 0.69709 0.352 0.026158 0.70295
10 100 40000 19.956 0.59 0.02697 1.2906 0.569 0.032464 1.2877
10 100 100000 19.956 0.865 0.011995 2.4561 0.881 0.011454 2.4622
10 100 200000 19.956 0.971 0.0028879 3.6235 0.98 0.0022222 3.6287
10 100 400000 19.956 0.999 0.0001 4.9736 0.999 0.0001 4.9461
10 200 25 39.5484 0.013 0.0011424 0.023295 0.009 0.00082727 0.022535
10 200 50 39.548 0.013 0.0011424 0.022623 0.009 0.00082727 0.02238
10 200 100 39.548 0.013 0.0011424 0.02256 0.009 0.00082727 0.022432
10 200 200 39.548 0.013 0.0011424 0.022796 0.009 0.00082727 0.02234
10 200 400 39.548 0.018 0.0016929 0.03112 0.014 0.0014182 0.03101
10 200 1000 39.548 0.037 0.0045768 0.053403 0.034 0.0034788 0.054013
10 200 2000 39.548 0.068 0.0072485 0.090774 0.057 0.0049 0.091194
10 200 4000 39.548 0.116 0.011661 0.16369 0.11 0.0085859 0.16304
10 200 10000 39.548 0.242 0.01741 0.37378 0.241 0.015171 0.37177
10 200 20000 39.548 0.39 0.032424 0.71221 0.394 0.022994 0.71049
10 200 40000 39.548 0.61 0.026162 1.3036 0.597 0.031001 1.3021
10 200 100000 39.548 0.892 0.0086222 2.4787 0.883 0.011324 2.4769
10 200 200000 39.548 0.985 0.0012879 3.634 0.987 0.0011424 3.6416
10 200 400000 39.548 0.998 0.00019798 4.9815 1 0 4.9737
10 400 25 79.5667 0.011 0.0011909 0.032606 0.012 0.0012687 0.030994
10 400 50 79.567 0.011 0.0011909 0.031529 0.012 0.0012687 0.03077
10 400 100 79.567 0.011 0.0011909 0.031647 0.012 0.0012687 0.030728
10 400 200 79.567 0.011 0.0011909 0.031429 0.012 0.0012687 0.030734
10 400 400 79.567 0.021 0.0022818 0.041335 0.017 0.0018293 0.04074
10 400 1000 79.567 0.048 0.0051475 0.064505 0.038 0.0037939 0.065496
10 400 2000 79.567 0.075 0.0081566 0.105 0.065 0.0053283 0.10976
10 400 4000 79.567 0.135 0.011793 0.17886 0.112 0.0097535 0.17904
10 400 10000 79.567 0.273 0.022799 0.39568 0.248 0.015653 0.39479
10 400 20000 79.567 0.421 0.030969 0.73761 0.409 0.025474 0.73817
10 400 40000 79.567 0.629 0.026928 1.3446 0.621 0.02208 1.3405
10 400 100000 79.567 0.886 0.009297 2.5201 0.897 0.010395 2.5234
10 400 200000 79.567 0.982 0.0016929 3.6863 0.984 0.0013576 3.6824
10 400 400000 79.567 0.999 0.0001 5.032 1 0 5.0418
