k m efc search build_time recall var_recall query_time val_recall val_var_recall val_query_time
10 4 100 10 0.11133 0.7789 0.08531 0.019006 0.7979 0.069035 0.017782
10 4 100 20 0.11133 0.9285 0.026404 0.026631 0.9371 0.018572 0.026154
10 4 100 40 0.11133 0.9822 0.0052084 0.041976 0.9872 0.0019381 0.041628
10 4 100 60 0.11133 0.9912 0.0027853 0.057009 0.9941 0.00069589 0.05679
10 4 100 80 0.11133 0.9942 0.0019683 0.072949 0.9959 0.00049368 0.072309
10 4 100 100 0.11133 0.995 0.0018569 0.088814 0.9974 0.00025349 0.088172
10 4 100 120 0.11133 0.9964 0.00088793 0.10636 0.9978 0.00021538 0.10608
10 4 100 200 0.11133 0.9989 0.0001089 0.17584 0.9983 0.00016728 0.17739
10 4 100 400 0.11133 0.9992 7.9439e-05 0.43596 0.999 9.9099e-05 0.41919
10 4 100 600 0.11133 0.9993 6.958e-05 0.69863 0.999 9.9099e-05 0.73772
10 4 100 800 0.11133 0.9993 6.958e-05 1.1245 0.999 9.9099e-05 1.1466
10 4 100 1000 0.11133 0.9993 6.958e-05 1.6634 0.9992 7.9439e-05 1.59
10 4 100 1200 0.11133 0.9993 6.958e-05 2.0943 0.9992 7.9439e-05 2.3691
10 4 100 1500 0.11133 0.9993 6.958e-05 3.0528 0.9993 6.958e-05 3.1566
10 4 100 2000 0.11133 0.9993 6.958e-05 5.3501 0.9993 6.958e-05 5.2425
10 4 500 10 0.198773 0.7906 0.074346 0.019484 0.8015 0.063651 0.018529
10 4 500 20 0.19877 0.9376 0.018725 0.027773 0.9438 0.014316 0.027509
10 4 500 40 0.19877 0.9865 0.0035313 0.044438 0.9892 0.001685 0.04424
10 4 500 60 0.19877 0.9952 0.00077774 0.060836 0.9945 0.00088063 0.060191
10 4 500 80 0.19877 0.9971 0.00050209 0.077297 0.9973 0.00034305 0.077219
10 4 500 100 0.19877 0.9978 0.00031548 0.094331 0.9984 0.0001576 0.093883
10 4 500 120 0.19877 0.9987 0.00014846 0.11086 0.9988 0.00011868 0.10908
10 4 500 200 0.19877 0.9995 4.98e-05 0.19462 0.9994 5.97e-05 0.1942
10 4 500 400 0.19877 0.9998 1.998e-05 0.47503 0.9998 1.998e-05 0.41759
10 4 500 600 0.19877 1 0 0.76156 0.9998 1.998e-05 0.81952
10 4 500 800 0.19877 1 0 1.1892 0.9998 1.998e-05 1.1134
10 4 500 1000 0.19877 1 0 1.7039 0.9999 1e-05 1.5839
10 4 500 1200 0.19877 1 0 2.4018 0.9999 1e-05 2.2623
10 4 500 1500 0.19877 1 0 3.2588 1 0 3.1968
10 4 500 2000 0.19877 1 0 5.5853 1 0 5.1947
10 8 100 10 0.0961381 0.9118 0.022123 0.023991 0.9117 0.022335 0.022954
10 8 100 20 0.096138 0.9791 0.0062394 0.033786 0.9783 0.004924 0.033605
10 8 100 40 0.096138 0.9943 0.0016191 0.053268 0.9958 0.00070306 0.052819
10 8 100 60 0.096138 0.9974 0.00043367 0.071599 0.9986 0.00017822 0.071081
10 8 100 80 0.096138 0.9983 0.00032744 0.089048 0.9992 7.9439e-05 0.088441
10 8 100 100 0.096138 0.9989 0.00018898 0.10709 0.9997 2.994e-05 0.10665
10 8 100 120 0.096138 0.9994 7.972e-05 0.12648 1 0 0.12516
10 8 100 200 0.096138 0.9998 1.998e-05 0.20835 1 0 0.20664
10 8 100 400 0.096138 1 0 0.48711 1 0 0.46522
10 8 100 600 0.096138 1 0 0.80473 1 0 0.81112
10 8 100 800 0.096138 1 0 1.1921 1 0 1.3457
10 8 100 1000 0.096138 1 0 1.755 1 0 1.7969
10 8 100 1200 0.096138 1 0 2.4046 1 0 2.3595
10 8 100 1500 0.096138 1 0 3.306 1 0 3.4595
10 8 100 2000 0.096138 1 0 5.5491 1 0 5.7277
10 8 500 10 0.24806 0.9089 0.021152 0.02617 0.917 0.016327 0.025085
10 8 500 20 0.24806 0.9818 0.0044132 0.038596 0.9806 0.0031868 0.038277
10 8 500 40 0.24806 0.9967 0.00057969 0.061523 0.9965 0.00045821 0.061057
10 8 500 60 0.24806 0.9992 7.9439e-05 0.083843 0.9989 0.00012892 0.083442
10 8 500 80 0.24806 0.9993 6.958e-05 0.10445 0.9996 3.988e-05 0.10424
10 8 500 100 0.24806 0.9995 4.98e-05 0.12619 0.9996 3.988e-05 0.12588
10 8 500 120 0.24806 0.9997 2.994e-05 0.14765 0.9998 1.998e-05 0.14964
10 8 500 200 0.24806 1 0 0.24268 1 0 0.24329
10 8 500 400 0.24806 1 0 0.52235 1 0 0.50833
10 8 500 600 0.24806 1 0 0.94707 1 0 0.86363
10 8 500 800 0.24806 1 0 1.4166 1 0 1.4088
10 8 500 1000 0.24806 1 0 1.9757 1 0 1.8728
10 8 500 1200 0.24806 1 0 2.6402 1 0 2.4352
10 8 500 1500 0.24806 1 0 3.6711 1 0 3.7376
10 8 500 2000 0.24806 1 0 6.0357 1 0 5.9027
10 12 100 10 0.0979893 0.9308 0.01877 0.026757 0.9372 0.015932 0.02567
10 12 100 20 0.097989 0.9857 0.0036492 0.037935 0.9868 0.0025683 0.037465
10 12 100 40 0.097989 0.9966 0.00080925 0.058815 0.9976 0.00025449 0.058388
10 12 100 60 0.097989 0.9984 0.0003578 0.078143 0.9991 8.9279e-05 0.077956
10 12 100 80 0.097989 0.9992 0.0001395 0.097662 0.9996 3.988e-05 0.097042
10 12 100 100 0.097989 0.9994 9.974e-05 0.11622 1 0 0.11555
10 12 100 120 0.097989 0.9996 5.99e-05 0.13628 1 0 0.13663
10 12 100 200 0.097989 0.9999 1e-05 0.21982 1 0 0.22234
10 12 100 400 0.097989 1 0 0.48124 1 0 0.47599
10 12 100 600 0.097989 1 0 0.87118 1 0 0.85162
10 12 100 800 0.097989 1 0 1.349 1 0 1.2978
10 12 100 1000 0.097989 1 0 1.9353 1 0 1.8004
10 12 100 1200 0.097989 1 0 2.4415 1 0 2.3382
10 12 100 1500 0.097989 1 0 3.6607 1 0 3.5211
10 12 100 2000 0.097989 1 0 5.9155 1 0 5.6673
10 12 500 10 0.254203 0.9346 0.015058 0.030125 0.9416 0.0105 0.029226
10 12 500 20 0.2542 0.9885 0.0024602 0.04425 0.989 0.0015606 0.043946
10 12 500 40 0.2542 0.9986 0.0001582 0.070686 0.9985 0.0001479 0.070455
10 12 500 60 0.2542 0.9991 0.0001093 0.095216 0.9994 5.97e-05 0.09469
10 12 500 80 0.2542 0.9995 6.982e-05 0.12043 0.9998 1.998e-05 0.12023
10 12 500 100 0.2542 0.9995 6.982e-05 0.14526 0.9999 1e-05 0.14412
10 12 500 120 0.2542 0.9996 5.99e-05 0.16699 1 0 0.16615
10 12 500 200 0.2542 1 0 0.26555 1 0 0.26157
10 12 500 400 0.2542 1 0 0.54425 1 0 0.567
10 12 500 600 0.2542 1 0 0.9555 1 0 0.93378
10 12 500 800 0.2542 1 0 1.3914 1 0 1.4044
10 12 500 1000 0.2542 1 0 1.9163 1 0 2.0198
10 12 500 1200 0.2542 1 0 2.5945 1 0 2.6214
10 12 500 1500 0.2542 1 0 3.8835 1 0 3.8308
10 12 500 2000 0.2542 1 0 6.0778 1 0 6.2921
10 16 100 10 0.0979095 0.9462 0.012398 0.031579 0.9465 0.011379 0.030437
10 16 100 20 0.097909 0.9877 0.0031018 0.043254 0.9895 0.0015013 0.042781
10 16 100 40 0.097909 0.997 0.00089189 0.067671 0.9974 0.00031355 0.068161
10 16 100 60 0.097909 0.9985 0.00030806 0.090052 0.9986 0.00017822 0.089299
10 16 100 80 0.097909 0.9991 0.0001093 0.11104 0.9988 0.0001387 0.1103
10 16 100 100 0.097909 0.9993 8.96e-05 0.13111 0.9995 4.98e-05 0.13134
10 16 100 120 0.097909 0.9993 8.96e-05 0.15539 0.9997 2.994e-05 0.15222
10 16 100 200 0.097909 0.9998 1.998e-05 0.24544 0.9999 1e-05 0.24837
10 16 100 400 0.097909 1 0 0.49912 1 0 0.49835
10 16 100 600 0.097909 1 0 0.87032 1 0 0.85782
10 16 100 800 0.097909 1 0 1.2722 1 0 1.3568
10 16 100 1000 0.097909 1 0 1.7926 1 0 1.8501
10 16 100 1200 0.097909 1 0 2.5091 1 0 2.4858
10 16 100 1500 0.097909 1 0 3.4642 1 0 3.5448
10 16 100 2000 0.097909 1 0 5.7314 1 0 5.8187
10 16 500 10 0.255424 0.9473 0.011344 0.035069 0.9515 0.0085863 0.034075
10 16 500 20 0.25542 0.9928 0.0011293 0.050678 0.992 0.0008969 0.050577
10 16 500 40 0.25542 0.9991 0.00012932 0.079133 0.9989 0.0001089 0.0785
10 16 500 60 0.25542 0.9994 9.974e-05 0.10514 0.9997 2.994e-05 0.10449
10 16 500 80 0.25542 0.9996 5.99e-05 0.13024 0.9999 1e-05 0.12996
10 16 500 100 0.25542 0.9998 1.998e-05 0.15512 0.9999 1e-05 0.1539
10 16 500 120 0.25542 0.9998 1.998e-05 0.17958 1 0 0.17922
10 16 500 200 0.25542 0.9998 1.998e-05 0.28627 1 0 0.278
10 16 500 400 0.25542 1 0 0.58805 1 0 0.58889
10 16 500 600 0.25542 1 0 0.98751 1 0 0.94426
10 16 500 800 0.25542 1 0 1.4952 1 0 1.4364
10 16 500 1000 0.25542 1 0 2.1471 1 0 2.0654
10 16 500 1200 0.25542 1 0 2.7376 1 0 2.6131
10 16 500 1500 0.25542 1 0 3.8522 1 0 3.7926
10 16 500 2000 0.25542 1 0 6.4573 1 0 6.2658
10 24 100 10 0.100752 0.9493 0.011691 0.031618 0.944 0.013718 0.030738
10 24 100 20 0.10075 0.9893 0.0033589 0.043813 0.9879 0.0027063 0.04361
10 24 100 40 0.10075 0.9982 0.00037714 0.066646 0.9975 0.00036411 0.066726
10 24 100 60 0.10075 0.9989 0.00024904 0.087882 0.9989 0.00016896 0.087357
10 24 100 80 0.10075 0.999 0.0001992 0.10845 0.999 0.00015916 0.10741
10 24 100 100 0.10075 0.9995 6.982e-05 0.12938 0.999 0.00015916 0.1282
10 24 100 120 0.10075 0.9995 6.982e-05 0.15005 0.9999 1e-05 0.14895
10 24 100 200 0.10075 0.9999 1e-05 0.24008 0.9999 1e-05 0.23733
10 24 100 400 0.10075 1 0 0.51052 1 0 0.50625
10 24 100 600 0.10075 1 0 0.89713 1 0 0.88198
10 24 100 800 0.10075 1 0 1.3987 1 0 1.3909
10 24 100 1000 0.10075 1 0 1.9372 1 0 1.8206
10 24 100 1200 0.10075 1 0 2.5698 1 0 2.4211
10 24 100 1500 0.10075 1 0 3.6222 1 0 3.5738
10 24 100 2000 0.10075 1 0 6.1129 1 0 6.2014
10 24 500 10 0.259424 0.9521 0.0086442 0.038497 0.9533 0.0073164 0.038797
10 24 500 20 0.25942 0.9933 0.0011062 0.057696 0.9926 0.00090615 0.057404
10 24 500 40 0.25942 0.9991 0.00014934 0.084443 0.9988 0.0001387 0.083536
10 24 500 60 0.25942 0.9996 5.99e-05 0.11104 0.9996 3.988e-05 0.1111
10 24 500 80 0.25942 0.9998 1.998e-05 0.13711 0.9996 3.988e-05 0.13676
10 24 500 100 0.25942 0.9998 1.998e-05 0.16644 0.9998 1.998e-05 0.16623
10 24 500 120 0.25942 0.9998 1.998e-05 0.21063 1 0 0.19238
10 24 500 200 0.25942 1 0 0.29644 1 0 0.31258
10 24 500 400 0.25942 1 0 0.61276 1 0 0.61575
10 24 500 600 0.25942 1 0 0.98325 1 0 1.0121
10 24 500 800 0.25942 1 0 1.4959 1 0 1.458
10 24 500 1000 0.25942 1 0 2.0783 1 0 2.0679
10 24 500 1200 0.25942 1 0 2.7179 1 0 2.6431
10 24 500 1500 0.25942 1 0 3.9249 1 0 3.8204
10 24 500 2000 0.25942 1 0 6.4845 1 0 6.413
10 36 100 10 0.100842 0.9473 0.011464 0.03259 0.9443 0.013001 0.031297
10 36 100 20 0.10084 0.9905 0.0024822 0.045031 0.9898 0.0017577 0.04458
10 36 100 40 0.10084 0.9975 0.00052427 0.06828 0.9975 0.00034409 0.067826
10 36 100 60 0.10084 0.9991 0.00016936 0.08977 0.9991 0.0001093 0.089674
10 36 100 80 0.10084 0.9995 4.98e-05 0.11046 0.9992 9.9459e-05 0.11001
10 36 100 100 0.10084 0.9996 3.988e-05 0.13256 0.9993 6.958e-05 0.13207
10 36 100 120 0.10084 0.9999 1e-05 0.15391 0.9997 2.994e-05 0.15399
10 36 100 200 0.10084 1 0 0.24415 1 0 0.23994
10 36 100 400 0.10084 1 0 0.52384 1 0 0.51395
10 36 100 600 0.10084 1 0 0.8971 1 0 0.88003
10 36 100 800 0.10084 1 0 1.3624 1 0 1.4022
10 36 100 1000 0.10084 1 0 1.9367 1 0 1.8462
10 36 100 1200 0.10084 1 0 2.5575 1 0 2.45
10 36 100 1500 0.10084 1 0 3.6461 1 0 3.641
10 36 100 2000 0.10084 1 0 6.1394 1 0 5.9577
10 36 500 10 0.263059 0.9561 0.0077906 0.037444 0.9547 0.0076255 0.036245
10 36 500 20 0.26306 0.9943 0.0011386 0.054574 0.9933 0.0010061 0.053927
10 36 500 40 0.26306 0.9987 0.00030862 0.085758 0.9991 8.9279e-05 0.085126
10 36 500 60 0.26306 0.9997 2.994e-05 0.11416 0.9999 1e-05 0.11332
10 36 500 80 0.26306 0.9998 1.998e-05 0.14044 0.9999 1e-05 0.1396
10 36 500 100 0.26306 0.9998 1.998e-05 0.1666 1 0 0.16557
10 36 500 120 0.26306 0.9999 1e-05 0.19341 1 0 0.193
10 36 500 200 0.26306 1 0 0.30023 1 0 0.29778
10 36 500 400 0.26306 1 0 0.63292 1 0 0.63348
10 36 500 600 0.26306 1 0 1.0139 1 0 0.9889
10 36 500 800 0.26306 1 0 1.5976 1 0 1.4561
10 36 500 1000 0.26306 1 0 2.1835 1 0 2.1794
10 36 500 1200 0.26306 1 0 2.8419 1 0 2.6812
10 36 500 1500 0.26306 1 0 3.9793 1 0 3.8373
10 36 500 2000 0.26306 1 0 6.4755 1 0 6.4941
10 48 100 10 0.101488 0.9497 0.011551 0.032146 0.9514 0.010208 0.030806
10 48 100 20 0.10149 0.9898 0.0028188 0.04447 0.9917 0.0015226 0.043952
10 48 100 40 0.10149 0.9977 0.00036508 0.067882 0.9991 0.00012932 0.067403
10 48 100 60 0.10149 0.9991 0.00014934 0.089604 0.9996 3.988e-05 0.088364
10 48 100 80 0.10149 0.9992 0.0001395 0.11031 0.9997 2.994e-05 0.10891
10 48 100 100 0.10149 0.9994 9.974e-05 0.13136 0.9999 1e-05 0.12925
10 48 100 120 0.10149 0.9995 8.984e-05 0.15448 0.9999 1e-05 0.15135
10 48 100 200 0.10149 0.9999 1e-05 0.24424 1 0 0.24862
10 48 100 400 0.10149 1 0 0.5284 1 0 0.5122
10 48 100 600 0.10149 1 0 0.9149 1 0 0.87928
10 48 100 800 0.10149 1 0 1.3713 1 0 1.4043
10 48 100 1000 0.10149 1 0 1.9562 1 0 1.8418
10 48 100 1200 0.10149 1 0 2.5272 1 0 2.4466
10 48 100 1500 0.10149 1 0 3.7335 1 0 3.6577
10 48 100 2000 0.10149 1 0 6.045 1 0 5.9565
10 48 500 10 0.267163 0.9592 0.0073827 0.043898 0.9638 0.0050746 0.042838
10 48 500 20 0.26716 0.9941 0.0014166 0.060846 0.9956 0.00048112 0.06024
10 48 500 40 0.26716 0.9994 7.972e-05 0.091896 0.9995 4.98e-05 0.090906
10 48 500 60 0.26716 0.9996 5.99e-05 0.12028 0.9999 1e-05 0.1191
10 48 500 80 0.26716 0.9997 4.996e-05 0.14671 0.9999 1e-05 0.14589
10 48 500 100 0.26716 0.9998 1.998e-05 0.17586 0.9999 1e-05 0.17984
10 48 500 120 0.26716 0.9998 1.998e-05 0.20874 0.9999 1e-05 0.20777
10 48 500 200 0.26716 0.9999 1e-05 0.3058 1 0 0.3022
10 48 500 400 0.26716 1 0 0.62263 1 0 0.63921
10 48 500 600 0.26716 1 0 1.0102 1 0 0.99519
10 48 500 800 0.26716 1 0 1.5254 1 0 1.4668
10 48 500 1000 0.26716 1 0 2.2341 1 0 2.1496
10 48 500 1200 0.26716 1 0 2.8897 1 0 2.6922
10 48 500 1500 0.26716 1 0 4.0356 1 0 3.8373
10 48 500 2000 0.26716 1 0 6.4882 1 0 6.6183
10 64 100 10 0.194268 0.9917 0.0015827 0.067929 0.9912 0.0016642 0.066641
10 64 100 20 0.19427 0.9982 0.00061738 0.091895 0.9984 0.00017762 0.091527
10 64 100 40 0.19427 0.9999 1e-05 0.13154 0.9996 3.988e-05 0.13105
10 64 100 60 0.19427 1 0 0.16332 0.9999 1e-05 0.16298
10 64 100 80 0.19427 1 0 0.19289 0.9999 1e-05 0.19218
10 64 100 100 0.19427 1 0 0.21973 1 0 0.22035
10 64 100 120 0.19427 1 0 0.24852 1 0 0.24721
10 64 100 200 0.19427 1 0 0.36205 1 0 0.35508
10 64 100 400 0.19427 1 0 0.71403 1 0 0.69111
10 64 100 600 0.19427 1 0 1.1971 1 0 1.173
10 64 100 800 0.19427 1 0 1.6634 1 0 1.6189
10 64 100 1000 0.19427 1 0 2.3352 1 0 2.2638
10 64 100 1200 0.19427 1 0 3.0899 1 0 3.0481
10 64 100 1500 0.19427 1 0 4.2058 1 0 4.0838
10 64 100 2000 0.19427 1 0 6.8003 1 0 6.6141
10 64 500 10 0.266346 0.9574 0.0073126 0.04053 0.9593 0.0058193 0.039687
10 64 500 20 0.26635 0.9946 0.0014923 0.057554 0.994 0.00066466 0.057454
10 64 500 40 0.26635 0.9993 8.96e-05 0.089277 0.9995 4.98e-05 0.088586
10 64 500 60 0.26635 0.9999 1e-05 0.12234 1 0 0.12145
10 64 500 80 0.26635 0.9999 1e-05 0.14962 1 0 0.14961
10 64 500 100 0.26635 0.9999 1e-05 0.17257 1 0 0.16956
10 64 500 120 0.26635 0.9999 1e-05 0.19575 1 0 0.19431
10 64 500 200 0.26635 1 0 0.3019 1 0 0.29832
10 64 500 400 0.26635 1 0 0.62938 1 0 0.6277
10 64 500 600 0.26635 1 0 1.0027 1 0 1.0064
10 64 500 800 0.26635 1 0 1.5529 1 0 1.5114
10 64 500 1000 0.26635 1 0 2.0298 1 0 2.099
10 64 500 1200 0.26635 1 0 2.6736 1 0 2.7489
10 64 500 1500 0.26635 1 0 3.9461 1 0 3.8911
10 64 500 2000 0.26635 1 0 6.3382 1 0 6.5285
10 96 100 10 0.202487 0.9962 0.0017073 0.096486 0.9981 0.00042682 0.094594
10 96 100 20 0.20249 0.9991 0.00038958 0.12622 0.9996 3.988e-05 0.12512
10 96 100 40 0.20249 0.9993 0.00036988 0.16733 0.9999 1e-05 0.16631
10 96 100 60 0.20249 0.9993 0.00036988 0.20169 1 0 0.20085
10 96 100 80 0.20249 0.9994 0.00036 0.23356 1 0 0.23293
10 96 100 100 0.20249 1 0 0.26553 1 0 0.26359
10 96 100 120 0.20249 1 0 0.29346 1 0 0.2911
10 96 100 200 0.20249 1 0 0.41781 1 0 0.41019
10 96 100 400 0.20249 1 0 0.76418 1 0 0.77324
10 96 100 600 0.20249 1 0 1.2554 1 0 1.2491
10 96 100 800 0.20249 1 0 1.743 1 0 1.7913
10 96 100 1000 0.20249 1 0 2.4479 1 0 2.3638
10 96 100 1200 0.20249 1 0 3.0851 1 0 3.1212
10 96 100 1500 0.20249 1 0 4.2067 1 0 4.3745
10 96 100 2000 0.20249 1 0 6.9713 1 0 6.8593
10 96 500 10 0.285183 0.9604 0.0064183 0.052159 0.954 0.0070711 0.051165
10 96 500 20 0.28518 0.9937 0.0011314 0.069416 0.9932 0.00087463 0.069175
10 96 500 40 0.28518 0.9993 6.958e-05 0.10054 0.9995 4.98e-05 0.10003
10 96 500 60 0.28518 0.9996 3.988e-05 0.12971 1 0 0.12831
10 96 500 80 0.28518 0.9997 2.994e-05 0.15561 1 0 0.15437
10 96 500 100 0.28518 0.9998 1.998e-05 0.18169 1 0 0.18052
10 96 500 120 0.28518 0.9998 1.998e-05 0.20643 1 0 0.20811
10 96 500 200 0.28518 0.9999 1e-05 0.31343 1 0 0.30984
10 96 500 400 0.28518 1 0 0.63047 1 0 0.63289
10 96 500 600 0.28518 1 0 1.0578 1 0 0.99844
10 96 500 800 0.28518 1 0 1.563 1 0 1.4678
10 96 500 1000 0.28518 1 0 2.2226 1 0 2.1361
10 96 500 1200 0.28518 1 0 2.7665 1 0 2.7089
10 96 500 1500 0.28518 1 0 4.036 1 0 3.8398
10 96 500 2000 0.28518 1 0 6.5318 1 0 6.5078
