k probes k_factor build_time recall var_recall query_time val_recall val_var_recall val_query_time
10 1 1 0.794322 0.4305 0.04028 0.084705 0.4356 0.036829 0.08362
10 1 2 0.79432 0.4868 0.059946 0.085179 0.4943 0.056774 0.084802
10 1 3 0.79432 0.4919 0.062527 0.086605 0.5007 0.06001 0.086027
10 1 4 0.79432 0.4924 0.062845 0.090407 0.5013 0.060289 0.089619
10 1 5 0.79432 0.4924 0.062845 0.087976 0.5013 0.060289 0.087437
10 1 8 0.79432 0.4924 0.062845 0.088621 0.5013 0.060289 0.087952
10 1 10 0.79432 0.4924 0.062845 0.090267 0.5013 0.060289 0.089042
10 1 12 0.79432 0.4924 0.062845 0.09089 0.5013 0.060289 0.089159
10 1 20 0.79432 0.4924 0.062845 0.094025 0.5013 0.060289 0.0934
10 1 25 0.79432 0.4924 0.062845 0.095431 0.5013 0.060289 0.094738
10 1 50 0.79432 0.4924 0.062845 0.10003 0.5013 0.060289 0.099439
10 1 75 0.79432 0.4924 0.062845 0.10455 0.5013 0.060289 0.1038
10 1 100 0.79432 0.4924 0.062845 0.10893 0.5013 0.060289 0.10825
10 1 250 0.79432 0.4924 0.062845 0.13569 0.5013 0.060289 0.13433
10 1 500 0.79432 0.4924 0.062845 0.18697 0.5013 0.060289 0.18698
10 2 1 0.79432 0.5419 0.030245 0.089106 0.5451 0.028725 0.086817
10 2 2 0.79432 0.6713 0.047914 0.086792 0.6793 0.046568 0.085958
10 2 3 0.79432 0.6992 0.052772 0.088867 0.7062 0.051053 0.088306
10 2 4 0.79432 0.7052 0.053727 0.094075 0.7126 0.052534 0.092876
10 2 5 0.79432 0.7061 0.053887 0.092392 0.7142 0.053131 0.091899
10 2 8 0.79432 0.7063 0.053904 0.094931 0.7144 0.053226 0.095138
10 2 10 0.79432 0.7063 0.053904 0.09583 0.7144 0.053226 0.094833
10 2 12 0.79432 0.7063 0.053904 0.099318 0.7144 0.053226 0.098452
10 2 20 0.79432 0.7063 0.053904 0.10065 0.7144 0.053226 0.099835
10 2 25 0.79432 0.7063 0.053904 0.099933 0.7144 0.053226 0.09918
10 2 50 0.79432 0.7063 0.053904 0.10856 0.7144 0.053226 0.1078
10 2 75 0.79432 0.7063 0.053904 0.11275 0.7144 0.053226 0.11201
10 2 100 0.79432 0.7063 0.053904 0.11813 0.7144 0.053226 0.11752
10 2 250 0.79432 0.7063 0.053904 0.14814 0.7144 0.053226 0.1477
10 2 500 0.79432 0.7063 0.053904 0.19808 0.7144 0.053226 0.19738
10 4 1 0.79432 0.5914 0.022849 0.087216 0.5923 0.021873 0.085197
10 4 2 0.79432 0.786 0.029013 0.088637 0.7846 0.030814 0.087274
10 4 3 0.79432 0.8488 0.027987 0.090569 0.8462 0.029815 0.089707
10 4 4 0.79432 0.8706 0.026462 0.092791 0.8678 0.029513 0.091952
10 4 5 0.79432 0.8767 0.025773 0.095036 0.8741 0.029248 0.094323
10 4 8 0.79432 0.8811 0.025538 0.10124 0.8765 0.029367 0.10025
10 4 10 0.79432 0.8813 0.025486 0.10409 0.8765 0.029367 0.10335
10 4 12 0.79432 0.8813 0.025486 0.10629 0.8765 0.029367 0.10559
10 4 20 0.79432 0.8813 0.025486 0.11044 0.8765 0.029367 0.10976
10 4 25 0.79432 0.8813 0.025486 0.11281 0.8765 0.029367 0.11219
10 4 50 0.79432 0.8813 0.025486 0.12028 0.8765 0.029367 0.11945
10 4 75 0.79432 0.8813 0.025486 0.12402 0.8765 0.029367 0.12349
10 4 100 0.79432 0.8813 0.025486 0.13153 0.8765 0.029367 0.13086
10 4 250 0.79432 0.8813 0.025486 0.16215 0.8765 0.029367 0.16179
10 4 500 0.79432 0.8813 0.025486 0.21593 0.8765 0.029367 0.21506
10 8 1 0.79432 0.6031 0.020521 0.087513 0.6059 0.019034 0.086668
10 8 2 0.79432 0.8207 0.021483 0.090266 0.8191 0.021527 0.089426
10 8 3 0.79432 0.8991 0.017006 0.092872 0.8989 0.015965 0.091907
10 8 4 0.79432 0.9324 0.012943 0.09536 0.9314 0.013347 0.094397
10 8 5 0.79432 0.9454 0.01121 0.097868 0.9447 0.011303 0.096905
10 8 8 0.79432 0.9562 0.0095111 0.10456 0.9554 0.0096805 0.10374
10 8 10 0.79432 0.9573 0.009336 0.10928 0.956 0.0095335 0.10858
10 8 12 0.79432 0.9575 0.0093331 0.11354 0.9562 0.0095311 0.11285
10 8 20 0.79432 0.9576 0.0093116 0.12743 0.9564 0.0095286 0.12665
10 8 25 0.79432 0.9576 0.0093116 0.13264 0.9564 0.0095286 0.13201
10 8 50 0.79432 0.9576 0.0093116 0.14668 0.9564 0.0095286 0.14424
10 8 75 0.79432 0.9576 0.0093116 0.14867 0.9564 0.0095286 0.14755
10 8 100 0.79432 0.9576 0.0093116 0.15889 0.9564 0.0095286 0.15813
10 8 250 0.79432 0.9576 0.0093116 0.1936 0.9564 0.0095286 0.19209
10 8 500 0.79432 0.9576 0.0093116 0.25138 0.9564 0.0095286 0.24976
10 16 1 0.79432 0.606 0.019584 0.092276 0.6086 0.018705 0.095683
10 16 2 0.79432 0.8283 0.018788 0.096914 0.8271 0.019475 0.093889
10 16 3 0.79432 0.9148 0.011933 0.097492 0.9128 0.011748 0.096294
10 16 4 0.79432 0.9509 0.0072464 0.099617 0.9497 0.008048 0.098669
10 16 5 0.79432 0.9675 0.0050988 0.10214 0.967 0.0053564 0.10131
10 16 8 0.79432 0.9837 0.0026269 0.10925 0.9832 0.0025803 0.1084
10 16 10 0.79432 0.9867 0.0019951 0.11423 0.9858 0.0022406 0.11342
10 16 12 0.79432 0.9885 0.0017995 0.1189 0.9868 0.0020878 0.11811
10 16 20 0.79432 0.9893 0.0016772 0.13784 0.9879 0.0019455 0.13691
10 16 25 0.79432 0.9893 0.0016772 0.14912 0.9879 0.0019455 0.14867
10 16 50 0.79432 0.9893 0.0016772 0.18514 0.988 0.0019379 0.18426
10 16 75 0.79432 0.9893 0.0016772 0.19223 0.988 0.0019379 0.19191
10 16 100 0.79432 0.9893 0.0016772 0.20505 0.988 0.0019379 0.20483
10 16 250 0.79432 0.9893 0.0016772 0.24456 0.988 0.0019379 0.24358
10 16 500 0.79432 0.9893 0.0016772 0.30824 0.988 0.0019379 0.30802
10 32 1 0.79432 0.6061 0.019572 0.099771 0.609 0.018658 0.098903
10 32 2 0.79432 0.8295 0.018258 0.10286 0.8282 0.019184 0.10203
10 32 3 0.79432 0.9168 0.011189 0.10522 0.9149 0.011079 0.10436
10 32 4 0.79432 0.9541 0.0061694 0.11159 0.9534 0.0071956 0.11033
10 32 5 0.79432 0.9718 0.0039487 0.1113 0.9712 0.004435 0.11046
10 32 8 0.79432 0.9899 0.0013694 0.11776 0.99 0.0014414 0.11714
10 32 10 0.79432 0.9934 0.00087732 0.12261 0.9941 0.00081601 0.12305
10 32 12 0.79432 0.996 0.0006046 0.12737 0.9952 0.00065762 0.12639
10 32 20 0.79432 0.9979 0.0003059 0.14611 0.998 0.00031632 0.14537
10 32 25 0.79432 0.9981 0.00028668 0.15839 0.998 0.00031632 0.15744
10 32 50 0.79432 0.9981 0.00028668 0.21732 0.9983 0.0002874 0.21698
10 32 75 0.79432 0.9981 0.00028668 0.26591 0.9983 0.0002874 0.2672
10 32 100 0.79432 0.9981 0.00028668 0.28786 0.9983 0.0002874 0.28689
10 32 250 0.79432 0.9981 0.00028668 0.33668 0.9983 0.0002874 0.33688
10 32 500 0.79432 0.9981 0.00028668 0.41075 0.9983 0.0002874 0.41224
10 64 1 0.79432 0.6062 0.019561 0.11494 0.609 0.018658 0.11412
10 64 2 0.79432 0.8295 0.018278 0.11796 0.8283 0.019128 0.11699
10 64 3 0.79432 0.9169 0.011136 0.12043 0.9151 0.011033 0.1194
10 64 4 0.79432 0.9545 0.0060458 0.12287 0.9537 0.0069933 0.12222
10 64 5 0.79432 0.972 0.0038999 0.12541 0.9716 0.0042977 0.12541
10 64 8 0.79432 0.9906 0.0011928 0.13287 0.9904 0.0013292 0.13175
10 64 10 0.79432 0.994 0.0007047 0.1383 0.995 0.0005956 0.13767
10 64 12 0.79432 0.9969 0.00038077 0.14226 0.9962 0.00044601 0.14168
10 64 20 0.79432 0.9992 9.9459e-05 0.16157 0.9994 5.97e-05 0.16312
10 64 25 0.79432 0.9995 4.98e-05 0.17943 0.9995 4.98e-05 0.17287
10 64 50 0.79432 0.9998 1.998e-05 0.23583 0.9999 1e-05 0.2354
10 64 75 0.79432 0.9998 1.998e-05 0.29831 0.9999 1e-05 0.29651
10 64 100 0.79432 0.9998 1.998e-05 0.35889 0.9999 1e-05 0.35831
10 64 250 0.79432 0.9998 1.998e-05 0.5071 0.9999 1e-05 0.50644
10 64 500 0.79432 0.9998 1.998e-05 0.60118 0.9999 1e-05 0.6025
10 128 1 0.79432 0.6062 0.019561 0.14286 0.609 0.018658 0.14228
10 128 2 0.79432 0.8295 0.018278 0.14616 0.8283 0.019128 0.14524
10 128 3 0.79432 0.9169 0.011136 0.14901 0.9151 0.011033 0.14902
10 128 4 0.79432 0.9545 0.0060458 0.15191 0.9537 0.0069933 0.15098
10 128 5 0.79432 0.972 0.0038999 0.15352 0.9716 0.0042977 0.1538
10 128 8 0.79432 0.9906 0.0011928 0.16155 0.9904 0.0013292 0.15984
10 128 10 0.79432 0.9941 0.00069589 0.16848 0.995 0.0005956 0.16566
10 128 12 0.79432 0.997 0.00037137 0.17041 0.9963 0.00041673 0.16997
10 128 20 0.79432 0.9993 8.96e-05 0.18984 0.9995 4.98e-05 0.18915
10 128 25 0.79432 0.9996 3.988e-05 0.20219 0.9996 3.988e-05 0.20122
10 128 50 0.79432 0.9999 1e-05 0.26398 1 0 0.2637
10 128 75 0.79432 0.9999 1e-05 0.3281 1 0 0.32699
10 128 100 0.79432 1 0 0.39346 1 0 0.39384
10 128 250 0.79432 1 0 0.75858 1 0 0.75991
10 128 500 0.79432 1 0 0.94305 1 0 0.94232
10 256 1 0.79432 0.6062 0.019561 0.19657 0.609 0.018658 0.19409
10 256 2 0.79432 0.8295 0.018278 0.19784 0.8283 0.019128 0.1971
10 256 3 0.79432 0.9169 0.011136 0.20062 0.9151 0.011033 0.19974
10 256 4 0.79432 0.9545 0.0060458 0.20286 0.9537 0.0069933 0.20241
10 256 5 0.79432 0.972 0.0038999 0.20551 0.9716 0.0042977 0.20485
10 256 8 0.79432 0.9906 0.0011928 0.21268 0.9904 0.0013292 0.21192
10 256 10 0.79432 0.9941 0.00069589 0.2178 0.995 0.0005956 0.21921
10 256 12 0.79432 0.997 0.00037137 0.22465 0.9963 0.00041673 0.22179
10 256 20 0.79432 0.9993 8.96e-05 0.24788 0.9995 4.98e-05 0.24396
10 256 25 0.79432 0.9996 3.988e-05 0.25396 0.9996 3.988e-05 0.25338
10 256 50 0.79432 0.9999 1e-05 0.31617 1 0 0.31555
10 256 75 0.79432 0.9999 1e-05 0.38032 1 0 0.37904
10 256 100 0.79432 1 0 0.44572 1 0 0.44526
10 256 250 0.79432 1 0 0.83764 1 0 0.83409
10 256 500 0.79432 1 0 1.4543 1 0 1.4545
10 512 1 0.79432 0.6062 0.019561 0.24081 0.609 0.018658 0.23989
10 512 2 0.79432 0.8295 0.018278 0.24447 0.8283 0.019128 0.24409
10 512 3 0.79432 0.9169 0.011136 0.24771 0.9151 0.011033 0.24575
10 512 4 0.79432 0.9545 0.0060458 0.24862 0.9537 0.0069933 0.2478
10 512 5 0.79432 0.972 0.0038999 0.25123 0.9716 0.0042977 0.25039
10 512 8 0.79432 0.9906 0.0011928 0.25866 0.9904 0.0013292 0.25811
10 512 10 0.79432 0.9941 0.00069589 0.2636 0.995 0.0005956 0.26269
10 512 12 0.79432 0.997 0.00037137 0.26824 0.9963 0.00041673 0.26736
10 512 20 0.79432 0.9993 8.96e-05 0.28691 0.9995 4.98e-05 0.28658
10 512 25 0.79432 0.9996 3.988e-05 0.29944 0.9996 3.988e-05 0.29898
10 512 50 0.79432 0.9999 1e-05 0.36248 1 0 0.36145
10 512 75 0.79432 0.9999 1e-05 0.43087 1 0 0.42489
10 512 100 0.79432 1 0 0.49192 1 0 0.49193
10 512 250 0.79432 1 0 0.88336 1 0 0.8826
10 512 500 0.79432 1 0 1.5142 1 0 1.5121
10 1024 1 0.79432 0.6062 0.019561 0.26194 0.609 0.018658 0.26067
10 1024 2 0.79432 0.8295 0.018278 0.26489 0.8283 0.019128 0.26423
10 1024 3 0.79432 0.9169 0.011136 0.26682 0.9151 0.011033 0.26644
10 1024 4 0.79432 0.9545 0.0060458 0.26979 0.9537 0.0069933 0.26848
10 1024 5 0.79432 0.972 0.0038999 0.27182 0.9716 0.0042977 0.27128
10 1024 8 0.79432 0.9906 0.0011928 0.28003 0.9904 0.0013292 0.279
10 1024 10 0.79432 0.9941 0.00069589 0.28873 0.995 0.0005956 0.28427
10 1024 12 0.79432 0.997 0.00037137 0.29117 0.9963 0.00041673 0.28905
10 1024 20 0.79432 0.9993 8.96e-05 0.30788 0.9995 4.98e-05 0.30727
10 1024 25 0.79432 0.9996 3.988e-05 0.31996 0.9996 3.988e-05 0.31917
10 1024 50 0.79432 0.9999 1e-05 0.38276 1 0 0.3817
10 1024 75 0.79432 0.9999 1e-05 0.44577 1 0 0.44481
10 1024 100 0.79432 1 0 0.51198 1 0 0.5118
10 1024 250 0.79432 1 0 0.90194 1 0 0.90457
10 1024 500 0.79432 1 0 1.5417 1 0 1.5336
10 2048 1 0.79432 0.6062 0.019561 0.29793 0.609 0.018658 0.29278
10 2048 2 0.79432 0.8295 0.018278 0.30235 0.8283 0.019128 0.29866
10 2048 3 0.79432 0.9169 0.011136 0.29836 0.9151 0.011033 0.29733
10 2048 4 0.79432 0.9545 0.0060458 0.3013 0.9537 0.0069933 0.29999
10 2048 5 0.79432 0.972 0.0038999 0.30349 0.9716 0.0042977 0.30252
10 2048 8 0.79432 0.9906 0.0011928 0.3114 0.9904 0.0013292 0.31024
10 2048 10 0.79432 0.9941 0.00069589 0.31552 0.995 0.0005956 0.31519
10 2048 12 0.79432 0.997 0.00037137 0.32145 0.9963 0.00041673 0.31971
10 2048 20 0.79432 0.9993 8.96e-05 0.33908 0.9995 4.98e-05 0.33875
10 2048 25 0.79432 0.9996 3.988e-05 0.35091 0.9996 3.988e-05 0.35026
10 2048 50 0.79432 0.9999 1e-05 0.41396 1 0 0.41278
10 2048 75 0.79432 0.9999 1e-05 0.47725 1 0 0.47531
10 2048 100 0.79432 1 0 0.54307 1 0 0.54112
10 2048 250 0.79432 1 0 0.93815 1 0 0.93307
10 2048 500 0.79432 1 0 1.5636 1 0 1.5618
10 4096 1 0.79432 0.6062 0.019561 0.34979 0.609 0.018658 0.34814
10 4096 2 0.79432 0.8295 0.018278 0.34988 0.8283 0.019128 0.35076
10 4096 3 0.79432 0.9169 0.011136 0.35286 0.9151 0.011033 0.35333
10 4096 4 0.79432 0.9545 0.0060458 0.35808 0.9537 0.0069933 0.35751
10 4096 5 0.79432 0.972 0.0038999 0.35959 0.9716 0.0042977 0.35854
10 4096 8 0.79432 0.9906 0.0011928 0.36805 0.9904 0.0013292 0.36697
10 4096 10 0.79432 0.9941 0.00069589 0.37253 0.995 0.0005956 0.3722
10 4096 12 0.79432 0.997 0.00037137 0.37587 0.9963 0.00041673 0.37566
10 4096 20 0.79432 0.9993 8.96e-05 0.39627 0.9995 4.98e-05 0.39299
10 4096 25 0.79432 0.9996 3.988e-05 0.40727 0.9996 3.988e-05 0.40537
10 4096 50 0.79432 0.9999 1e-05 0.46742 1 0 0.46763
10 4096 75 0.79432 0.9999 1e-05 0.53198 1 0 0.53324
10 4096 100 0.79432 1 0 0.59886 1 0 0.59731
10 4096 250 0.79432 1 0 0.98521 1 0 0.98803
10 4096 500 0.79432 1 0 1.6202 1 0 1.6183
10 8192 1 0.79432 0.6062 0.019561 0.45554 0.609 0.018658 0.45778
10 8192 2 0.79432 0.8295 0.018278 0.45503 0.8283 0.019128 0.45769
10 8192 3 0.79432 0.9169 0.011136 0.46325 0.9151 0.011033 0.46108
10 8192 4 0.79432 0.9545 0.0060458 0.46172 0.9537 0.0069933 0.46205
10 8192 5 0.79432 0.972 0.0038999 0.46711 0.9716 0.0042977 0.46437
10 8192 8 0.79432 0.9906 0.0011928 0.47158 0.9904 0.0013292 0.47175
10 8192 10 0.79432 0.9941 0.00069589 0.48262 0.995 0.0005956 0.48125
10 8192 12 0.79432 0.997 0.00037137 0.48751 0.9963 0.00041673 0.48481
10 8192 20 0.79432 0.9993 8.96e-05 0.50161 0.9995 4.98e-05 0.504
10 8192 25 0.79432 0.9996 3.988e-05 0.51933 0.9996 3.988e-05 0.51338
10 8192 50 0.79432 0.9999 1e-05 0.57509 1 0 0.57696
10 8192 75 0.79432 0.9999 1e-05 0.63898 1 0 0.64154
10 8192 100 0.79432 1 0 0.71073 1 0 0.70735
10 8192 250 0.79432 1 0 1.0943 1 0 1.0964
10 8192 500 0.79432 1 0 1.727 1 0 1.7289
