k n_trees search_k build_time recall var_recall query_time val_recall val_var_recall val_query_time
10 1 25 0.0390026 0.7528 0.072925 0.11955 0.7625 0.070114 0.11495
10 1 50 0.039003 0.7528 0.072925 0.11571 0.7625 0.070114 0.11522
10 1 100 0.039003 0.7528 0.072925 0.11561 0.7625 0.070114 0.11464
10 1 200 0.039003 0.7528 0.072925 0.11528 0.7625 0.070114 0.11505
10 1 400 0.039003 0.7591 0.071589 0.11759 0.7673 0.068749 0.11648
10 1 1000 0.039003 0.9309 0.028143 0.2529 0.9407 0.023197 0.26807
10 1 2000 0.039003 0.9705 0.010891 0.54801 0.9755 0.01012 0.51111
10 1 4000 0.039003 0.9868 0.0033091 0.9071 0.9898 0.003079 0.91131
10 1 10000 0.039003 1 0 2.3674 1 0 2.3521
10 1 20000 0.039003 1 0 2.3703 1 0 2.4244
10 1 40000 0.039003 1 0 2.3362 1 0 2.4014
10 1 100000 0.039003 1 0 2.2985 1 0 2.2906
10 1 200000 0.039003 1 0 2.2847 1 0 2.2863
10 1 400000 0.039003 1 0 2.2837 1 0 2.2857
10 5 25 0.0760674 0.8833 0.041092 0.11463 0.8988 0.033973 0.1146
10 5 50 0.076067 0.8833 0.041092 0.11508 0.8988 0.033973 0.11455
10 5 100 0.076067 0.8833 0.041092 0.11561 0.8988 0.033973 0.11495
10 5 200 0.076067 0.8833 0.041092 0.11477 0.8988 0.033973 0.11444
10 5 400 0.076067 0.8859 0.039791 0.11631 0.8999 0.033363 0.11555
10 5 1000 0.076067 0.9481 0.018675 0.1879 0.953 0.016788 0.18657
10 5 2000 0.076067 0.9724 0.010349 0.25654 0.9777 0.0091419 0.25891
10 5 4000 0.076067 0.9923 0.0022329 0.43202 0.9904 0.0042521 0.42781
10 5 10000 0.076067 0.9989 0.00012892 1.0636 0.9981 0.00062702 1.0503
10 5 20000 0.076067 0.9999 1e-05 2.0079 0.9997 4.996e-05 2.0109
10 5 40000 0.076067 1 0 3.3099 1 0 3.3053
10 5 100000 0.076067 1 0 3.7749 1 0 3.7742
10 5 200000 0.076067 1 0 3.8002 1 0 3.7765
10 5 400000 0.076067 1 0 3.7749 1 0 3.7736
10 10 25 0.124786 0.8975 0.038963 0.12724 0.9111 0.03286 0.12721
10 10 50 0.12479 0.8975 0.038963 0.12787 0.9111 0.03286 0.12706
10 10 100 0.12479 0.8975 0.038963 0.12744 0.9111 0.03286 0.12696
10 10 200 0.12479 0.8975 0.038963 0.12721 0.9111 0.03286 0.12697
10 10 400 0.12479 0.8983 0.038606 0.12795 0.9127 0.03162 0.12801
10 10 1000 0.12479 0.9388 0.022917 0.19091 0.9497 0.017257 0.19005
10 10 2000 0.12479 0.9638 0.014044 0.27071 0.9729 0.010126 0.26724
10 10 4000 0.12479 0.9823 0.0059026 0.39648 0.9879 0.0041878 0.39101
10 10 10000 0.12479 0.9963 0.00081713 0.80549 0.9961 0.001196 0.80626
10 10 20000 0.12479 0.9988 0.00015872 1.6285 0.9985 0.00032808 1.625
10 10 40000 0.12479 0.9999 1e-05 3.0646 0.9997 4.996e-05 3.0494
10 10 100000 0.12479 1 0 5.9667 1 0 5.9748
10 10 200000 0.12479 1 0 5.965 1 0 5.9747
10 10 400000 0.12479 1 0 5.9703 1 0 5.9949
10 25 25 0.287892 0.8971 0.043625 0.1367 0.9108 0.039383 0.13749
10 25 50 0.28789 0.8971 0.043625 0.13729 0.9108 0.039383 0.13744
10 25 100 0.28789 0.8971 0.043625 0.13694 0.9108 0.039383 0.13738
10 25 200 0.28789 0.8971 0.043625 0.13715 0.9108 0.039383 0.13733
10 25 400 0.28789 0.8979 0.043129 0.13729 0.9119 0.038567 0.13796
10 25 1000 0.28789 0.9271 0.029265 0.19682 0.9389 0.025642 0.19979
10 25 2000 0.28789 0.9499 0.01968 0.25769 0.9619 0.014473 0.25332
10 25 4000 0.28789 0.9661 0.012433 0.36505 0.9739 0.0095784 0.36037
10 25 10000 0.28789 0.9849 0.0044064 0.6466 0.9892 0.0034468 0.63995
10 25 20000 0.28789 0.9958 0.00096332 1.1588 0.9956 0.0012018 1.1559
10 25 40000 0.28789 0.9988 0.00015872 2.3759 0.9984 0.00037782 2.36
10 25 100000 0.28789 0.9999 1e-05 5.6204 0.9997 4.996e-05 5.6171
10 25 200000 0.28789 1 0 10.279 1 0 10.601
10 25 400000 0.28789 1 0 12.482 1 0 12.467
10 50 25 0.543514 0.8995 0.044534 0.15731 0.9158 0.038349 0.15879
10 50 50 0.54351 0.8995 0.044534 0.15788 0.9158 0.038349 0.15876
10 50 100 0.54351 0.8995 0.044534 0.15773 0.9158 0.038349 0.15894
10 50 200 0.54351 0.8995 0.044534 0.15793 0.9158 0.038349 0.15882
10 50 400 0.54351 0.9022 0.042458 0.16171 0.9162 0.038016 0.15997
10 50 1000 0.54351 0.9296 0.029153 0.21907 0.9429 0.024814 0.21834
10 50 2000 0.54351 0.9456 0.022503 0.27248 0.9587 0.017061 0.27012
10 50 4000 0.54351 0.96 0.015495 0.37363 0.9722 0.010578 0.37076
10 50 10000 0.54351 0.9774 0.007737 0.63278 0.9829 0.0060036 0.62328
10 50 20000 0.54351 0.9876 0.0033896 1.0344 0.9918 0.0022951 1.024
10 50 40000 0.54351 0.998 0.00035636 1.9235 0.9961 0.00099579 1.9119
10 50 100000 0.54351 0.9994 7.972e-05 4.9505 0.9991 0.00016936 4.9359
10 50 200000 0.54351 0.9999 1e-05 9.7171 0.9997 4.996e-05 9.8713
10 50 400000 0.54351 1 0 18.622 1 0 18.632
10 100 25 1.10566 0.8931 0.043005 0.1841 0.9101 0.038486 0.18477
10 100 50 1.1057 0.8931 0.043005 0.18562 0.9101 0.038486 0.18505
10 100 100 1.1057 0.8931 0.043005 0.18737 0.9101 0.038486 0.18624
10 100 200 1.1057 0.8931 0.043005 0.18571 0.9101 0.038486 0.18582
10 100 400 1.1057 0.8944 0.042271 0.18444 0.9101 0.038486 0.18465
10 100 1000 1.1057 0.9253 0.028619 0.24296 0.9396 0.023956 0.24207
10 100 2000 1.1057 0.9473 0.019552 0.29296 0.9581 0.01587 0.29568
10 100 4000 1.1057 0.9616 0.0141 0.39147 0.9707 0.010922 0.38968
10 100 10000 1.1057 0.9752 0.008033 0.64047 0.9828 0.00583 0.63537
10 100 20000 1.1057 0.9833 0.0046558 1.0206 0.9883 0.0032964 1.0109
10 100 40000 1.1057 0.9925 0.0015153 1.762 0.994 0.0015656 1.7437
10 100 100000 1.1057 0.9989 0.00018898 4.2086 0.9988 0.0002388 4.1794
10 100 200000 1.1057 0.9996 3.988e-05 8.8353 0.9995 6.982e-05 8.8086
10 100 400000 1.1057 1 0 18.005 0.9997 4.996e-05 17.898
10 200 25 2.18948 0.8954 0.0414 0.24805 0.9123 0.035074 0.25046
10 200 50 2.1895 0.8954 0.0414 0.24738 0.9123 0.035074 0.24937
10 200 100 2.1895 0.8954 0.0414 0.24737 0.9123 0.035074 0.24951
10 200 200 2.1895 0.8954 0.0414 0.24736 0.9123 0.035074 0.25397
10 200 400 2.1895 0.8955 0.041271 0.24786 0.9126 0.034816 0.24968
10 200 1000 2.1895 0.9249 0.028719 0.30761 0.9391 0.022484 0.30973
10 200 2000 2.1895 0.9434 0.021638 0.35945 0.9581 0.014669 0.35828
10 200 4000 2.1895 0.9576 0.016038 0.45285 0.9711 0.0097445 0.45299
10 200 10000 2.1895 0.9722 0.010017 0.69922 0.9812 0.0066732 0.69456
10 200 20000 2.1895 0.9791 0.0071003 1.069 0.9861 0.0048416 1.0624
10 200 40000 2.1895 0.9864 0.003939 1.7647 0.9906 0.0028145 1.7603
10 200 100000 2.1895 0.9957 0.00081232 3.8674 0.9964 0.00092797 3.9909
10 200 200000 2.1895 0.9989 0.00018898 7.8775 0.999 0.00021922 7.8266
10 200 400000 2.1895 0.9998 1.998e-05 16.949 0.9996 5.99e-05 16.689
10 400 25 4.27126 0.9086 0.036923 0.3845 0.9198 0.030659 0.39131
10 400 50 4.2713 0.9086 0.036923 0.36869 0.9198 0.030659 0.37061
10 400 100 4.2713 0.9086 0.036923 0.3678 0.9198 0.030659 0.36928
10 400 200 4.2713 0.9086 0.036923 0.36832 0.9198 0.030659 0.37108
10 400 400 4.2713 0.909 0.036536 0.37122 0.9202 0.030282 0.37146
10 400 1000 4.2713 0.9361 0.02361 0.43256 0.9451 0.019576 0.43344
10 400 2000 4.2713 0.9495 0.018438 0.48152 0.9597 0.01418 0.48098
10 400 4000 4.2713 0.9601 0.014613 0.58213 0.9717 0.0092383 0.58081
10 400 10000 4.2713 0.9715 0.0095873 0.82332 0.9815 0.006294 0.82399
10 400 20000 4.2713 0.981 0.0056847 1.2033 0.9861 0.0047816 1.1936
10 400 40000 4.2713 0.9868 0.0035493 1.8906 0.9896 0.0033752 1.8787
10 400 100000 4.2713 0.9918 0.0017745 3.9026 0.9943 0.0013789 3.8494
10 400 200000 4.2713 0.9979 0.0003059 7.3957 0.9981 0.0003067 7.3759
10 400 400000 4.2713 0.9993 8.96e-05 15.365 0.9993 0.00012964 15.276
