k m efc search build_time recall var_recall query_time val_recall val_var_recall val_query_time
10 4 100 10 0.915175 0.064 0.0053576 0.0027827 0.064 0.0049535 0.0020153
10 4 100 20 0.91517 0.122 0.0096121 0.0032269 0.116 0.0092364 0.0032023
10 4 100 40 0.91517 0.269 0.018928 0.0057093 0.233 0.019405 0.0052386
10 4 100 60 0.91517 0.379 0.023898 0.0075697 0.34 0.024242 0.0075327
10 4 100 80 0.91517 0.471 0.02208 0.010549 0.451 0.024544 0.010451
10 4 100 100 0.91517 0.551 0.022322 0.012841 0.538 0.023188 0.012646
10 4 100 120 0.91517 0.625 0.020278 0.014982 0.603 0.023526 0.014526
10 4 100 200 0.91517 0.782 0.01644 0.025899 0.777 0.018759 0.026044
10 4 100 400 0.91517 0.898 0.0078747 0.060721 0.911 0.0072515 0.063665
10 4 100 600 0.91517 0.95 0.0049495 0.1097 0.949 0.0039384 0.10604
10 4 100 800 0.91517 0.969 0.0035747 0.1564 0.969 0.0029687 0.16161
10 4 100 1000 0.91517 0.976 0.0030545 0.21773 0.983 0.0018293 0.22087
10 4 100 1200 0.91517 0.984 0.0015596 0.32142 0.985 0.0014899 0.32152
10 4 100 1500 0.91517 0.988 0.0010667 0.43133 0.994 0.0005697 0.43271
10 4 100 2000 0.91517 0.995 0.0004798 0.77045 0.997 0.00029394 0.7454
10 4 500 10 2.9577 0.048 0.0049455 0.0030602 0.049 0.0045444 0.0022466
10 4 500 20 2.9577 0.099 0.0091909 0.0032795 0.098 0.0090869 0.0031048
10 4 500 40 2.9577 0.195 0.012399 0.0055062 0.198 0.017572 0.005384
10 4 500 60 2.9577 0.289 0.020585 0.0078219 0.275 0.019672 0.0076351
10 4 500 80 2.9577 0.361 0.023615 0.010759 0.366 0.022267 0.010608
10 4 500 100 2.9577 0.439 0.029676 0.012749 0.435 0.023914 0.012573
10 4 500 120 2.9577 0.508 0.028622 0.015654 0.506 0.029257 0.015452
10 4 500 200 2.9577 0.724 0.015984 0.028191 0.686 0.02162 0.02726
10 4 500 400 2.9577 0.904 0.0072566 0.062288 0.907 0.0099505 0.059844
10 4 500 600 2.9577 0.959 0.0028475 0.10177 0.964 0.0039434 0.10894
10 4 500 800 2.9577 0.973 0.0021929 0.16447 0.986 0.0012162 0.17565
10 4 500 1000 2.9577 0.982 0.0016929 0.23813 0.994 0.0005697 0.22564
10 4 500 1200 2.9577 0.986 0.0014182 0.31185 0.997 0.00029394 0.30183
10 4 500 1500 2.9577 0.993 0.00065758 0.46301 0.998 0.00019798 0.46112
10 4 500 2000 2.9577 0.997 0.00029394 0.7902 1 0 0.7889
10 8 100 10 2.20216 0.107 0.0083343 0.0040281 0.118 0.011996 0.0031605
10 8 100 20 2.2022 0.219 0.013878 0.0050266 0.205 0.018258 0.0048571
10 8 100 40 2.2022 0.399 0.020302 0.0088007 0.358 0.025491 0.0086822
10 8 100 60 2.2022 0.509 0.021433 0.012982 0.485 0.02654 0.012492
10 8 100 80 2.2022 0.6 0.02202 0.01652 0.56 0.025859 0.016273
10 8 100 100 2.2022 0.675 0.02149 0.020284 0.635 0.023106 0.020197
10 8 100 120 2.2022 0.732 0.021794 0.024773 0.71 0.018687 0.024205
10 8 100 200 2.2022 0.877 0.012698 0.041455 0.843 0.014597 0.04125
10 8 100 400 2.2022 0.969 0.0025646 0.09048 0.978 0.0023394 0.089402
10 8 100 600 2.2022 0.992 0.00074343 0.14837 0.991 0.0012313 0.14888
10 8 100 800 2.2022 0.996 0.00038788 0.22305 0.998 0.00019798 0.22229
10 8 100 1000 2.2022 0.998 0.00019798 0.31215 0.999 0.0001 0.30559
10 8 100 1200 2.2022 0.998 0.00019798 0.41154 1 0 0.40849
10 8 100 1500 2.2022 0.999 0.0001 0.59551 1 0 0.60254
10 8 100 2000 2.2022 1 0 1.0021 1 0 1.0116
10 8 500 10 7.34539 0.062 0.0044 0.0043518 0.076 0.007499 0.0033845
10 8 500 20 7.3454 0.149 0.010403 0.0053273 0.153 0.013829 0.0049895
10 8 500 40 7.3454 0.288 0.01844 0.009223 0.287 0.021546 0.0088495
10 8 500 60 7.3454 0.426 0.023358 0.01309 0.419 0.021555 0.013546
10 8 500 80 7.3454 0.516 0.024994 0.017289 0.531 0.024787 0.016571
10 8 500 100 7.3454 0.598 0.024036 0.020979 0.597 0.022314 0.020592
10 8 500 120 7.3454 0.665 0.021894 0.025399 0.666 0.016408 0.024592
10 8 500 200 7.3454 0.869 0.014282 0.042805 0.869 0.010241 0.042195
10 8 500 400 7.3454 0.98 0.0028283 0.095408 0.987 0.0015465 0.095959
10 8 500 600 7.3454 0.996 0.0005899 0.15708 0.995 0.0004798 0.1543
10 8 500 800 7.3454 0.998 0.0004 0.23479 0.998 0.00019798 0.232
10 8 500 1000 7.3454 0.999 0.0001 0.32695 1 0 0.32284
10 8 500 1200 7.3454 0.999 0.0001 0.43866 1 0 0.43383
10 8 500 1500 7.3454 1 0 0.63302 1 0 0.62317
10 8 500 2000 7.3454 1 0 1.044 1 0 1.0377
10 12 100 10 4.20077 0.115 0.010581 0.0055304 0.117 0.008698 0.0044021
10 12 100 20 4.2008 0.245 0.01846 0.0069821 0.237 0.015284 0.0068144
10 12 100 40 4.2008 0.442 0.019632 0.01283 0.432 0.026036 0.012697
10 12 100 60 4.2008 0.608 0.022562 0.018109 0.588 0.028339 0.017627
10 12 100 80 4.2008 0.709 0.020827 0.023363 0.682 0.022905 0.023107
10 12 100 100 4.2008 0.785 0.018258 0.028904 0.765 0.017854 0.028658
10 12 100 120 4.2008 0.828 0.014966 0.034433 0.821 0.012787 0.034165
10 12 100 200 4.2008 0.929 0.0067263 0.058456 0.933 0.0048596 0.057882
10 12 100 400 4.2008 0.993 0.00065758 0.1271 0.995 0.0004798 0.12794
10 12 100 600 4.2008 0.998 0.00019798 0.21168 1 0 0.21313
10 12 100 800 4.2008 0.999 0.0001 0.31595 1 0 0.31557
10 12 100 1000 4.2008 0.999 0.0001 0.43792 1 0 0.44133
10 12 100 1200 4.2008 1 0 0.5814 1 0 0.5775
10 12 100 1500 4.2008 1 0 0.82738 1 0 0.82506
10 12 100 2000 4.2008 1 0 1.3135 1 0 1.3199
10 12 500 10 13.2241 0.101 0.0087869 0.0059673 0.082 0.0069455 0.0045203
10 12 500 20 13.224 0.187 0.015486 0.0071874 0.177 0.014718 0.0070008
10 12 500 40 13.224 0.353 0.01888 0.012551 0.313 0.021546 0.012484
10 12 500 60 13.224 0.493 0.025708 0.0185 0.448 0.024743 0.017973
10 12 500 80 13.224 0.597 0.023526 0.024401 0.565 0.021894 0.023614
10 12 500 100 13.224 0.677 0.022395 0.032017 0.653 0.020092 0.031335
10 12 500 120 13.224 0.741 0.017393 0.03616 0.734 0.016206 0.035465
10 12 500 200 13.224 0.897 0.0087788 0.061042 0.888 0.011774 0.060555
10 12 500 400 13.224 0.987 0.0013444 0.13447 0.981 0.0019586 0.13424
10 12 500 600 13.224 0.998 0.00019798 0.22725 0.995 0.0004798 0.22666
10 12 500 800 13.224 1 0 0.3361 1 0 0.33639
10 12 500 1000 13.224 1 0 0.46733 1 0 0.46969
10 12 500 1200 13.224 1 0 0.61277 1 0 0.60962
10 12 500 1500 13.224 1 0 0.86874 1 0 0.8644
10 12 500 2000 13.224 1 0 1.3587 1 0 1.3607
10 16 100 10 6.73699 0.161 0.01614 0.0066097 0.152 0.016865 0.0055699
10 16 100 20 6.737 0.315 0.017247 0.00897 0.289 0.028666 0.0088695
10 16 100 40 6.737 0.512 0.018844 0.016356 0.493 0.029546 0.016275
10 16 100 60 6.737 0.666 0.016812 0.023802 0.627 0.025425 0.023667
10 16 100 80 6.737 0.767 0.014557 0.031311 0.733 0.020213 0.030906
10 16 100 100 6.737 0.829 0.010565 0.038619 0.821 0.012787 0.038882
10 16 100 120 6.737 0.872 0.0093091 0.047183 0.865 0.010581 0.046656
10 16 100 200 6.737 0.958 0.0038747 0.076423 0.967 0.0036475 0.075949
10 16 100 400 6.737 0.994 0.0005697 0.17302 0.998 0.00019798 0.173
10 16 100 600 6.737 0.998 0.00019798 0.29756 0.999 0.0001 0.29597
10 16 100 800 6.737 0.999 0.0001 0.48118 0.999 0.0001 0.44498
10 16 100 1000 6.737 1 0 0.61001 0.999 0.0001 0.59741
10 16 100 1200 6.737 1 0 0.80805 1 0 0.8126
10 16 100 1500 6.737 1 0 1.121 1 0 1.0906
10 16 100 2000 6.737 1 0 1.5894 1 0 1.5958
10 16 500 10 20.4441 0.156 0.012792 0.0068045 0.131 0.014484 0.0055311
10 16 500 20 20.444 0.257 0.014395 0.0093571 0.236 0.023135 0.0089591
10 16 500 40 20.444 0.45 0.025152 0.016684 0.407 0.029142 0.015922
10 16 500 60 20.444 0.601 0.024948 0.023641 0.556 0.024913 0.0233
10 16 500 80 20.444 0.687 0.020536 0.031335 0.667 0.020415 0.03081
10 16 500 100 20.444 0.778 0.021127 0.038753 0.743 0.017627 0.038608
10 16 500 120 20.444 0.823 0.016536 0.047196 0.814 0.014347 0.047005
10 16 500 200 20.444 0.94 0.0054545 0.080273 0.943 0.005102 0.080898
10 16 500 400 20.444 0.992 0.00074343 0.18479 0.996 0.00038788 0.1846
10 16 500 600 20.444 1 0 0.31632 0.998 0.00019798 0.31856
10 16 500 800 20.444 1 0 0.47592 1 0 0.4732
10 16 500 1000 20.444 1 0 0.66031 1 0 0.63144
10 16 500 1200 20.444 1 0 0.81919 1 0 0.82856
10 16 500 1500 20.444 1 0 1.1615 1 0 1.1338
10 16 500 2000 20.444 1 0 1.7091 1 0 1.7045
10 24 100 10 11.929 0.172 0.019208 0.0094754 0.142 0.010137 0.0076653
10 24 100 20 11.929 0.304 0.022004 0.013312 0.273 0.020173 0.012784
10 24 100 40 11.929 0.523 0.020981 0.024522 0.51 0.027778 0.025368
10 24 100 60 11.929 0.686 0.020408 0.03571 0.666 0.023681 0.034902
10 24 100 80 11.929 0.791 0.014969 0.046342 0.773 0.018759 0.046134
10 24 100 100 11.929 0.858 0.012158 0.058803 0.848 0.014238 0.057702
10 24 100 120 11.929 0.902 0.0094909 0.071419 0.888 0.01036 0.0702
10 24 100 200 11.929 0.969 0.0033727 0.12402 0.955 0.0043182 0.12447
10 24 100 400 11.929 0.997 0.00029394 0.29349 0.998 0.00019798 0.29544
10 24 100 600 11.929 1 0 0.50176 1 0 0.50122
10 24 100 800 11.929 1 0 0.72415 1 0 0.72727
10 24 100 1000 11.929 1 0 0.95035 1 0 0.94729
10 24 100 1200 11.929 1 0 1.1725 1 0 1.1734
10 24 100 1500 11.929 1 0 1.514 1 0 1.5032
10 24 100 2000 11.929 1 0 2.1112 1 0 2.0735
10 24 500 10 37.9602 0.135 0.012803 0.0098478 0.117 0.0099101 0.0078358
10 24 500 20 37.96 0.255 0.021086 0.013186 0.243 0.016819 0.012944
10 24 500 40 37.96 0.477 0.021183 0.024877 0.447 0.021102 0.0253
10 24 500 60 37.96 0.621 0.019252 0.035518 0.61 0.026768 0.035585
10 24 500 80 37.96 0.728 0.014158 0.047475 0.722 0.018501 0.047627
10 24 500 100 37.96 0.818 0.0097737 0.059982 0.815 0.014621 0.05933
10 24 500 120 37.96 0.877 0.0098697 0.071526 0.859 0.011736 0.072181
10 24 500 200 37.96 0.96 0.0034343 0.13063 0.961 0.0034131 0.12958
10 24 500 400 37.96 0.999 0.0001 0.30907 0.998 0.00019798 0.30799
10 24 500 600 37.96 1 0 0.52352 0.999 0.0001 0.51983
10 24 500 800 37.96 1 0 0.74674 1 0 0.74439
10 24 500 1000 37.96 1 0 0.97587 1 0 0.97471
10 24 500 1200 37.96 1 0 1.2013 1 0 1.1971
10 24 500 1500 37.96 1 0 1.5303 1 0 1.5258
10 24 500 2000 37.96 1 0 2.0811 1 0 2.0863
10 36 100 10 20.0328 0.182 0.013208 0.013573 0.191 0.015777 0.011127
10 36 100 20 20.033 0.353 0.019486 0.019904 0.339 0.026847 0.019431
10 36 100 40 20.033 0.589 0.021393 0.038906 0.582 0.024117 0.037366
10 36 100 60 20.033 0.745 0.020278 0.056352 0.742 0.01741 0.055821
10 36 100 80 20.033 0.847 0.013021 0.074977 0.843 0.013587 0.075367
10 36 100 100 20.033 0.909 0.01012 0.096557 0.901 0.0081808 0.096559
10 36 100 120 20.033 0.947 0.0063545 0.1179 0.941 0.0056758 0.1186
10 36 100 200 20.033 0.99 0.0011111 0.21979 0.993 0.00065758 0.21924
10 36 100 400 20.033 0.999 0.0001 0.53403 0.999 0.0001 0.52858
10 36 100 600 20.033 1 0 0.84615 1 0 0.84678
10 36 100 800 20.033 1 0 1.1403 1 0 1.141
10 36 100 1000 20.033 1 0 1.4092 1 0 1.403
10 36 100 1200 20.033 1 0 1.6843 1 0 1.6647
10 36 100 1500 20.033 1 0 2.0647 1 0 2.0394
10 36 100 2000 20.033 1 0 2.7068 1 0 2.6519
10 36 500 10 72.3346 0.187 0.0169 0.014507 0.195 0.018258 0.011794
10 36 500 20 72.335 0.345 0.020278 0.020681 0.335 0.028157 0.020511
10 36 500 40 72.335 0.55 0.022727 0.039118 0.546 0.028368 0.038915
10 36 500 60 72.335 0.719 0.017716 0.05897 0.694 0.022994 0.059092
10 36 500 80 72.335 0.827 0.011688 0.079332 0.799 0.016666 0.080018
10 36 500 100 72.335 0.905 0.0081566 0.10085 0.872 0.010925 0.10236
10 36 500 120 72.335 0.935 0.0055303 0.12402 0.923 0.0062333 0.12436
10 36 500 200 72.335 0.99 0.00090909 0.22959 0.989 0.00098889 0.22904
10 36 500 400 72.335 1 0 0.55635 0.999 0.0001 0.55482
10 36 500 600 72.335 1 0 0.89061 1 0 0.8908
10 36 500 800 72.335 1 0 1.1817 1 0 1.1651
10 36 500 1000 72.335 1 0 1.4303 1 0 1.4322
10 36 500 1200 72.335 1 0 1.727 1 0 1.724
10 36 500 1500 72.335 1 0 2.1078 1 0 2.0994
10 36 500 2000 72.335 1 0 2.633 1 0 2.6343
10 48 100 10 26.946 0.224 0.012145 0.017862 0.2 0.017576 0.014775
10 48 100 20 26.946 0.421 0.016019 0.027143 0.387 0.024779 0.026575
10 48 100 40 26.946 0.658 0.019228 0.052366 0.656 0.019055 0.051406
10 48 100 60 26.946 0.801 0.014241 0.07978 0.783 0.015769 0.080371
10 48 100 80 26.946 0.883 0.0076879 0.10954 0.879 0.010363 0.10972
10 48 100 100 26.946 0.929 0.0055141 0.14166 0.929 0.0069283 0.14198
10 48 100 120 26.946 0.957 0.0034859 0.17646 0.965 0.0039141 0.17827
10 48 100 200 26.946 0.995 0.0004798 0.33355 0.996 0.00038788 0.3355
10 48 100 400 26.946 1 0 0.78136 0.999 0.0001 0.77973
10 48 100 600 26.946 1 0 1.1643 1 0 1.1624
10 48 100 800 26.946 1 0 1.5138 1 0 1.4876
10 48 100 1000 26.946 1 0 1.7955 1 0 1.7825
10 48 100 1200 26.946 1 0 2.0571 1 0 2.0553
10 48 100 1500 26.946 1 0 2.4482 1 0 2.4478
10 48 100 2000 26.946 1 0 3.0766 1 0 3.074
10 48 500 10 108.625 0.192 0.016703 0.029726 0.195 0.017045 0.02357
10 48 500 20 108.63 0.362 0.020966 0.037256 0.361 0.024423 0.028472
10 48 500 40 108.63 0.612 0.020057 0.054479 0.617 0.024456 0.054695
10 48 500 60 108.63 0.791 0.015575 0.082823 0.771 0.014403 0.083334
10 48 500 80 108.63 0.896 0.0088727 0.11292 0.872 0.0093091 0.11388
10 48 500 100 108.63 0.94 0.0064646 0.14691 0.928 0.0064808 0.14796
10 48 500 120 108.63 0.97 0.0029293 0.18244 0.965 0.0033081 0.1828
10 48 500 200 108.63 0.996 0.00038788 0.34608 0.996 0.00038788 0.34575
10 48 500 400 108.63 1 0 0.81245 1 0 0.82792
10 48 500 600 108.63 1 0 1.1828 1 0 1.1876
10 48 500 800 108.63 1 0 1.5267 1 0 1.5077
10 48 500 1000 108.63 1 0 1.8118 1 0 1.798
10 48 500 1200 108.63 1 0 2.0645 1 0 2.0618
10 48 500 1500 108.63 1 0 2.4755 1 0 2.4429
10 48 500 2000 108.63 1 0 3.0647 1 0 3.0539
10 64 100 10 187.361 0.263 0.015082 0.039432 0.238 0.016117 0.030902
10 64 100 20 187.36 0.425 0.017247 0.047544 0.417 0.026072 0.037629
10 64 100 40 187.36 0.669 0.022363 0.074543 0.665 0.017449 0.074358
10 64 100 60 187.36 0.81 0.015051 0.11663 0.8 0.01697 0.1157
10 64 100 80 187.36 0.9 0.0090909 0.16109 0.873 0.011688 0.16064
10 64 100 100 187.36 0.939 0.0052313 0.20869 0.929 0.0061202 0.20938
10 64 100 120 187.36 0.96 0.0032323 0.2613 0.961 0.0032111 0.26188
10 64 100 200 187.36 0.994 0.0005697 0.50007 0.995 0.0004798 0.50091
10 64 100 400 187.36 1 0 1.0637 1 0 1.0586
10 64 100 600 187.36 1 0 1.5182 1 0 1.5082
10 64 100 800 187.36 1 0 1.8513 1 0 1.8498
10 64 100 1000 187.36 1 0 2.2557 1 0 2.2182
10 64 100 1200 187.36 1 0 2.5104 1 0 2.4633
10 64 100 1500 187.36 1 0 2.8493 1 0 2.9531
10 64 100 2000 187.36 1 0 3.5161 1 0 3.4686
10 64 500 10 141.419 0.267 0.018597 0.023887 0.24 0.018384 0.020915
10 64 500 20 141.42 0.433 0.023849 0.039228 0.41 0.023939 0.03858
10 64 500 40 141.42 0.676 0.024065 0.077172 0.654 0.018671 0.076844
10 64 500 60 141.42 0.827 0.013102 0.11937 0.802 0.015349 0.12008
10 64 500 80 141.42 0.914 0.0080848 0.16579 0.895 0.0083586 0.16693
10 64 500 100 141.42 0.949 0.0045444 0.2164 0.952 0.0043394 0.21914
10 64 500 120 141.42 0.973 0.002799 0.27209 0.977 0.0021929 0.27151
10 64 500 200 141.42 0.998 0.00019798 0.51609 0.999 0.0001 0.51459
10 64 500 400 141.42 1 0 1.0833 1 0 1.0813
10 64 500 600 141.42 1 0 1.5128 1 0 1.511
10 64 500 800 141.42 1 0 1.8689 1 0 1.8596
10 64 500 1000 141.42 1 0 2.1771 1 0 2.1757
10 64 500 1200 141.42 1 0 2.47 1 0 2.4589
10 64 500 1500 141.42 1 0 2.872 1 0 2.8447
10 64 500 2000 141.42 1 0 3.5198 1 0 3.4758
10 96 100 10 262.739 0.248 0.016057 0.04155 0.238 0.018743 0.0349
10 96 100 20 262.74 0.434 0.020853 0.067133 0.412 0.024097 0.067023
10 96 100 40 262.74 0.671 0.020666 0.13645 0.658 0.018016 0.13607
10 96 100 60 262.74 0.811 0.014524 0.21996 0.806 0.012489 0.22285
10 96 100 80 262.74 0.901 0.009797 0.31145 0.901 0.0091909 0.32087
10 96 100 100 262.74 0.944 0.0063273 0.41377 0.946 0.0051354 0.41692
10 96 100 120 262.74 0.975 0.002298 0.49068 0.975 0.002096 0.49081
10 96 100 200 262.74 1 0 0.86615 0.998 0.00019798 0.86847
10 96 100 400 262.74 1 0 1.5822 1 0 1.5842
10 96 100 600 262.74 1 0 2.0905 1 0 2.092
10 96 100 800 262.74 1 0 2.5376 1 0 2.4829
10 96 100 1000 262.74 1 0 2.8472 1 0 2.8095
10 96 100 1200 262.74 1 0 3.1022 1 0 3.0971
10 96 100 1500 262.74 1 0 3.5256 1 0 3.5035
10 96 100 2000 262.74 1 0 4.1988 1 0 4.1034
10 96 500 10 143.777 0.252 0.017673 0.035769 0.251 0.015858 0.033981
10 96 500 20 143.78 0.435 0.023106 0.066549 0.412 0.022683 0.067919
10 96 500 40 143.78 0.691 0.022645 0.14114 0.663 0.020738 0.13971
10 96 500 60 143.78 0.823 0.013708 0.21853 0.809 0.011938 0.22174
10 96 500 80 143.78 0.905 0.0083586 0.30916 0.899 0.009797 0.31068
10 96 500 100 143.78 0.949 0.0039384 0.4038 0.948 0.0051475 0.40485
10 96 500 120 143.78 0.971 0.0026859 0.50569 0.975 0.002298 0.50436
10 96 500 200 143.78 0.997 0.00029394 0.89236 0.998 0.00019798 0.89339
10 96 500 400 143.78 1 0 1.6186 1 0 1.6191
10 96 500 600 143.78 1 0 2.1349 1 0 2.1335
10 96 500 800 143.78 1 0 2.532 1 0 2.5279
10 96 500 1000 143.78 1 0 2.868 1 0 2.8706
10 96 500 1200 143.78 1 0 3.1604 1 0 3.1637
10 96 500 1500 143.78 1 0 3.5593 1 0 3.5634
10 96 500 2000 143.78 1 0 4.2303 1 0 4.1722
