k probes k_factor build_time recall var_recall query_time val_recall val_var_recall val_query_time
10 1 1 6.86629 0.001 0.0001 0.015505 0.001 0.0001 0.014399
10 1 2 6.8663 0.001 0.0001 0.014605 0.001 0.0001 0.014491
10 1 3 6.8663 0.001 0.0001 0.014828 0.001 0.0001 0.014713
10 1 4 6.8663 0.001 0.0001 0.015057 0.001 0.0001 0.014933
10 1 5 6.8663 0.001 0.0001 0.0154 0.001 0.0001 0.015155
10 1 8 6.8663 0.002 0.00019798 0.016142 0.001 0.0001 0.015933
10 1 10 6.8663 0.002 0.00019798 0.016312 0.001 0.0001 0.016188
10 1 12 6.8663 0.002 0.00019798 0.016689 0.001 0.0001 0.016724
10 1 20 6.8663 0.002 0.00019798 0.018506 0.003 0.00029394 0.01827
10 1 25 6.8663 0.004 0.00038788 0.019125 0.004 0.00038788 0.018954
10 1 50 6.8663 0.007 0.00065758 0.020935 0.005 0.0004798 0.02021
10 1 75 6.8663 0.007 0.00065758 0.02063 0.005 0.0004798 0.020555
10 1 100 6.8663 0.007 0.00065758 0.021894 0.005 0.0004798 0.02173
10 1 250 6.8663 0.007 0.00065758 0.02542 0.005 0.0004798 0.025267
10 1 500 6.8663 0.007 0.00065758 0.031439 0.005 0.0004798 0.031151
10 2 1 6.8663 0.001 0.0001 0.01467 0.001 0.0001 0.01434
10 2 2 6.8663 0.001 0.0001 0.014647 0.001 0.0001 0.014493
10 2 3 6.8663 0.001 0.0001 0.015025 0.001 0.0001 0.014802
10 2 4 6.8663 0.001 0.0001 0.015592 0.001 0.0001 0.015175
10 2 5 6.8663 0.001 0.0001 0.015476 0.001 0.0001 0.015346
10 2 8 6.8663 0.001 0.0001 0.016582 0.001 0.0001 0.016109
10 2 10 6.8663 0.001 0.0001 0.016657 0.001 0.0001 0.016559
10 2 12 6.8663 0.001 0.0001 0.018307 0.001 0.0001 0.017031
10 2 20 6.8663 0.002 0.00019798 0.018982 0.001 0.0001 0.019128
10 2 25 6.8663 0.002 0.00019798 0.020951 0.001 0.0001 0.020811
10 2 50 6.8663 0.005 0.0004798 0.025717 0.004 0.00038788 0.025057
10 2 75 6.8663 0.009 0.00082727 0.026896 0.006 0.0005697 0.026451
10 2 100 6.8663 0.009 0.00082727 0.027938 0.006 0.0005697 0.027679
10 2 250 6.8663 0.009 0.00082727 0.03221 0.006 0.0005697 0.031869
10 2 500 6.8663 0.009 0.00082727 0.03967 0.006 0.0005697 0.039433
10 4 1 6.8663 0 0 0.014713 0.002 0.00019798 0.014489
10 4 2 6.8663 0.001 0.0001 0.01517 0.002 0.00019798 0.014892
10 4 3 6.8663 0.001 0.0001 0.015451 0.002 0.00019798 0.01526
10 4 4 6.8663 0.001 0.0001 0.015568 0.002 0.00019798 0.015467
10 4 5 6.8663 0.001 0.0001 0.016905 0.002 0.00019798 0.016598
10 4 8 6.8663 0.001 0.0001 0.017097 0.002 0.00019798 0.01657
10 4 10 6.8663 0.001 0.0001 0.017545 0.002 0.00019798 0.018197
10 4 12 6.8663 0.001 0.0001 0.017869 0.002 0.00019798 0.017865
10 4 20 6.8663 0.001 0.0001 0.020341 0.004 0.00038788 0.019978
10 4 25 6.8663 0.002 0.00019798 0.021371 0.004 0.00038788 0.020957
10 4 50 6.8663 0.004 0.00038788 0.028451 0.008 0.00094545 0.02741
10 4 75 6.8663 0.006 0.0005697 0.033443 0.011 0.0011909 0.033281
10 4 100 6.8663 0.012 0.0010667 0.038403 0.016 0.0015596 0.038022
10 4 250 6.8663 0.015 0.0012879 0.044665 0.018 0.0016929 0.044173
10 4 500 6.8663 0.015 0.0012879 0.052664 0.018 0.0016929 0.052638
10 8 1 6.8663 0.002 0.00019798 0.015274 0.001 0.0001 0.015056
10 8 2 6.8663 0.002 0.00019798 0.016785 0.001 0.0001 0.016492
10 8 3 6.8663 0.003 0.00029394 0.016619 0.002 0.00019798 0.015646
10 8 4 6.8663 0.003 0.00029394 0.016634 0.002 0.00019798 0.015953
10 8 5 6.8663 0.003 0.00029394 0.016637 0.002 0.00019798 0.016475
10 8 8 6.8663 0.004 0.00038788 0.018328 0.005 0.0004798 0.017759
10 8 10 6.8663 0.004 0.00038788 0.018074 0.005 0.0004798 0.017983
10 8 12 6.8663 0.004 0.00038788 0.018686 0.005 0.0004798 0.018367
10 8 20 6.8663 0.005 0.0004798 0.021338 0.006 0.0005697 0.020758
10 8 25 6.8663 0.007 0.00065758 0.022499 0.006 0.0005697 0.022055
10 8 50 6.8663 0.01 0.00090909 0.029952 0.01 0.0013131 0.029344
10 8 75 6.8663 0.012 0.0014707 0.035881 0.013 0.0017485 0.035679
10 8 100 6.8663 0.015 0.0016919 0.042511 0.015 0.0018939 0.042099
10 8 250 6.8663 0.033 0.0034455 0.068233 0.026 0.0029535 0.068461
10 8 500 6.8663 0.033 0.0034455 0.077403 0.026 0.0029535 0.077451
10 16 1 6.8663 0.004 0.0005899 0.016242 0.001 0.0001 0.016039
10 16 2 6.8663 0.004 0.0005899 0.017161 0.001 0.0001 0.01634
10 16 3 6.8663 0.004 0.0005899 0.016834 0.001 0.0001 0.016711
10 16 4 6.8663 0.005 0.00068182 0.017171 0.002 0.00019798 0.017969
10 16 5 6.8663 0.007 0.0010616 0.017787 0.003 0.00029394 0.017449
10 16 8 6.8663 0.007 0.0010616 0.018793 0.003 0.00029394 0.018409
10 16 10 6.8663 0.007 0.0010616 0.019232 0.005 0.0004798 0.01942
10 16 12 6.8663 0.008 0.0011475 0.019896 0.008 0.00074343 0.019821
10 16 20 6.8663 0.009 0.0012313 0.022399 0.008 0.00074343 0.022195
10 16 25 6.8663 0.009 0.0012313 0.025119 0.009 0.00082727 0.024874
10 16 50 6.8663 0.014 0.0016202 0.031637 0.012 0.0012687 0.031588
10 16 75 6.8663 0.018 0.0018949 0.039178 0.015 0.0018939 0.039337
10 16 100 6.8663 0.02 0.0020202 0.046671 0.018 0.002501 0.04661
10 16 250 6.8663 0.038 0.004198 0.088884 0.029 0.0034939 0.088732
10 16 500 6.8663 0.056 0.0059232 0.13249 0.045 0.0057323 0.13184
10 32 1 6.8663 0.003 0.00049596 0.018238 0.002 0.00019798 0.017985
10 32 2 6.8663 0.004 0.0005899 0.018424 0.002 0.00019798 0.01832
10 32 3 6.8663 0.004 0.0005899 0.019238 0.002 0.00019798 0.018689
10 32 4 6.8663 0.004 0.0005899 0.019207 0.002 0.00019798 0.019129
10 32 5 6.8663 0.004 0.0005899 0.019801 0.003 0.00029394 0.019381
10 32 8 6.8663 0.008 0.0011475 0.021096 0.004 0.00038788 0.020462
10 32 10 6.8663 0.009 0.0012313 0.02142 0.004 0.00038788 0.021123
10 32 12 6.8663 0.009 0.0012313 0.021893 0.005 0.0004798 0.021766
10 32 20 6.8663 0.01 0.0013131 0.024879 0.011 0.00098889 0.024542
10 32 25 6.8663 0.011 0.0013929 0.026199 0.011 0.00098889 0.026043
10 32 50 6.8663 0.014 0.0016202 0.035282 0.014 0.0014182 0.034647
10 32 75 6.8663 0.018 0.0018949 0.043299 0.019 0.0019586 0.042864
10 32 100 6.8663 0.022 0.0021374 0.05141 0.022 0.0025414 0.051263
10 32 250 6.8663 0.04 0.0040404 0.099662 0.037 0.0037687 0.10028
10 32 500 6.8663 0.064 0.0059636 0.17749 0.057 0.0057081 0.18004
10 64 1 6.8663 0.003 0.00049596 0.022535 0.002 0.00019798 0.021693
10 64 2 6.8663 0.004 0.0005899 0.0224 0.002 0.00019798 0.022028
10 64 3 6.8663 0.004 0.0005899 0.022687 0.003 0.00029394 0.022447
10 64 4 6.8663 0.004 0.0005899 0.023344 0.003 0.00029394 0.022845
10 64 5 6.8663 0.004 0.0005899 0.02402 0.003 0.00029394 0.02323
10 64 8 6.8663 0.009 0.0012313 0.02525 0.005 0.0004798 0.026152
10 64 10 6.8663 0.009 0.0012313 0.025851 0.006 0.0005697 0.025173
10 64 12 6.8663 0.012 0.0014707 0.025807 0.006 0.0005697 0.026012
10 64 20 6.8663 0.013 0.0015465 0.028989 0.011 0.00098889 0.028671
10 64 25 6.8663 0.013 0.0015465 0.030819 0.015 0.0012879 0.030377
10 64 50 6.8663 0.016 0.0017616 0.039827 0.021 0.0016758 0.0394
10 64 75 6.8663 0.023 0.0023949 0.048951 0.023 0.0019909 0.049621
10 64 100 6.8663 0.026 0.0025495 0.057967 0.027 0.0023949 0.058747
10 64 250 6.8663 0.043 0.0036879 0.11202 0.046 0.0055394 0.11164
10 64 500 6.8663 0.071 0.0063222 0.20793 0.074 0.007802 0.20192
10 128 1 6.8663 0.003 0.00049596 0.02879 0.002 0.00019798 0.028653
10 128 2 6.8663 0.004 0.0005899 0.029241 0.002 0.00019798 0.028796
10 128 3 6.8663 0.004 0.0005899 0.029377 0.002 0.00019798 0.029259
10 128 4 6.8663 0.004 0.0005899 0.030083 0.003 0.00029394 0.029671
10 128 5 6.8663 0.004 0.0005899 0.030162 0.003 0.00029394 0.030047
10 128 8 6.8663 0.007 0.0008596 0.031302 0.005 0.0004798 0.031161
10 128 10 6.8663 0.009 0.0012313 0.032149 0.006 0.0005697 0.031895
10 128 12 6.8663 0.009 0.0012313 0.032793 0.006 0.0005697 0.032581
10 128 20 6.8663 0.014 0.0016202 0.035809 0.008 0.00074343 0.035398
10 128 25 6.8663 0.015 0.0016919 0.037426 0.012 0.0010667 0.0377
10 128 50 6.8663 0.019 0.0021606 0.046906 0.021 0.0018778 0.046703
10 128 75 6.8663 0.021 0.0022818 0.055991 0.026 0.0023475 0.055909
10 128 100 6.8663 0.026 0.0027515 0.065555 0.027 0.0023949 0.065467
10 128 250 6.8663 0.044 0.003701 0.12249 0.049 0.0053525 0.12285
10 128 500 6.8663 0.068 0.0064404 0.2219 0.085 0.0079545 0.22173
10 256 1 6.8663 0.003 0.00049596 0.041082 0.002 0.00019798 0.040736
10 256 2 6.8663 0.004 0.0005899 0.041235 0.002 0.00019798 0.041096
10 256 3 6.8663 0.004 0.0005899 0.042612 0.002 0.00019798 0.041527
10 256 4 6.8663 0.004 0.0005899 0.042194 0.003 0.00029394 0.042369
10 256 5 6.8663 0.004 0.0005899 0.043787 0.003 0.00029394 0.042464
10 256 8 6.8663 0.005 0.00068182 0.043637 0.005 0.0004798 0.043588
10 256 10 6.8663 0.008 0.0011475 0.044717 0.005 0.0004798 0.046181
10 256 12 6.8663 0.009 0.0012313 0.047554 0.006 0.0005697 0.046424
10 256 20 6.8663 0.014 0.0016202 0.048301 0.007 0.00065758 0.04806
10 256 25 6.8663 0.015 0.0016919 0.049978 0.011 0.00098889 0.050009
10 256 50 6.8663 0.019 0.0021606 0.059785 0.02 0.0018182 0.059499
10 256 75 6.8663 0.021 0.0022818 0.069084 0.025 0.002096 0.068787
10 256 100 6.8663 0.024 0.0026505 0.079087 0.026 0.0023475 0.078653
10 256 250 6.8663 0.048 0.0039354 0.1394 0.051 0.0047465 0.13821
10 256 500 6.8663 0.077 0.0058293 0.24319 0.092 0.0082182 0.24449
10 512 1 6.8663 0.003 0.00049596 0.060199 0.002 0.00019798 0.059954
10 512 2 6.8663 0.004 0.0005899 0.060479 0.002 0.00019798 0.060376
10 512 3 6.8663 0.004 0.0005899 0.060842 0.002 0.00019798 0.060681
10 512 4 6.8663 0.004 0.0005899 0.061161 0.003 0.00029394 0.06132
10 512 5 6.8663 0.004 0.0005899 0.06177 0.003 0.00029394 0.061459
10 512 8 6.8663 0.005 0.00068182 0.062787 0.005 0.0004798 0.062602
10 512 10 6.8663 0.008 0.0011475 0.063557 0.005 0.0004798 0.06341
10 512 12 6.8663 0.009 0.0012313 0.064556 0.006 0.0005697 0.064282
10 512 20 6.8663 0.014 0.0016202 0.067332 0.007 0.00065758 0.067155
10 512 25 6.8663 0.015 0.0016919 0.069166 0.011 0.00098889 0.069282
10 512 50 6.8663 0.019 0.0021606 0.079171 0.019 0.0017566 0.079384
10 512 75 6.8663 0.021 0.0022818 0.088738 0.025 0.002096 0.0882
10 512 100 6.8663 0.024 0.0026505 0.098346 0.026 0.0023475 0.098502
10 512 250 6.8663 0.048 0.0039354 0.15952 0.052 0.0051475 0.15976
10 512 500 6.8663 0.08 0.0060606 0.2659 0.094 0.0084485 0.26604
10 1024 1 6.8663 0.003 0.00049596 0.084968 0.002 0.00019798 0.083673
10 1024 2 6.8663 0.004 0.0005899 0.084189 0.002 0.00019798 0.084179
10 1024 3 6.8663 0.004 0.0005899 0.085066 0.002 0.00019798 0.085193
10 1024 4 6.8663 0.004 0.0005899 0.085002 0.003 0.00029394 0.085211
10 1024 5 6.8663 0.004 0.0005899 0.085472 0.003 0.00029394 0.085574
10 1024 8 6.8663 0.005 0.00068182 0.087496 0.005 0.0004798 0.086489
10 1024 10 6.8663 0.008 0.0011475 0.087387 0.005 0.0004798 0.08753
10 1024 12 6.8663 0.009 0.0012313 0.088064 0.006 0.0005697 0.087859
10 1024 20 6.8663 0.014 0.0016202 0.091352 0.007 0.00065758 0.091088
10 1024 25 6.8663 0.015 0.0016919 0.093146 0.011 0.00098889 0.092767
10 1024 50 6.8663 0.019 0.0021606 0.10343 0.019 0.0017566 0.10261
10 1024 75 6.8663 0.021 0.0022818 0.11367 0.025 0.002096 0.11229
10 1024 100 6.8663 0.024 0.0026505 0.12311 0.026 0.0023475 0.12228
10 1024 250 6.8663 0.048 0.0039354 0.18472 0.052 0.0051475 0.184
10 1024 500 6.8663 0.08 0.0060606 0.29424 0.094 0.0084485 0.29449
10 2048 1 6.8663 0.003 0.00049596 0.096078 0.002 0.00019798 0.096574
10 2048 2 6.8663 0.004 0.0005899 0.097537 0.002 0.00019798 0.096774
10 2048 3 6.8663 0.004 0.0005899 0.096616 0.002 0.00019798 0.096595
10 2048 4 6.8663 0.004 0.0005899 0.097215 0.003 0.00029394 0.096984
10 2048 5 6.8663 0.004 0.0005899 0.097461 0.003 0.00029394 0.097881
10 2048 8 6.8663 0.005 0.00068182 0.09896 0.005 0.0004798 0.09905
10 2048 10 6.8663 0.008 0.0011475 0.10105 0.005 0.0004798 0.099685
10 2048 12 6.8663 0.009 0.0012313 0.10046 0.006 0.0005697 0.099954
10 2048 20 6.8663 0.014 0.0016202 0.10321 0.007 0.00065758 0.1031
10 2048 25 6.8663 0.015 0.0016919 0.10512 0.011 0.00098889 0.10484
10 2048 50 6.8663 0.019 0.0021606 0.11528 0.019 0.0017566 0.11469
10 2048 75 6.8663 0.021 0.0022818 0.12523 0.025 0.002096 0.12448
10 2048 100 6.8663 0.024 0.0026505 0.13465 0.026 0.0023475 0.13552
10 2048 250 6.8663 0.048 0.0039354 0.19679 0.052 0.0051475 0.19624
10 2048 500 6.8663 0.08 0.0060606 0.30581 0.094 0.0084485 0.30572
10 4096 1 6.8663 0.003 0.00049596 0.1046 0.002 0.00019798 0.10397
10 4096 2 6.8663 0.004 0.0005899 0.10495 0.002 0.00019798 0.10433
10 4096 3 6.8663 0.004 0.0005899 0.10485 0.002 0.00019798 0.10486
10 4096 4 6.8663 0.004 0.0005899 0.1053 0.003 0.00029394 0.10492
10 4096 5 6.8663 0.004 0.0005899 0.10544 0.003 0.00029394 0.10516
10 4096 8 6.8663 0.005 0.00068182 0.10672 0.005 0.0004798 0.1065
10 4096 10 6.8663 0.008 0.0011475 0.10753 0.005 0.0004798 0.10728
10 4096 12 6.8663 0.009 0.0012313 0.108 0.006 0.0005697 0.10787
10 4096 20 6.8663 0.014 0.0016202 0.11134 0.007 0.00065758 0.1112
10 4096 25 6.8663 0.015 0.0016919 0.11298 0.011 0.00098889 0.1135
10 4096 50 6.8663 0.019 0.0021606 0.12301 0.019 0.0017566 0.12301
10 4096 75 6.8663 0.021 0.0022818 0.1335 0.025 0.002096 0.13224
10 4096 100 6.8663 0.024 0.0026505 0.14274 0.026 0.0023475 0.1429
10 4096 250 6.8663 0.048 0.0039354 0.20508 0.052 0.0051475 0.2047
10 4096 500 6.8663 0.08 0.0060606 0.3141 0.094 0.0084485 0.31469
10 8192 1 6.8663 0.003 0.00049596 0.11704 0.002 0.00019798 0.1172
10 8192 2 6.8663 0.004 0.0005899 0.11701 0.002 0.00019798 0.11699
10 8192 3 6.8663 0.004 0.0005899 0.11775 0.002 0.00019798 0.11786
10 8192 4 6.8663 0.004 0.0005899 0.11777 0.003 0.00029394 0.11773
10 8192 5 6.8663 0.004 0.0005899 0.11866 0.003 0.00029394 0.11865
10 8192 8 6.8663 0.005 0.00068182 0.12081 0.005 0.0004798 0.11988
10 8192 10 6.8663 0.008 0.0011475 0.12099 0.005 0.0004798 0.12057
10 8192 12 6.8663 0.009 0.0012313 0.12344 0.006 0.0005697 0.12267
10 8192 20 6.8663 0.014 0.0016202 0.12554 0.007 0.00065758 0.12442
10 8192 25 6.8663 0.015 0.0016919 0.12591 0.011 0.00098889 0.12599
10 8192 50 6.8663 0.019 0.0021606 0.13587 0.019 0.0017566 0.13579
10 8192 75 6.8663 0.021 0.0022818 0.14498 0.025 0.002096 0.14512
10 8192 100 6.8663 0.024 0.0026505 0.15596 0.026 0.0023475 0.15577
10 8192 250 6.8663 0.048 0.0039354 0.21724 0.052 0.0051475 0.21888
10 8192 500 6.8663 0.08 0.0060606 0.32874 0.094 0.0084485 0.32678
