k n_trees depth sparsity v build_time recall var_recall query_time cs_size val_recall val_var_recall val_query_time
10 1 3 0.045 1 0.169799 0.128 0.0091071 0.37853 12500 0.16 0.016162 0.39566
10 1 4 0.045 1 0.21776 0.072 0.0046626 0.18691 6250 0.089 0.0070495 0.18311
10 1 5 0.045 1 0.256486 0.032 0.0030061 0.095441 3125 0.027 0.002799 0.097069
10 1 6 0.045 1 0.297026 0.017 0.0016273 0.048548 1562.5 0.029 0.0024838 0.04842
10 1 7 0.045 1 0.341981 0.004 0.00038788 0.025715 781.34 0.008 0.00074343 0.024182
10 1 8 0.045 1 0.369568 0.006 0.0005697 0.014828 390.62 0.009 0.00082727 0.013395
10 5 3 0.045 1 0.233118 0.53 0.020707 1.693 48668 0.54 0.018182 1.6672
10 5 3 0.045 2 0.23312 0.15 0.011616 0.42367 12095 0.145 0.012803 0.42854
10 5 3 0.045 3 0.23312 0.03 0.0027273 0.06667 1621.8 0.016 0.0017616 0.066799
10 5 3 0.045 4 0.23312 0.002 0.00019798 0.019764 111.69 0.001 0.0001 0.021707
10 5 3 0.045 5 0.23312 0 0 0.015787 3.33 0 0 0.015369
10 5 4 0.045 1 0.288511 0.333 0.023849 0.93095 27545 0.324 0.018206 0.92358
10 5 4 0.045 2 0.28851 0.047 0.0047384 0.126 3467.1 0.047 0.0051424 0.12533
10 5 4 0.045 3 0.28851 0.004 0.00038788 0.016409 229.56 0.004 0.00038788 0.015801
10 5 4 0.045 4 0.28851 0 0 0.0097125 8.08 0.001 0.0001 0.010348
10 5 4 0.045 5 0.28851 0 0 0.0090666 0.08 0 0 0.010073
10 5 5 0.045 1 0.346225 0.183 0.015971 0.48088 14663 0.183 0.014759 0.47773
10 5 5 0.045 2 0.34622 0.007 0.00065758 0.036956 932.01 0.012 0.0010667 0.035859
10 5 5 0.045 3 0.34622 0 0 0.0074624 29.82 0.001 0.0001 0.0068123
10 5 5 0.045 4 0.34622 0 0 0.0055903 0.56 0 0 0.0056887
10 5 5 0.045 5 0.34622 0 0 0.0054477 0 0 0 0.0055438
10 5 6 0.045 1 0.405857 0.088 0.0089455 0.24417 7567.4 0.1 0.012525 0.23946
10 5 6 0.045 2 0.40586 0.001 0.0001 0.01417 240.98 0.002 0.00019798 0.012806
10 5 6 0.045 3 0.40586 0 0 0.004642 4.05 0 0 0.0044421
10 5 6 0.045 4 0.40586 0 0 0.0040366 0.06 0 0 0.0041998
10 5 6 0.045 5 0.40586 0 0 0.003791 0 0 0 0.0038135
10 5 7 0.045 1 0.44254 0.03 0.0027273 0.12461 3843 0.055 0.0059343 0.12394
10 5 7 0.045 2 0.44254 0 0 0.0067691 62.56 0 0 0.0060046
10 5 7 0.045 3 0.44254 0 0 0.0032214 0.62 0 0 0.0032547
10 5 7 0.045 4 0.44254 0 0 0.003175 0 0 0 0.0032073
10 5 7 0.045 5 0.44254 0 0 0.0031858 0 0 0 0.0032703
10 5 8 0.045 1 0.504175 0.025 0.0025 0.063613 1937.7 0.016 0.0015596 0.062388
10 5 8 0.045 2 0.50417 0 0 0.0037969 15.31 0 0 0.0034912
10 5 8 0.045 3 0.50417 0 0 0.0027767 0.12 0 0 0.0026809
10 5 8 0.045 4 0.50417 0 0 0.0027415 0 0 0 0.0026667
10 5 8 0.045 5 0.50417 0 0 0.0028467 0 0 0 0.0027675
10 10 3 0.045 1 0.276725 0.785 0.015833 2.6956 73536 0.803 0.013021 2.5887
10 10 3 0.045 2 0.27673 0.423 0.027243 1.2629 36087 0.451 0.025151 1.2681
10 10 3 0.045 3 0.27673 0.168 0.016541 0.4557 12039 0.175 0.014419 0.46946
10 10 3 0.045 4 0.27673 0.047 0.0049404 0.13194 2812.9 0.046 0.0049333 0.1352
10 10 3 0.045 5 0.27673 0.003 0.00029394 0.045222 465.15 0.012 0.0010667 0.048257
10 10 3 0.045 6 0.27673 0 0 0.028568 54.98 0.001 0.0001 0.030471
10 10 3 0.045 7 0.27673 0 0 0.026629 4.31 0 0 0.028528
10 10 3 0.045 8 0.27673 0 0 0.026513 0.22 0 0 0.028395
10 10 3 0.045 9 0.27673 0 0 0.026614 0.01 0 0 0.028336
10 10 3 0.045 10 0.27673 0 0 0.026484 0 0 0 0.028818
10 10 4 0.045 1 0.333447 0.494 0.02461 1.6669 47405 0.518 0.023309 1.6255
10 10 4 0.045 2 0.33345 0.153 0.015647 0.42704 12662 0.162 0.014097 0.42794
10 10 4 0.045 3 0.33345 0.032 0.0032081 0.08612 2157.5 0.035 0.002904 0.086118
10 10 4 0.045 4 0.33345 0.006 0.0005697 0.04484 253.64 0.002 0.00019798 0.036271
10 10 4 0.045 5 0.33345 0 0 0.024478 20.55 0 0 0.019707
10 10 4 0.045 6 0.33345 0 0 0.016577 1.1 0 0 0.018641
10 10 4 0.045 7 0.33345 0 0 0.014717 0.05 0 0 0.01558
10 10 4 0.045 8 0.33345 0 0 0.014833 0 0 0 0.015548
10 10 4 0.045 9 0.33345 0 0 0.015008 0 0 0 0.015642
10 10 4 0.045 10 0.33345 0 0 0.015212 0 0 0 0.01561
10 10 5 0.045 1 0.464663 0.339 0.019979 0.93697 27139 0.336 0.02657 0.91753
10 10 5 0.045 2 0.46466 0.053 0.0049404 0.13225 3766.7 0.056 0.0045091 0.13313
10 10 5 0.045 3 0.46466 0.006 0.0005697 0.022032 324.92 0.009 0.00082727 0.020717
10 10 5 0.045 4 0.46466 0 0 0.010599 18.78 0.001 0.0001 0.01015
10 10 5 0.045 5 0.46466 0 0 0.0097012 0.75 0 0 0.0095831
10 10 5 0.045 6 0.46466 0 0 0.0094495 0 0 0 0.0094583
10 10 5 0.045 7 0.46466 0 0 0.0096172 0 0 0 0.0098051
10 10 5 0.045 8 0.46466 0 0 0.009324 0 0 0 0.0094725
10 10 5 0.045 9 0.46466 0 0 0.0097146 0 0 0 0.0096807
10 10 5 0.045 10 0.46466 0 0 0.0093159 0 0 0 0.0094963
10 10 6 0.045 1 0.472683 0.188 0.015814 0.48999 14539 0.186 0.012529 0.4847
10 10 6 0.045 2 0.47268 0.018 0.0016929 0.03932 1039.1 0.018 0.002299 0.038607
10 10 6 0.045 3 0.47268 0.001 0.0001 0.0079754 45.69 0 0 0.0071795
10 10 6 0.045 4 0.47268 0 0 0.00544 1.47 0 0 0.0056016
10 10 6 0.045 5 0.47268 0 0 0.0052973 0.02 0 0 0.0054365
10 10 6 0.045 6 0.47268 0 0 0.0055852 0 0 0 0.0055271
10 10 6 0.045 7 0.47268 0 0 0.0055731 0 0 0 0.0057412
10 10 6 0.045 8 0.47268 0 0 0.0053218 0 0 0 0.0054236
10 10 6 0.045 9 0.47268 0 0 0.0052846 0 0 0 0.0054309
10 10 6 0.045 10 0.47268 0 0 0.0054846 0 0 0 0.0054331
10 10 7 0.045 1 0.534887 0.106 0.010267 0.24923 7531.9 0.096 0.0086707 0.24807
10 10 7 0.045 2 0.53489 0 0 0.014967 274.01 0.004 0.00038788 0.014113
10 10 7 0.045 3 0.53489 0 0 0.005408 6.65 0 0 0.0050222
10 10 7 0.045 4 0.53489 0 0 0.004711 0.08 0 0 0.0045949
10 10 7 0.045 5 0.53489 0 0 0.0044722 0 0 0 0.004465
10 10 7 0.045 6 0.53489 0 0 0.0046724 0 0 0 0.0045086
10 10 7 0.045 7 0.53489 0 0 0.0046804 0 0 0 0.0046289
10 10 7 0.045 8 0.53489 0 0 0.0046512 0 0 0 0.0045086
10 10 7 0.045 9 0.53489 0 0 0.0046802 0 0 0 0.0045569
10 10 7 0.045 10 0.53489 0 0 0.0044939 0 0 0 0.0045272
10 10 8 0.045 1 0.598241 0.062 0.0050061 0.12817 3833.1 0.043 0.0040919 0.12747
10 10 8 0.045 2 0.59824 0.003 0.00029394 0.007327 72 0 0 0.0066938
10 10 8 0.045 3 0.59824 0 0 0.0039335 0.79 0 0 0.0038256
10 10 8 0.045 4 0.59824 0 0 0.0037251 0.02 0 0 0.0037338
10 10 8 0.045 5 0.59824 0 0 0.0037095 0 0 0 0.0037335
10 10 8 0.045 6 0.59824 0 0 0.0037201 0 0 0 0.003732
10 10 8 0.045 7 0.59824 0 0 0.003713 0 0 0 0.0037326
10 10 8 0.045 8 0.59824 0 0 0.0037238 0 0 0 0.0037352
10 10 8 0.045 9 0.59824 0 0 0.0037054 0 0 0 0.0037336
10 10 8 0.045 10 0.59824 0 0 0.003712 0 0 0 0.0037381
10 25 3 0.045 1 0.540885 0.975 0.002298 3.5391 96302 0.982 0.0014909 3.494
10 25 3 0.045 2 0.54089 0.88 0.009899 3.0306 83442 0.897 0.0099909 3.0447
10 25 3 0.045 3 0.54089 0.716 0.018125 2.2544 61750 0.7 0.021212 2.2529
10 25 3 0.045 4 0.54089 0.48 0.027071 1.4406 38233 0.476 0.030327 1.4068
10 25 3 0.045 5 0.54089 0.284 0.016913 0.74865 19751 0.261 0.017555 0.74634
10 25 3 0.045 6 0.54089 0.151 0.012221 0.47538 8563.1 0.136 0.0087919 0.46373
10 25 3 0.045 7 0.54089 0.058 0.006501 0.2289 3134.6 0.053 0.0049404 0.23495
10 25 3 0.045 8 0.54089 0.017 0.0016273 0.1168 982.43 0.016 0.0017616 0.11988
10 25 3 0.045 9 0.54089 0.003 0.00029394 0.075172 263.8 0.006 0.0005697 0.07996
10 25 3 0.045 10 0.54089 0.001 0.0001 0.068299 62.24 0 0 0.07327
10 25 3 0.045 11 0.54089 0 0 0.073409 12.67 0 0 0.085377
10 25 3 0.045 12 0.54089 0 0 0.074022 2.32 0 0 0.085765
10 25 3 0.045 13 0.54089 0 0 0.073109 0.3 0 0 0.085026
10 25 3 0.045 14 0.54089 0 0 0.072966 0.05 0 0 0.081822
10 25 3 0.045 15 0.54089 0 0 0.072968 0.01 0 0 0.085248
10 25 3 0.045 17 0.54089 0 0 0.07294 0 0 0 0.085414
10 25 3 0.045 20 0.54089 0 0 0.073023 0 0 0 0.085066
10 25 3 0.045 25 0.54089 0 0 0.073237 0 0 0 0.085091
10 25 4 0.045 1 0.674821 0.862 0.013087 2.987 79717 0.827 0.017344 2.8404
10 25 4 0.045 2 0.67482 0.572 0.025269 1.6645 46680 0.527 0.024213 1.6651
10 25 4 0.045 3 0.67482 0.292 0.020339 0.79643 20468 0.267 0.016577 0.7584
10 25 4 0.045 4 0.67482 0.11 0.0091919 0.27442 6964.9 0.105 0.0081566 0.27174
10 25 4 0.045 5 0.67482 0.035 0.0035101 0.14089 1900.7 0.024 0.0022465 0.14632
10 25 4 0.045 6 0.67482 0.009 0.00082727 0.054346 426.68 0.01 0.0011111 0.051046
10 25 4 0.045 7 0.67482 0.002 0.00019798 0.042162 78.69 0.002 0.00019798 0.047852
10 25 4 0.045 8 0.67482 0 0 0.036071 12.75 0 0 0.037206
10 25 4 0.045 9 0.67482 0 0 0.034948 1.8 0 0 0.037986
10 25 4 0.045 10 0.67482 0 0 0.038806 0.23 0 0 0.045302
10 25 4 0.045 11 0.67482 0 0 0.039032 0.03 0 0 0.038154
10 25 4 0.045 12 0.67482 0 0 0.036355 0 0 0 0.038274
10 25 4 0.045 13 0.67482 0 0 0.036557 0 0 0 0.036322
10 25 4 0.045 14 0.67482 0 0 0.038572 0 0 0 0.044969
10 25 4 0.045 15 0.67482 0 0 0.034646 0 0 0 0.036398
10 25 4 0.045 17 0.67482 0 0 0.034715 0 0 0 0.03637
10 25 4 0.045 20 0.67482 0 0 0.034715 0 0 0 0.037525
10 25 4 0.045 25 0.67482 0 0 0.039796 0 0 0 0.046264
10 25 5 0.045 1 0.759129 0.598 0.025248 2.0026 54487 0.617 0.020617 1.9149
10 25 5 0.045 2 0.75913 0.245 0.014015 0.67352 18394 0.241 0.013959 0.67686
10 25 5 0.045 3 0.75913 0.066 0.0048929 0.16682 4341.5 0.07 0.0053535 0.16538
10 25 5 0.045 4 0.75913 0.016 0.0017616 0.064598 779.27 0.022 0.0019354 0.063122
10 25 5 0.045 5 0.75913 0.002 0.00019798 0.031057 109.41 0.005 0.0004798 0.029895
10 25 5 0.045 6 0.75913 0 0 0.022448 12.49 0 0 0.025607
10 25 5 0.045 7 0.75913 0 0 0.019471 1.25 0 0 0.020714
10 25 5 0.045 8 0.75913 0 0 0.021534 0.09 0 0 0.02528
10 25 5 0.045 9 0.75913 0 0 0.021707 0.01 0 0 0.025263
10 25 5 0.045 10 0.75913 0 0 0.019648 0.01 0 0 0.020574
10 25 5 0.045 11 0.75913 0 0 0.021571 0 0 0 0.025265
10 25 5 0.045 12 0.75913 0 0 0.021471 0 0 0 0.025267
10 25 5 0.045 13 0.75913 0 0 0.021488 0 0 0 0.025273
10 25 5 0.045 14 0.75913 0 0 0.021513 0 0 0 0.025264
10 25 5 0.045 15 0.75913 0 0 0.021474 0 0 0 0.028616
10 25 5 0.045 17 0.75913 0 0 0.021663 0 0 0 0.025287
10 25 5 0.045 20 0.75913 0 0 0.020576 0 0 0 0.020355
10 25 5 0.045 25 0.75913 0 0 0.022025 0 0 0 0.025264
10 25 6 0.045 1 0.847188 0.385 0.02654 1.1486 32391 0.413 0.023769 1.1228
10 25 6 0.045 2 0.84719 0.086 0.0072768 0.22031 5875.1 0.094 0.0088525 0.22234
10 25 6 0.045 3 0.84719 0.007 0.00065758 0.050347 725.02 0.011 0.00098889 0.049643
10 25 6 0.045 4 0.84719 0 0 0.021439 66.59 0 0 0.017809
10 25 6 0.045 5 0.84719 0 0 0.012355 4.94 0 0 0.013598
10 25 6 0.045 6 0.84719 0 0 0.011758 0.28 0 0 0.013375
10 25 6 0.045 7 0.84719 0 0 0.011741 0 0 0 0.013343
10 25 6 0.045 8 0.84719 0 0 0.010874 0 0 0 0.011759
10 25 6 0.045 9 0.84719 0 0 0.011717 0 0 0 0.01334
10 25 6 0.045 10 0.84719 0 0 0.011737 0 0 0 0.013338
10 25 6 0.045 11 0.84719 0 0 0.011699 0 0 0 0.013332
10 25 6 0.045 12 0.84719 0 0 0.011814 0 0 0 0.013349
10 25 6 0.045 13 0.84719 0 0 0.011709 0 0 0 0.013339
10 25 6 0.045 14 0.84719 0 0 0.011744 0 0 0 0.013338
10 25 6 0.045 15 0.84719 0 0 0.012018 0 0 0 0.013336
10 25 6 0.045 17 0.84719 0 0 0.011871 0 0 0 0.013335
10 25 6 0.045 20 0.84719 0 0 0.01084 0 0 0 0.011308
10 25 6 0.045 25 0.84719 0 0 0.01171 0 0 0 0.013335
10 25 7 0.045 1 0.919304 0.273 0.019163 0.61701 17746 0.237 0.015486 0.60644
10 25 7 0.045 2 0.9193 0.042 0.0048848 0.075636 1673.4 0.038 0.0035919 0.07459
10 25 7 0.045 3 0.9193 0.004 0.00038788 0.019723 107.17 0.001 0.0001 0.016674
10 25 7 0.045 4 0.9193 0.001 0.0001 0.010263 5.04 0 0 0.0096828
10 25 7 0.045 5 0.9193 0 0 0.0086563 0.15 0 0 0.0092086
10 25 7 0.045 6 0.9193 0 0 0.0085627 0.01 0 0 0.0090571
10 25 7 0.045 7 0.9193 0 0 0.0079012 0 0 0 0.0078888
10 25 7 0.045 8 0.9193 0 0 0.0077822 0 0 0 0.0078873
10 25 7 0.045 9 0.9193 0 0 0.008193 0 0 0 0.0086769
10 25 7 0.045 10 0.9193 0 0 0.0079718 0 0 0 0.0086247
10 25 7 0.045 11 0.9193 0 0 0.0080327 0 0 0 0.0084313
10 25 7 0.045 12 0.9193 0 0 0.0071915 0 0 0 0.0071129
10 25 7 0.045 13 0.9193 0 0 0.007432 0 0 0 0.0081823
10 25 7 0.045 14 0.9193 0 0 0.0074566 0 0 0 0.0081901
10 25 7 0.045 15 0.9193 0 0 0.0074168 0 0 0 0.0081873
10 25 7 0.045 17 0.9193 0 0 0.0071452 0 0 0 0.0072336
10 25 7 0.045 20 0.9193 0 0 0.0082661 0 0 0 0.0083167
10 25 7 0.045 25 0.9193 0 0 0.0075637 0 0 0 0.0083137
10 25 8 0.045 1 1.01493 0.122 0.012642 0.31454 9295.5 0.121 0.010161 0.31425
10 25 8 0.045 2 1.0149 0.005 0.0004798 0.022286 453.89 0.008 0.00074343 0.021272
10 25 8 0.045 3 1.0149 0.001 0.0001 0.0074079 15.84 0.002 0.00019798 0.0063802
10 25 8 0.045 4 1.0149 0 0 0.0053913 0.4 0 0 0.0056097
10 25 8 0.045 5 1.0149 0 0 0.0054954 0 0 0 0.005644
10 25 8 0.045 6 1.0149 0 0 0.0055167 0 0 0 0.0056355
10 25 8 0.045 7 1.0149 0 0 0.0054997 0 0 0 0.0056404
10 25 8 0.045 8 1.0149 0 0 0.0056184 0 0 0 0.0057112
10 25 8 0.045 9 1.0149 0 0 0.0057053 0 0 0 0.0057833
10 25 8 0.045 10 1.0149 0 0 0.0059277 0 0 0 0.0059672
10 25 8 0.045 11 1.0149 0 0 0.005997 0 0 0 0.0061735
10 25 8 0.045 12 1.0149 0 0 0.0060845 0 0 0 0.0062618
10 25 8 0.045 13 1.0149 0 0 0.0061485 0 0 0 0.0061504
10 25 8 0.045 14 1.0149 0 0 0.0057074 0 0 0 0.0055989
10 25 8 0.045 15 1.0149 0 0 0.0054761 0 0 0 0.0056155
10 25 8 0.045 17 1.0149 0 0 0.005459 0 0 0 0.005546
10 25 8 0.045 20 1.0149 0 0 0.005568 0 0 0 0.0059313
10 25 8 0.045 25 1.0149 0 0 0.005558 0 0 0 0.0057292
10 50 3 0.045 1 1.27144 1 0 3.8002 99851 1 0 3.7242
10 50 3 0.045 2 1.2714 0.996 0.00038788 3.6565 98839 0.996 0.00038788 3.6651
10 50 3 0.045 3 1.2714 0.972 0.0026424 3.5353 95458 0.986 0.0012162 3.5432
10 50 3 0.045 4 1.2714 0.926 0.0061859 3.2745 88006 0.944 0.0049131 3.2727
10 50 3 0.045 5 1.2714 0.848 0.013026 2.8348 75858 0.832 0.013511 2.8308
10 50 3 0.045 6 1.2714 0.722 0.017289 2.2763 60192 0.718 0.019875 2.2766
10 50 3 0.045 7 1.2714 0.565 0.01947 1.686 43565 0.54 0.028283 1.6881
10 50 3 0.045 8 1.2714 0.393 0.018233 1.1642 28658 0.39 0.021313 1.1573
10 50 3 0.045 9 1.2714 0.267 0.015163 0.76661 17142 0.244 0.016226 0.76133
10 50 3 0.045 10 1.2714 0.167 0.011122 0.49801 9327 0.144 0.011984 0.49396
10 50 3 0.045 11 1.2714 0.086 0.0078828 0.33439 4629.3 0.082 0.0065414 0.32807
10 50 3 0.045 12 1.2714 0.047 0.0037283 0.22367 2094.2 0.043 0.0036879 0.22428
10 50 3 0.045 13 1.2714 0.022 0.0019354 0.16039 873.21 0.021 0.0016758 0.16558
10 50 3 0.045 14 1.2714 0.009 0.00082727 0.13725 334.35 0.005 0.0004798 0.14506
10 50 3 0.045 15 1.2714 0.004 0.00038788 0.12871 117.83 0.002 0.00019798 0.13735
10 50 3 0.045 17 1.2714 0.001 0.0001 0.12496 11.35 0 0 0.13458
10 50 3 0.045 20 1.2714 0 0 0.1251 0.28 0 0 0.13329
10 50 3 0.045 25 1.2714 0 0 0.12495 0 0 0 0.13326
10 50 3 0.045 30 1.2714 0 0 0.12468 0 0 0 0.13332
10 50 3 0.045 35 1.2714 0 0 0.12456 0 0 0 0.13314
10 50 3 0.045 40 1.2714 0 0 0.12435 0 0 0 0.13326
10 50 3 0.045 45 1.2714 0 0 0.12435 0 0 0 0.13319
10 50 3 0.045 50 1.2714 0 0 0.12504 0 0 0 0.13328
10 50 4 0.045 1 1.51753 0.97 0.0027273 3.4652 95737 0.98 0.0018182 3.4501
10 50 4 0.045 2 1.5175 0.88 0.0086869 2.9695 82159 0.878 0.008602 2.9786
10 50 4 0.045 3 1.5175 0.706 0.019156 2.2045 60677 0.704 0.023418 2.2063
10 50 4 0.045 4 1.5175 0.483 0.025466 1.402 38114 0.509 0.028908 1.3977
10 50 4 0.045 5 1.5175 0.307 0.025506 0.78364 20469 0.31 0.026566 0.78201
10 50 4 0.045 6 1.5175 0.151 0.011009 0.4138 9496.7 0.154 0.016246 0.40948
10 50 4 0.045 7 1.5175 0.077 0.0056273 0.23088 3850 0.064 0.0071758 0.22199
10 50 4 0.045 8 1.5175 0.026 0.0023475 0.13306 1385.3 0.025 0.002298 0.12942
10 50 4 0.045 9 1.5175 0.009 0.00082727 0.087652 442.36 0.009 0.00082727 0.086287
10 50 4 0.045 10 1.5175 0.005 0.0004798 0.080798 126.7 0.005 0.0004798 0.090429
10 50 4 0.045 11 1.5175 0.002 0.00019798 0.075025 32.78 0.002 0.00019798 0.086636
10 50 4 0.045 12 1.5175 0 0 0.073587 8.11 0 0 0.085913
10 50 4 0.045 13 1.5175 0 0 0.073412 1.67 0 0 0.085837
10 50 4 0.045 14 1.5175 0 0 0.07327 0.36 0 0 0.085733
10 50 4 0.045 15 1.5175 0 0 0.073287 0.08 0 0 0.086295
10 50 4 0.045 17 1.5175 0 0 0.073344 0 0 0 0.085804
10 50 4 0.045 20 1.5175 0 0 0.073262 0 0 0 0.085693
10 50 4 0.045 25 1.5175 0 0 0.07328 0 0 0 0.085677
10 50 4 0.045 30 1.5175 0 0 0.073282 0 0 0 0.08568
10 50 4 0.045 35 1.5175 0 0 0.073247 0 0 0 0.085673
10 50 4 0.045 40 1.5175 0 0 0.073874 0 0 0 0.089896
10 50 4 0.045 45 1.5175 0 0 0.073378 0 0 0 0.085688
10 50 4 0.045 50 1.5175 0 0 0.073616 0 0 0 0.086291
10 50 5 0.045 1 1.8227 0.865 0.0085606 2.8279 79023 0.847 0.012213 2.8064
10 50 5 0.045 2 1.8227 0.57 0.02596 1.6464 46298 0.575 0.024318 1.6506
10 50 5 0.045 3 1.8227 0.325 0.023914 0.73991 20710 0.31 0.019697 0.73893
10 50 5 0.045 4 1.8227 0.129 0.012383 0.29169 7373.1 0.136 0.009398 0.28842
10 50 5 0.045 5 1.8227 0.047 0.0039303 0.1232 2165.5 0.047 0.0043343 0.12029
10 50 5 0.045 6 1.8227 0.01 0.00090909 0.063362 539.17 0.018 0.002299 0.060895
10 50 5 0.045 7 1.8227 0.003 0.00029394 0.043139 115.66 0.006 0.0005697 0.041698
10 50 5 0.045 8 1.8227 0.001 0.0001 0.036795 21.65 0.001 0.0001 0.037535
10 50 5 0.045 9 1.8227 0 0 0.035168 3.34 0 0 0.037219
10 50 5 0.045 10 1.8227 0 0 0.035154 0.44 0 0 0.037235
10 50 5 0.045 11 1.8227 0 0 0.035545 0.05 0 0 0.038523
10 50 5 0.045 12 1.8227 0 0 0.035974 0.01 0 0 0.037595
10 50 5 0.045 13 1.8227 0 0 0.036211 0.01 0 0 0.037589
10 50 5 0.045 14 1.8227 0 0 0.035549 0 0 0 0.037594
10 50 5 0.045 15 1.8227 0 0 0.035508 0 0 0 0.037698
10 50 5 0.045 17 1.8227 0 0 0.035592 0 0 0 0.037596
10 50 5 0.045 20 1.8227 0 0 0.035587 0 0 0 0.037582
10 50 5 0.045 25 1.8227 0 0 0.035826 0 0 0 0.037603
10 50 5 0.045 30 1.8227 0 0 0.035517 0 0 0 0.037594
10 50 5 0.045 35 1.8227 0 0 0.03495 0 0 0 0.037171
10 50 5 0.045 40 1.8227 0 0 0.035054 0 0 0 0.037769
10 50 5 0.045 45 1.8227 0 0 0.035184 0 0 0 0.037255
10 50 5 0.045 50 1.8227 0 0 0.035287 0 0 0 0.038633
10 50 6 0.045 1 1.90665 0.64 0.024444 1.9685 54099 0.631 0.026201 1.9376
10 50 6 0.045 2 1.9066 0.274 0.018913 0.65511 18477 0.274 0.020933 0.65749
10 50 6 0.045 3 1.9066 0.091 0.0081 0.21141 4528.7 0.091 0.0068879 0.21463
10 50 6 0.045 4 1.9066 0.021 0.0018778 0.08009 865.54 0.023 0.0019909 0.083434
10 50 6 0.045 5 1.9066 0.004 0.00038788 0.043714 135.24 0.005 0.0004798 0.036255
10 50 6 0.045 6 1.9066 0.002 0.00019798 0.025898 17.23 0.001 0.0001 0.026567
10 50 6 0.045 7 1.9066 0 0 0.020538 1.9 0.001 0.0001 0.0214
10 50 6 0.045 8 1.9066 0 0 0.022529 0.18 0 0 0.025855
10 50 6 0.045 9 1.9066 0 0 0.022577 0.03 0 0 0.025823
10 50 6 0.045 10 1.9066 0 0 0.022441 0 0 0 0.025816
10 50 6 0.045 11 1.9066 0 0 0.022471 0 0 0 0.025821
10 50 6 0.045 12 1.9066 0 0 0.020516 0 0 0 0.021246
10 50 6 0.045 13 1.9066 0 0 0.022542 0 0 0 0.025878
10 50 6 0.045 14 1.9066 0 0 0.022436 0 0 0 0.02582
10 50 6 0.045 15 1.9066 0 0 0.022468 0 0 0 0.025824
10 50 6 0.045 17 1.9066 0 0 0.022467 0 0 0 0.026283
10 50 6 0.045 20 1.9066 0 0 0.022706 0 0 0 0.025814
10 50 6 0.045 25 1.9066 0 0 0.022479 0 0 0 0.025812
10 50 6 0.045 30 1.9066 0 0 0.022465 0 0 0 0.02581
10 50 6 0.045 35 1.9066 0 0 0.02033 0 0 0 0.021247
10 50 6 0.045 40 1.9066 0 0 0.020375 0 0 0 0.021248
10 50 6 0.045 45 1.9066 0 0 0.020337 0 0 0 0.021263
10 50 6 0.045 50 1.9066 0 0 0.02106 0 0 0 0.021241
10 50 7 0.045 1 2.16642 0.399 0.024544 1.1073 32238 0.416 0.02257 1.1023
10 50 7 0.045 2 2.1664 0.094 0.0074384 0.21288 5965.2 0.099 0.0083828 0.21039
10 50 7 0.045 3 2.1664 0.014 0.0018222 0.044236 775.06 0.017 0.0014253 0.042877
10 50 7 0.045 4 2.1664 0.001 0.0001 0.01986 76.82 0.002 0.00019798 0.018128
10 50 7 0.045 5 2.1664 0 0 0.014777 6.17 0.001 0.0001 0.013624
10 50 7 0.045 6 2.1664 0 0 0.012432 0.4 0 0 0.01293
10 50 7 0.045 7 2.1664 0 0 0.012413 0.02 0 0 0.012855
10 50 7 0.045 8 2.1664 0 0 0.01229 0 0 0 0.012845
10 50 7 0.045 9 2.1664 0 0 0.012354 0 0 0 0.012853
10 50 7 0.045 10 2.1664 0 0 0.012717 0 0 0 0.012987
10 50 7 0.045 11 2.1664 0 0 0.013007 0 0 0 0.012985
10 50 7 0.045 12 2.1664 0 0 0.012716 0 0 0 0.012983
10 50 7 0.045 13 2.1664 0 0 0.012766 0 0 0 0.01298
10 50 7 0.045 14 2.1664 0 0 0.012756 0 0 0 0.012983
10 50 7 0.045 15 2.1664 0 0 0.012499 0 0 0 0.012979
10 50 7 0.045 17 2.1664 0 0 0.012526 0 0 0 0.012986
10 50 7 0.045 20 2.1664 0 0 0.012491 0 0 0 0.012984
10 50 7 0.045 25 2.1664 0 0 0.012472 0 0 0 0.012986
10 50 7 0.045 30 2.1664 0 0 0.012471 0 0 0 0.012981
10 50 7 0.045 35 2.1664 0 0 0.012461 0 0 0 0.012985
10 50 7 0.045 40 2.1664 0 0 0.01297 0 0 0 0.013517
10 50 7 0.045 45 2.1664 0 0 0.012461 0 0 0 0.012985
10 50 7 0.045 50 2.1664 0 0 0.012487 0 0 0 0.012982
10 50 8 0.045 1 2.20746 0.228 0.016986 0.60226 17693 0.213 0.017708 0.5853
10 50 8 0.045 2 2.2075 0.029 0.0024838 0.067978 1714.9 0.03 0.0025253 0.067248
10 50 8 0.045 3 2.2075 0.004 0.00038788 0.016682 116.68 0.003 0.00029394 0.014643
10 50 8 0.045 4 2.2075 0 0 0.0099051 6.46 0.001 0.0001 0.0091705
10 50 8 0.045 5 2.2075 0 0 0.0092878 0.24 0 0 0.0092912
10 50 8 0.045 6 2.2075 0 0 0.0089691 0 0 0 0.0088736
10 50 8 0.045 7 2.2075 0 0 0.011296 0 0 0 0.0099625
10 50 8 0.045 8 2.2075 0 0 0.0090521 0 0 0 0.0088767
10 50 8 0.045 9 2.2075 0 0 0.0093132 0 0 0 0.0099551
10 50 8 0.045 10 2.2075 0 0 0.0089264 0 0 0 0.0090579
10 50 8 0.045 11 2.2075 0 0 0.0090644 0 0 0 0.0089798
10 50 8 0.045 12 2.2075 0 0 0.0092065 0 0 0 0.0089747
10 50 8 0.045 13 2.2075 0 0 0.00886 0 0 0 0.0091839
10 50 8 0.045 14 2.2075 0 0 0.0088692 0 0 0 0.0089778
10 50 8 0.045 15 2.2075 0 0 0.0089459 0 0 0 0.0089776
10 50 8 0.045 17 2.2075 0 0 0.008834 0 0 0 0.0089775
10 50 8 0.045 20 2.2075 0 0 0.0088227 0 0 0 0.0089833
10 50 8 0.045 25 2.2075 0 0 0.0090877 0 0 0 0.0089822
10 50 8 0.045 30 2.2075 0 0 0.0088696 0 0 0 0.0089774
10 50 8 0.045 35 2.2075 0 0 0.0088946 0 0 0 0.008983
10 50 8 0.045 40 2.2075 0 0 0.008837 0 0 0 0.009349
10 50 8 0.045 45 2.2075 0 0 0.0090686 0 0 0 0.0089752
10 50 8 0.045 50 2.2075 0 0 0.0093955 0 0 0 0.0090831
10 75 3 0.045 1 1.68625 1 0 3.8789 99994 1 0 3.8172
10 75 3 0.045 2 1.6863 1 0 3.8319 99928 1 0 3.8281
10 75 3 0.045 3 1.6863 0.999 0.0001 3.812 99611 1 0 3.8004
10 75 3 0.045 4 1.6863 0.992 0.00074343 3.7585 98575 0.995 0.0004798 3.7609
10 75 3 0.045 5 1.6863 0.983 0.0014253 3.6599 96052 0.986 0.0012162 3.6615
10 75 3 0.045 6 1.6863 0.96 0.0034343 3.4891 91147 0.947 0.0069606 3.4844
10 75 3 0.045 7 1.6863 0.922 0.0063798 3.2068 83284 0.909 0.0095141 3.2075
10 75 3 0.045 8 1.6863 0.846 0.011802 2.8227 72561 0.832 0.012905 2.8241
10 75 3 0.045 9 1.6863 0.758 0.017814 2.3781 59779 0.723 0.021385 2.3682
10 75 3 0.045 10 1.6863 0.626 0.020529 1.8975 46371 0.604 0.02463 1.8895
10 75 3 0.045 11 1.6863 0.501 0.022928 1.4538 33744 0.487 0.021748 1.4388
10 75 3 0.045 12 1.6863 0.377 0.023405 1.0786 23010 0.371 0.019049 1.0641
10 75 3 0.045 13 1.6863 0.245 0.019672 0.78992 14710 0.27 0.018081 0.7775
10 75 3 0.045 14 1.6863 0.162 0.017127 0.58515 8799 0.199 0.014241 0.57408
10 75 3 0.045 15 1.6863 0.105 0.011389 0.43981 4950.6 0.124 0.0091152 0.43319
10 75 3 0.045 17 1.6863 0.032 0.0030061 0.26461 1303.2 0.037 0.0035667 0.27126
10 75 3 0.045 20 1.6863 0.002 0.00019798 0.19644 113.32 0.005 0.0004798 0.20723
10 75 3 0.045 25 1.6863 0 0 0.18922 0.67 0 0 0.20401
10 75 3 0.045 30 1.6863 0 0 0.18912 0 0 0 0.20246
10 75 3 0.045 35 1.6863 0 0 0.18827 0 0 0 0.20315
10 75 3 0.045 40 1.6863 0 0 0.18819 0 0 0 0.20243
10 75 3 0.045 45 1.6863 0 0 0.18786 0 0 0 0.20277
10 75 3 0.045 50 1.6863 0 0 0.18767 0 0 0 0.20233
10 75 4 0.045 1 1.96731 0.994 0.0005697 3.8162 99079 0.998 0.00019798 3.6207
10 75 4 0.045 2 1.9673 0.975 0.002702 3.4661 94786 0.984 0.0015596 3.4683
10 75 4 0.045 3 1.9673 0.911 0.0084636 3.1263 84678 0.923 0.0072434 3.0985
10 75 4 0.045 4 1.9673 0.789 0.01412 2.7215 68864 0.8 0.022626 2.5348
10 75 4 0.045 5 1.9673 0.622 0.021329 1.8843 50352 0.64 0.023838 1.8822
10 75 4 0.045 6 1.9673 0.444 0.021883 1.2716 32944 0.452 0.021511 1.2658
10 75 4 0.045 7 1.9673 0.311 0.020383 1.002 19359 0.281 0.017716 1.0195
10 75 4 0.045 8 1.9673 0.195 0.015833 0.6742 10248 0.179 0.014201 0.48968
10 75 4 0.045 9 1.9673 0.114 0.010913 0.32019 4923.6 0.092 0.0082182 0.31302
10 75 4 0.045 10 1.9673 0.061 0.0060394 0.21801 2155.4 0.049 0.0039384 0.21228
10 75 4 0.045 11 1.9673 0.028 0.0028444 0.15516 870.1 0.028 0.0024404 0.1509
10 75 4 0.045 12 1.9673 0.015 0.0016919 0.14782 324.66 0.012 0.0012687 0.15147
10 75 4 0.045 13 1.9673 0.004 0.0005899 0.12003 113.39 0.004 0.00038788 0.12795
10 75 4 0.045 14 1.9673 0.002 0.00019798 0.11187 36.86 0.001 0.0001 0.12828
10 75 4 0.045 15 1.9673 0.001 0.0001 0.10916 11.18 0 0 0.10334
10 75 4 0.045 17 1.9673 0 0 0.096857 0.84 0 0 0.10183
10 75 4 0.045 20 1.9673 0 0 0.10888 0.03 0 0 0.12793
10 75 4 0.045 25 1.9673 0 0 0.11055 0 0 0 0.12914
10 75 4 0.045 30 1.9673 0 0 0.10854 0 0 0 0.12721
10 75 4 0.045 35 1.9673 0 0 0.097733 0 0 0 0.1027
10 75 4 0.045 40 1.9673 0 0 0.09649 0 0 0 0.10149
10 75 4 0.045 45 1.9673 0 0 0.096969 0 0 0 0.10268
10 75 4 0.045 50 1.9673 0 0 0.096059 0 0 0 0.10216
10 75 5 0.045 1 2.18462 0.945 0.0055303 3.3064 90223 0.944 0.0041051 3.284
10 75 5 0.045 2 2.1846 0.77 0.014242 2.4637 67686 0.777 0.017748 2.4703
10 75 5 0.045 3 2.1846 0.561 0.022201 1.6333 41471 0.538 0.025612 1.5223
10 75 5 0.045 4 2.1846 0.299 0.01707 0.8975 21059 0.329 0.017231 0.90825
10 75 5 0.045 5 2.1846 0.147 0.0095869 0.48046 9062.2 0.165 0.014217 0.41525
10 75 5 0.045 6 2.1846 0.072 0.0072889 0.1961 3356.9 0.074 0.0069939 0.19254
10 75 5 0.045 7 2.1846 0.031 0.0035747 0.17764 1090.5 0.023 0.003203 0.18588
10 75 5 0.045 8 2.1846 0.009 0.0010293 0.11263 318.28 0.009 0.0012313 0.1059
10 75 5 0.045 9 2.1846 0.003 0.00029394 0.075409 83.11 0.003 0.00049596 0.077559
10 75 5 0.045 10 2.1846 0 0 0.062585 19.35 0.001 0.0001 0.071747
10 75 5 0.045 11 2.1846 0 0 0.061105 4.18 0 0 0.070882
10 75 5 0.045 12 2.1846 0 0 0.060268 0.73 0 0 0.070738
10 75 5 0.045 13 2.1846 0 0 0.06008 0.14 0 0 0.070643
10 75 5 0.045 14 2.1846 0 0 0.060144 0.05 0 0 0.0706
10 75 5 0.045 15 2.1846 0 0 0.060226 0 0 0 0.070596
10 75 5 0.045 17 2.1846 0 0 0.06019 0 0 0 0.07065
10 75 5 0.045 20 2.1846 0 0 0.060142 0 0 0 0.070731
10 75 5 0.045 25 2.1846 0 0 0.060119 0 0 0 0.070606
10 75 5 0.045 30 2.1846 0 0 0.060922 0 0 0 0.070713
10 75 5 0.045 35 2.1846 0 0 0.053416 0 0 0 0.056439
10 75 5 0.045 40 2.1846 0 0 0.053569 0 0 0 0.056433
10 75 5 0.045 45 2.1846 0 0 0.053564 0 0 0 0.05581
10 75 5 0.045 50 2.1846 0 0 0.052558 0 0 0 0.055802
10 75 6 0.045 1 2.36825 0.782 0.018057 2.5591 68684 0.774 0.013863 2.4166
10 75 6 0.045 2 2.3682 0.434 0.019438 1.1529 32669 0.413 0.026193 1.1507
10 75 6 0.045 3 2.3682 0.179 0.016019 0.47052 11613 0.183 0.015971 0.472
10 75 6 0.045 4 2.3682 0.065 0.0047222 0.1975 3275.1 0.062 0.0080364 0.19883
10 75 6 0.045 5 2.3682 0.019 0.0019586 0.098686 764.09 0.009 0.00082727 0.099564
10 75 6 0.045 6 2.3682 0.002 0.00019798 0.060373 151.32 0.001 0.0001 0.053154
10 75 6 0.045 7 2.3682 0 0 0.039332 25.99 0 0 0.038856
10 75 6 0.045 8 2.3682 0 0 0.029201 3.95 0 0 0.03044
10 75 6 0.045 9 2.3682 0 0 0.031594 0.38 0 0 0.036535
10 75 6 0.045 10 2.3682 0 0 0.031716 0.06 0 0 0.036491
10 75 6 0.045 11 2.3682 0 0 0.031558 0 0 0 0.036479
10 75 6 0.045 12 2.3682 0 0 0.064312 0 0 0 0.052208
10 75 6 0.045 13 2.3682 0 0 0.028996 0 0 0 0.030552
10 75 6 0.045 14 2.3682 0 0 0.029457 0 0 0 0.030559
10 75 6 0.045 15 2.3682 0 0 0.029307 0 0 0 0.030561
10 75 6 0.045 17 2.3682 0 0 0.031799 0 0 0 0.036945
10 75 6 0.045 20 2.3682 0 0 0.031787 0 0 0 0.040112
10 75 6 0.045 25 2.3682 0 0 0.032578 0 0 0 0.037018
10 75 6 0.045 30 2.3682 0 0 0.029047 0 0 0 0.030558
10 75 6 0.045 35 2.3682 0 0 0.029066 0 0 0 0.030557
10 75 6 0.045 40 2.3682 0 0 0.029041 0 0 0 0.030549
10 75 6 0.045 45 2.3682 0 0 0.029025 0 0 0 0.030554
10 75 6 0.045 50 2.3682 0 0 0.028626 0 0 0 0.030217
10 75 7 0.045 1 2.75157 0.513 0.028011 1.5787 44103 0.548 0.024137 1.5507
10 75 7 0.045 2 2.7516 0.188 0.01642 0.42968 11829 0.191 0.014969 0.41944
10 75 7 0.045 3 2.7516 0.056 0.0055192 0.10281 2272.2 0.049 0.0035343 0.10125
10 75 7 0.045 4 2.7516 0.014 0.0014182 0.056543 343.35 0.009 0.00082727 0.039435
10 75 7 0.045 5 2.7516 0 0 0.035613 40.76 0 0 0.031487
10 75 7 0.045 6 2.7516 0 0 0.021838 4.46 0 0 0.02289
10 75 7 0.045 7 2.7516 0 0 0.019822 0.36 0 0 0.025632
10 75 7 0.045 8 2.7516 0 0 0.020399 0.07 0 0 0.02254
10 75 7 0.045 9 2.7516 0 0 0.019806 0.02 0 0 0.022357
10 75 7 0.045 10 2.7516 0 0 0.019984 0 0 0 0.022689
10 75 7 0.045 11 2.7516 0 0 0.020068 0 0 0 0.02279
10 75 7 0.045 12 2.7516 0 0 0.019936 0 0 0 0.022343
10 75 7 0.045 13 2.7516 0 0 0.020242 0 0 0 0.022338
10 75 7 0.045 14 2.7516 0 0 0.019762 0 0 0 0.022343
10 75 7 0.045 15 2.7516 0 0 0.019764 0 0 0 0.022351
10 75 7 0.045 17 2.7516 0 0 0.018436 0 0 0 0.019076
10 75 7 0.045 20 2.7516 0 0 0.018188 0 0 0 0.019071
10 75 7 0.045 25 2.7516 0 0 0.018184 0 0 0 0.019074
10 75 7 0.045 30 2.7516 0 0 0.018249 0 0 0 0.019085
10 75 7 0.045 35 2.7516 0 0 0.018254 0 0 0 0.019073
10 75 7 0.045 40 2.7516 0 0 0.018002 0 0 0 0.018906
10 75 7 0.045 45 2.7516 0 0 0.017927 0 0 0 0.018893
10 75 7 0.045 50 2.7516 0 0 0.017946 0 0 0 0.018905
10 75 8 0.045 1 2.84633 0.312 0.029956 0.90919 25273 0.341 0.018403 0.86678
10 75 8 0.045 2 2.8463 0.057 0.0061121 0.15429 3624.6 0.064 0.0061657 0.15156
10 75 8 0.045 3 2.8463 0.008 0.00094545 0.041757 367.95 0.01 0.0011111 0.039958
10 75 8 0.045 4 2.8463 0.001 0.0001 0.025289 29.21 0.001 0.0001 0.020365
10 75 8 0.045 5 2.8463 0 0 0.013966 1.96 0 0 0.01513
10 75 8 0.045 6 2.8463 0 0 0.012934 0.12 0 0 0.013385
10 75 8 0.045 7 2.8463 0 0 0.01376 0.01 0 0 0.015036
10 75 8 0.045 8 2.8463 0 0 0.012982 0.01 0 0 0.013409
10 75 8 0.045 9 2.8463 0 0 0.014055 0 0 0 0.015034
10 75 8 0.045 10 2.8463 0 0 0.012801 0 0 0 0.013239
10 75 8 0.045 11 2.8463 0 0 0.012971 0 0 0 0.013366
10 75 8 0.045 12 2.8463 0 0 0.013979 0 0 0 0.015028
10 75 8 0.045 13 2.8463 0 0 0.014437 0 0 0 0.015046
10 75 8 0.045 14 2.8463 0 0 0.014737 0 0 0 0.015263
10 75 8 0.045 15 2.8463 0 0 0.0139 0 0 0 0.015046
10 75 8 0.045 17 2.8463 0 0 0.013797 0 0 0 0.015044
10 75 8 0.045 20 2.8463 0 0 0.01378 0 0 0 0.015041
10 75 8 0.045 25 2.8463 0 0 0.012983 0 0 0 0.013363
10 75 8 0.045 30 2.8463 0 0 0.012968 0 0 0 0.013358
10 75 8 0.045 35 2.8463 0 0 0.012961 0 0 0 0.01336
10 75 8 0.045 40 2.8463 0 0 0.01318 0 0 0 0.013359
10 75 8 0.045 45 2.8463 0 0 0.013164 0 0 0 0.01336
10 75 8 0.045 50 2.8463 0 0 0.01292 0 0 0 0.013421
10 100 3 0.045 1 2.25048 1 0 3.9753 1e+05 1 0 3.9219
10 100 3 0.045 2 2.2505 1 0 3.9412 99996 1 0 3.9495
10 100 3 0.045 3 2.2505 1 0 4.0182 99970 1 0 4.0185
10 100 3 0.045 4 2.2505 1 0 3.9537 99861 1 0 3.9136
10 100 3 0.045 5 2.2505 0.997 0.00029394 3.8999 99511 0.997 0.00029394 3.906
10 100 3 0.045 6 2.2505 0.993 0.00065758 3.8846 98626 0.993 0.00065758 3.8653
10 100 3 0.045 7 2.2505 0.987 0.0011424 3.843 96746 0.982 0.002299 3.7845
10 100 3 0.045 8 2.2505 0.97 0.0027273 3.671 93335 0.969 0.0033727 3.6621
10 100 3 0.045 9 2.2505 0.949 0.0047465 3.6482 87919 0.941 0.0054737 3.4696
10 100 3 0.045 10 2.2505 0.905 0.0089646 3.253 80310 0.896 0.0084687 3.2568
10 100 3 0.045 11 2.2505 0.843 0.011769 2.9101 70721 0.835 0.012803 2.8849
10 100 3 0.045 12 2.2505 0.761 0.017353 2.5697 59737 0.736 0.020105 2.4854
10 100 3 0.045 13 2.2505 0.662 0.02238 2.0902 48242 0.653 0.024738 2.0772
10 100 3 0.045 14 2.2505 0.561 0.022403 1.6938 37155 0.539 0.027858 1.6823
10 100 3 0.045 15 2.2505 0.431 0.027211 1.3435 27270 0.454 0.025539 1.3297
10 100 3 0.045 17 2.2505 0.24 0.019596 0.94639 12691 0.269 0.019332 0.81177
10 100 3 0.045 20 2.2505 0.074 0.0059838 0.43343 2805.1 0.086 0.009297 0.43094
10 100 3 0.045 25 2.2505 0.008 0.00074343 0.26219 91.71 0.004 0.0005899 0.2708
10 100 3 0.045 30 2.2505 0 0 0.24917 0.96 0 0 0.26388
10 100 3 0.045 35 2.2505 0 0 0.24538 0 0 0 0.26427
10 100 3 0.045 40 2.2505 0 0 0.24708 0 0 0 0.26528
10 100 3 0.045 45 2.2505 0 0 0.25095 0 0 0 0.26697
10 100 3 0.045 50 2.2505 0 0 0.24613 0 0 0 0.26467
10 100 4 0.045 1 2.7421 1 0 3.7866 99795 1 0 3.7465
10 100 4 0.045 2 2.7421 0.997 0.00029394 3.6959 98534 0.995 0.0004798 3.6997
10 100 4 0.045 3 2.7421 0.981 0.0023626 3.5499 94663 0.979 0.0020798 3.5499
10 100 4 0.045 4 2.7421 0.944 0.0061253 3.2614 86715 0.937 0.007001 3.2627
10 100 4 0.045 5 2.7421 0.856 0.015418 2.8254 74446 0.87 0.01202 2.8172
10 100 4 0.045 6 2.7421 0.753 0.020496 2.2815 59211 0.752 0.016259 2.2728
10 100 4 0.045 7 2.7421 0.614 0.026671 1.7177 43369 0.611 0.020585 1.7067
10 100 4 0.045 8 2.7421 0.449 0.024342 1.2196 29236 0.464 0.022933 1.2033
10 100 4 0.045 9 2.7421 0.318 0.020481 0.82853 18145 0.317 0.019001 0.81994
10 100 4 0.045 10 2.7421 0.2 0.019394 0.56625 10412 0.201 0.014847 0.55826
10 100 4 0.045 11 2.7421 0.128 0.012137 0.40328 5543.5 0.135 0.010985 0.39435
10 100 4 0.045 12 2.7421 0.073 0.0070414 0.30041 2746.1 0.077 0.0066374 0.29113
10 100 4 0.045 13 2.7421 0.039 0.0054333 0.23039 1272.8 0.038 0.0035919 0.22472
10 100 4 0.045 14 2.7421 0.02 0.0024242 0.18228 554.36 0.015 0.0014899 0.17984
10 100 4 0.045 15 2.7421 0.009 0.0012313 0.15304 223.75 0.01 0.0011111 0.15526
10 100 4 0.045 17 2.7421 0.001 0.0001 0.13609 31.4 0.004 0.0005899 0.14296
10 100 4 0.045 20 2.7421 0 0 0.13227 1.1 0 0 0.14138
10 100 4 0.045 25 2.7421 0 0 0.13152 0 0 0 0.14213
10 100 4 0.045 30 2.7421 0 0 0.13121 0 0 0 0.14005
10 100 4 0.045 35 2.7421 0 0 0.13137 0 0 0 0.14041
10 100 4 0.045 40 2.7421 0 0 0.13179 0 0 0 0.13992
10 100 4 0.045 45 2.7421 0 0 0.13197 0 0 0 0.14104
10 100 4 0.045 50 2.7421 0 0 0.13142 0 0 0 0.13993
10 100 5 0.045 1 3.19205 0.979 0.0020798 3.6269 95394 0.976 0.0022465 3.4662
10 100 5 0.045 2 3.192 0.904 0.0080646 2.9762 81432 0.878 0.011834 2.9814
10 100 5 0.045 3 3.192 0.739 0.018161 2.2273 60072 0.734 0.023479 2.2051
10 100 5 0.045 4 3.192 0.527 0.023203 1.5144 38045 0.534 0.024893 1.4148
10 100 5 0.045 5 3.192 0.334 0.019236 0.94772 20844 0.341 0.023858 0.80589
10 100 5 0.045 6 3.192 0.199 0.015049 0.44345 9997.1 0.19 0.016061 0.43733
10 100 5 0.045 7 3.192 0.099 0.0091909 0.3653 4265.1 0.1 0.0086869 0.37581
10 100 5 0.045 8 3.192 0.038 0.0033899 0.24628 1633.8 0.052 0.0047434 0.20169
10 100 5 0.045 9 3.192 0.014 0.0012162 0.11875 565.07 0.02 0.0016162 0.10885
10 100 5 0.045 10 3.192 0.006 0.0005697 0.11882 179.91 0.003 0.00029394 0.11735
10 100 5 0.045 11 3.192 0.004 0.00038788 0.091338 52.85 0.001 0.0001 0.096391
10 100 5 0.045 12 3.192 0 0 0.08346 14.42 0.001 0.0001 0.092288
10 100 5 0.045 13 3.192 0 0 0.078066 3.59 0.001 0.0001 0.090558
10 100 5 0.045 14 3.192 0 0 0.076989 0.83 0 0 0.08968
10 100 5 0.045 15 3.192 0 0 0.076935 0.26 0 0 0.088859
10 100 5 0.045 17 3.192 0 0 0.076968 0 0 0 0.088828
10 100 5 0.045 20 3.192 0 0 0.076611 0 0 0 0.089449
10 100 5 0.045 25 3.192 0 0 0.069049 0 0 0 0.07243
10 100 5 0.045 30 3.192 0 0 0.06891 0 0 0 0.071842
10 100 5 0.045 35 3.192 0 0 0.069049 0 0 0 0.071779
10 100 5 0.045 40 3.192 0 0 0.069538 0 0 0 0.071695
10 100 5 0.045 45 3.192 0 0 0.068732 0 0 0 0.071754
10 100 5 0.045 50 3.192 0 0 0.068996 0 0 0 0.071041
10 100 6 0.045 1 3.38921 0.852 0.012824 2.9031 78566 0.865 0.0099747 2.8562
10 100 6 0.045 2 3.3892 0.613 0.025587 1.6763 46037 0.574 0.020529 1.6781
10 100 6 0.045 3 3.3892 0.327 0.024415 0.76492 20849 0.315 0.019874 0.77036
10 100 6 0.045 4 3.3892 0.137 0.010637 0.37956 7641.2 0.146 0.01261 0.3858
10 100 6 0.045 5 3.3892 0.043 0.005102 0.20086 2347.6 0.061 0.0060394 0.21029
10 100 6 0.045 6 3.3892 0.013 0.0019505 0.12595 624.78 0.012 0.0012687 0.12555
10 100 6 0.045 7 3.3892 0.006 0.00077172 0.057924 146.9 0.004 0.00038788 0.052744
10 100 6 0.045 8 3.3892 0.001 0.0001 0.04535 30.44 0.002 0.00019798 0.044561
10 100 6 0.045 9 3.3892 0 0 0.046394 5.49 0.001 0.0001 0.04349
10 100 6 0.045 10 3.3892 0 0 0.045057 0.99 0 0 0.051446
10 100 6 0.045 11 3.3892 0 0 0.043855 0.16 0 0 0.050634
10 100 6 0.045 12 3.3892 0 0 0.039351 0.02 0 0 0.041848
10 100 6 0.045 13 3.3892 0 0 0.039261 0.01 0 0 0.041102
10 100 6 0.045 14 3.3892 0 0 0.039549 0 0 0 0.041195
10 100 6 0.045 15 3.3892 0 0 0.043677 0 0 0 0.050494
10 100 6 0.045 17 3.3892 0 0 0.03929 0 0 0 0.041068
10 100 6 0.045 20 3.3892 0 0 0.043537 0 0 0 0.050934
10 100 6 0.045 25 3.3892 0 0 0.043591 0 0 0 0.053606
10 100 6 0.045 30 3.3892 0 0 0.04432 0 0 0 0.050525
10 100 6 0.045 35 3.3892 0 0 0.043642 0 0 0 0.050554
10 100 6 0.045 40 3.3892 0 0 0.043551 0 0 0 0.051031
10 100 6 0.045 45 3.3892 0 0 0.044576 0 0 0 0.050503
10 100 6 0.045 50 3.3892 0 0 0.043974 0 0 0 0.05039
10 100 7 0.045 1 3.8245 0.61 0.025354 1.9543 53809 0.665 0.026136 1.9124
10 100 7 0.045 2 3.8245 0.262 0.016925 0.66399 18526 0.263 0.024779 0.66572
10 100 7 0.045 3 3.8245 0.061 0.0062414 0.19152 4669.5 0.092 0.0076121 0.18997
10 100 7 0.045 4 3.8245 0.013 0.0015465 0.096461 937.41 0.015 0.0014899 0.098222
10 100 7 0.045 5 3.8245 0.003 0.00029394 0.059406 155.87 0.004 0.00038788 0.054497
10 100 7 0.045 6 3.8245 0.001 0.0001 0.038866 23.05 0 0 0.0364
10 100 7 0.045 7 3.8245 0 0 0.030324 2.82 0 0 0.029696
10 100 7 0.045 8 3.8245 0 0 0.025072 0.28 0 0 0.02827
10 100 7 0.045 9 3.8245 0 0 0.025294 0.01 0 0 0.028138
10 100 7 0.045 10 3.8245 0 0 0.024795 0 0 0 0.028121
10 100 7 0.045 11 3.8245 0 0 0.024803 0 0 0 0.028533
10 100 7 0.045 12 3.8245 0 0 0.024795 0 0 0 0.028127
10 100 7 0.045 13 3.8245 0 0 0.024808 0 0 0 0.028147
10 100 7 0.045 14 3.8245 0 0 0.025575 0 0 0 0.028196
10 100 7 0.045 15 3.8245 0 0 0.024865 0 0 0 0.028168
10 100 7 0.045 17 3.8245 0 0 0.023168 0 0 0 0.024624
10 100 7 0.045 20 3.8245 0 0 0.023227 0 0 0 0.023982
10 100 7 0.045 25 3.8245 0 0 0.023077 0 0 0 0.023976
10 100 7 0.045 30 3.8245 0 0 0.023561 0 0 0 0.023735
10 100 7 0.045 35 3.8245 0 0 0.02265 0 0 0 0.023707
10 100 7 0.045 40 3.8245 0 0 0.022677 0 0 0 0.023725
10 100 7 0.045 45 3.8245 0 0 0.023103 0 0 0 0.023732
10 100 7 0.045 50 3.8245 0 0 0.022819 0 0 0 0.023723
10 100 8 0.045 1 3.91114 0.428 0.018602 1.1229 32131 0.424 0.024873 1.1108
10 100 8 0.045 2 3.9111 0.111 0.0096758 0.23103 6029 0.096 0.0086707 0.22476
10 100 8 0.045 3 3.9111 0.017 0.0016273 0.052887 808.83 0.016 0.0015596 0.050951
10 100 8 0.045 4 3.9111 0.002 0.00019798 0.038161 84.83 0.003 0.00029394 0.03426
10 100 8 0.045 5 3.9111 0 0 0.019331 7.65 0 0 0.017712
10 100 8 0.045 6 3.9111 0 0 0.016287 0.69 0 0 0.01655
10 100 8 0.045 7 3.9111 0 0 0.016016 0.05 0 0 0.016448
10 100 8 0.045 8 3.9111 0 0 0.015909 0 0 0 0.016433
10 100 8 0.045 9 3.9111 0 0 0.017263 0 0 0 0.018394
10 100 8 0.045 10 3.9111 0 0 0.017821 0 0 0 0.018399
10 100 8 0.045 11 3.9111 0 0 0.016003 0 0 0 0.016435
10 100 8 0.045 12 3.9111 0 0 0.017322 0 0 0 0.016446
10 100 8 0.045 13 3.9111 0 0 0.015945 0 0 0 0.016426
10 100 8 0.045 14 3.9111 0 0 0.015903 0 0 0 0.016433
10 100 8 0.045 15 3.9111 0 0 0.015923 0 0 0 0.016426
10 100 8 0.045 17 3.9111 0 0 0.015927 0 0 0 0.016433
10 100 8 0.045 20 3.9111 0 0 0.016017 0 0 0 0.01631
10 100 8 0.045 25 3.9111 0 0 0.015742 0 0 0 0.016278
10 100 8 0.045 30 3.9111 0 0 0.015793 0 0 0 0.016284
10 100 8 0.045 35 3.9111 0 0 0.015826 0 0 0 0.016278
10 100 8 0.045 40 3.9111 0 0 0.017041 0 0 0 0.018788
10 100 8 0.045 45 3.9111 0 0 0.016864 0 0 0 0.018384
10 100 8 0.045 50 3.9111 0 0 0.016864 0 0 0 0.019797
10 125 3 0.045 1 2.6576 1 0 4.1522 1e+05 1 0 4.0773
10 125 3 0.045 2 2.6576 1 0 4.5812 1e+05 1 0 4.2031
10 125 3 0.045 3 2.6576 1 0 4.1674 99998 1 0 4.0715
10 125 3 0.045 4 2.6576 1 0 4.1321 99988 1 0 4.0732
10 125 3 0.045 5 2.6576 1 0 4.099 99948 1 0 4.0619
10 125 3 0.045 6 2.6576 1 0 4.0752 99824 1 0 4.0476
10 125 3 0.045 7 2.6576 0.997 0.00029394 4.5162 99503 1 0 4.0356
10 125 3 0.045 8 2.6576 0.994 0.0005697 4.4301 98776 0.999 0.0001 4.0097
10 125 3 0.045 9 2.6576 0.991 0.00082727 3.9866 97355 0.993 0.0008596 3.9651
10 125 3 0.045 10 2.6576 0.979 0.0020798 4.2523 94879 0.981 0.0019586 3.8591
10 125 3 0.045 11 2.6576 0.965 0.0035101 4.0982 90995 0.975 0.0025 3.7843
10 125 3 0.045 12 2.6576 0.949 0.0047465 3.5933 85470 0.954 0.0045293 3.5723
10 125 3 0.045 13 2.6576 0.906 0.0082465 3.2912 78259 0.921 0.0065242 3.2667
10 125 3 0.045 14 2.6576 0.851 0.012221 3.1611 69545 0.868 0.010279 2.9516
10 125 3 0.045 15 2.6576 0.781 0.01408 2.6273 59818 0.801 0.015858 2.6028
10 125 3 0.045 17 2.6576 0.602 0.020198 2.3117 39701 0.618 0.01644 1.8857
10 125 3 0.045 20 2.6576 0.315 0.020278 1.5031 16139 0.342 0.022663 1.1092
10 125 3 0.045 25 2.6576 0.041 0.0036556 0.47386 1661.4 0.051 0.0063626 0.46993
10 125 3 0.045 30 2.6576 0.005 0.0004798 0.33419 70.24 0.003 0.00029394 0.35081
10 125 3 0.045 35 2.6576 0 0 0.327 1.17 0 0 0.34932
10 125 3 0.045 40 2.6576 0 0 0.32714 0.01 0 0 0.35111
10 125 3 0.045 45 2.6576 0 0 0.33459 0 0 0 0.34538
10 125 3 0.045 50 2.6576 0 0 0.32777 0 0 0 0.35036
10 125 4 0.045 1 3.1235 1 0 3.9709 99951 1 0 3.845
10 125 4 0.045 2 3.1235 1 0 3.8378 99598 1 0 3.8169
10 125 4 0.045 3 3.1235 0.999 0.0001 3.8191 98249 0.995 0.0004798 3.7651
10 125 4 0.045 4 3.1235 0.983 0.0016273 3.6435 94856 0.981 0.0019586 3.6352
10 125 4 0.045 5 3.1235 0.953 0.0045364 3.3964 88410 0.949 0.0053525 3.3979
10 125 4 0.045 6 3.1235 0.898 0.010299 3.0511 78539 0.902 0.011309 3.0501
10 125 4 0.045 7 3.1235 0.797 0.01686 2.5816 65867 0.803 0.015849 2.5794
10 125 4 0.045 8 3.1235 0.688 0.019855 2.1901 51837 0.688 0.019855 2.0788
10 125 4 0.045 9 3.1235 0.572 0.020824 1.6089 38180 0.568 0.020986 1.5909
10 125 4 0.045 10 3.1235 0.432 0.016541 1.2356 26341 0.434 0.028327 1.1692
10 125 4 0.045 11 3.1235 0.317 0.015365 1.0932 17018 0.311 0.022605 0.84768
10 125 4 0.045 12 3.1235 0.227 0.010072 0.63504 10326 0.204 0.017964 0.61836
10 125 4 0.045 13 3.1235 0.143 0.0095465 0.71543 5888 0.133 0.010112 0.46094
10 125 4 0.045 14 3.1235 0.092 0.0064 0.37937 3171.6 0.077 0.0062333 0.36353
10 125 4 0.045 15 3.1235 0.048 0.0037333 0.48912 1613.2 0.043 0.0038899 0.39472
10 125 4 0.045 17 3.1235 0.013 0.0015465 0.31199 360.51 0.009 0.00082727 0.3159
10 125 4 0.045 20 3.1235 0.002 0.00019798 0.18044 25.68 0 0 0.18076
10 125 4 0.045 25 3.1235 0 0 0.17224 0.14 0 0 0.18126
10 125 4 0.045 30 3.1235 0 0 0.17307 0 0 0 0.17889
10 125 4 0.045 35 3.1235 0 0 0.16963 0 0 0 0.17683
10 125 4 0.045 40 3.1235 0 0 0.16868 0 0 0 0.17762
10 125 4 0.045 45 3.1235 0 0 0.1693 0 0 0 0.17815
10 125 4 0.045 50 3.1235 0 0 0.16908 0 0 0 0.17802
10 125 5 0.045 1 3.45724 0.989 0.0011909 3.6506 97794 0.988 0.0012687 3.599
10 125 5 0.045 2 3.4572 0.944 0.0051152 3.3087 89577 0.942 0.006299 3.3216
10 125 5 0.045 3 3.4572 0.836 0.016065 2.7452 74087 0.837 0.014476 2.7448
10 125 5 0.045 4 3.4572 0.692 0.020339 2.0265 54379 0.697 0.020698 2.0315
10 125 5 0.045 5 3.4572 0.519 0.020948 1.3513 35332 0.512 0.026723 1.3475
10 125 5 0.045 6 3.4572 0.35 0.021717 0.83074 20440 0.349 0.022726 0.82297
10 125 5 0.045 7 3.4572 0.22 0.01697 0.49417 10597 0.212 0.020057 0.48451
10 125 5 0.045 8 3.4572 0.13 0.010808 0.30775 4975.4 0.117 0.011324 0.29926
10 125 5 0.045 9 3.4572 0.064 0.0061657 0.21003 2137.6 0.062 0.0056121 0.20238
10 125 5 0.045 10 3.4572 0.034 0.0038828 0.15635 844.63 0.028 0.0030465 0.15056
10 125 5 0.045 11 3.4572 0.018 0.0016929 0.12159 307.88 0.013 0.0011424 0.11845
10 125 5 0.045 12 3.4572 0.009 0.0010293 0.10278 104.36 0.008 0.00074343 0.10295
10 125 5 0.045 13 3.4572 0.002 0.00019798 0.094284 34.24 0.004 0.00038788 0.096188
10 125 5 0.045 14 3.4572 0 0 0.089821 10.45 0.001 0.0001 0.095073
10 125 5 0.045 15 3.4572 0 0 0.089025 3.09 0 0 0.092842
10 125 5 0.045 17 3.4572 0 0 0.089836 0.17 0 0 0.092003
10 125 5 0.045 20 3.4572 0 0 0.090463 0 0 0 0.093281
10 125 5 0.045 25 3.4572 0 0 0.087198 0 0 0 0.091923
10 125 5 0.045 30 3.4572 0 0 0.14852 0 0 0 0.11981
10 125 5 0.045 35 3.4572 0 0 0.10513 0 0 0 0.10024
10 125 5 0.045 40 3.4572 0 0 0.10368 0 0 0 0.11992
10 125 5 0.045 45 3.4572 0 0 0.10405 0 0 0 0.11999
10 125 5 0.045 50 3.4572 0 0 0.10317 0 0 0 0.11984
10 125 6 0.045 1 3.94515 0.902 0.0086828 3.1669 85254 0.91 0.0071717 3.0785
10 125 6 0.045 2 3.9451 0.68 0.02404 2.1279 57596 0.713 0.019122 2.1003
10 125 6 0.045 3 3.9451 0.425 0.029975 1.1435 31090 0.437 0.022759 1.1458
10 125 6 0.045 4 3.9451 0.222 0.016077 0.62092 13816 0.236 0.017681 0.62991
10 125 6 0.045 5 3.9451 0.098 0.0090869 0.32891 5199.6 0.118 0.0079556 0.33443
10 125 6 0.045 6 3.9451 0.035 0.0041162 0.19858 1698.3 0.049 0.0035343 0.15091
10 125 6 0.045 7 3.9451 0.014 0.0016202 0.13568 491.11 0.018 0.0018949 0.13567
10 125 6 0.045 8 3.9451 0.006 0.00077172 0.095988 128.65 0.006 0.00077172 0.091767
10 125 6 0.045 9 3.9451 0 0 0.072171 30.72 0.001 0.0001 0.071125
10 125 6 0.045 10 3.9451 0 0 0.049957 6.59 0 0 0.050662
10 125 6 0.045 11 3.9451 0 0 0.055698 1.35 0 0 0.062971
10 125 6 0.045 12 3.9451 0 0 0.054255 0.26 0 0 0.062034
10 125 6 0.045 13 3.9451 0 0 0.048131 0.04 0 0 0.049444
10 125 6 0.045 14 3.9451 0 0 0.04862 0.01 0 0 0.049531
10 125 6 0.045 15 3.9451 0 0 0.048474 0 0 0 0.049967
10 125 6 0.045 17 3.9451 0 0 0.047622 0 0 0 0.049399
10 125 6 0.045 20 3.9451 0 0 0.05406 0 0 0 0.061661
10 125 6 0.045 25 3.9451 0 0 0.049199 0 0 0 0.050195
10 125 6 0.045 30 3.9451 0 0 0.048022 0 0 0 0.049868
10 125 6 0.045 35 3.9451 0 0 0.04907 0 0 0 0.050692
10 125 6 0.045 40 3.9451 0 0 0.049461 0 0 0 0.051151
10 125 6 0.045 45 3.9451 0 0 0.048394 0 0 0 0.049601
10 125 6 0.045 50 3.9451 0 0 0.048157 0 0 0 0.04941
10 125 7 0.045 1 4.33906 0.714 0.022024 2.2951 61796 0.732 0.021996 2.2296
10 125 7 0.045 2 4.3391 0.366 0.030347 0.93823 25571 0.388 0.027935 0.91749
10 125 7 0.045 3 4.3391 0.142 0.015996 0.30656 7875.6 0.166 0.016812 0.30172
10 125 7 0.045 4 4.3391 0.04 0.0040404 0.11003 1936 0.05 0.0045455 0.10671
10 125 7 0.045 5 4.3391 0.011 0.00098889 0.056922 394.65 0.014 0.0012162 0.053515
10 125 7 0.045 6 4.3391 0.002 0.00019798 0.060513 70.38 0.003 0.00029394 0.054577
10 125 7 0.045 7 4.3391 0 0 0.041225 11.03 0.001 0.0001 0.039262
10 125 7 0.045 8 4.3391 0 0 0.032888 1.37 0 0 0.036373
10 125 7 0.045 9 4.3391 0 0 0.031902 0.17 0 0 0.036033
10 125 7 0.045 10 4.3391 0 0 0.031805 0.01 0 0 0.035757
10 125 7 0.045 11 4.3391 0 0 0.031606 0 0 0 0.035751
10 125 7 0.045 12 4.3391 0 0 0.031764 0 0 0 0.035786
10 125 7 0.045 13 4.3391 0 0 0.031592 0 0 0 0.035772
10 125 7 0.045 14 4.3391 0 0 0.031623 0 0 0 0.036809
10 125 7 0.045 15 4.3391 0 0 0.031783 0 0 0 0.036028
10 125 7 0.045 17 4.3391 0 0 0.031627 0 0 0 0.035772
10 125 7 0.045 20 4.3391 0 0 0.031596 0 0 0 0.035864
10 125 7 0.045 25 4.3391 0 0 0.031951 0 0 0 0.035876
10 125 7 0.045 30 4.3391 0 0 0.031615 0 0 0 0.035835
10 125 7 0.045 35 4.3391 0 0 0.028755 0 0 0 0.030008
10 125 7 0.045 40 4.3391 0 0 0.028818 0 0 0 0.030086
10 125 7 0.045 45 4.3391 0 0 0.028809 0 0 0 0.030377
10 125 7 0.045 50 4.3391 0 0 0.029145 0 0 0 0.030392
10 125 8 0.045 1 4.51778 0.485 0.025934 1.3707 38327 0.479 0.026524 1.3496
10 125 8 0.045 2 4.5178 0.146 0.014024 0.32634 8824.2 0.122 0.014057 0.32554
10 125 8 0.045 3 4.5178 0.033 0.0030414 0.081864 1462 0.023 0.0021929 0.079766
10 125 8 0.045 4 4.5178 0.008 0.00074343 0.03638 191.41 0.006 0.0005697 0.03359
10 125 8 0.045 5 4.5178 0.003 0.00029394 0.057054 21.68 0.001 0.0001 0.041433
10 125 8 0.045 6 4.5178 0 0 0.025264 1.91 0 0 0.023347
10 125 8 0.045 7 4.5178 0 0 0.021206 0.17 0 0 0.023311
10 125 8 0.045 8 4.5178 0 0 0.020988 0.01 0 0 0.022934
10 125 8 0.045 9 4.5178 0 0 0.026075 0 0 0 0.024793
10 125 8 0.045 10 4.5178 0 0 0.021709 0 0 0 0.022963
10 125 8 0.045 11 4.5178 0 0 0.021307 0 0 0 0.02296
10 125 8 0.045 12 4.5178 0 0 0.021143 0 0 0 0.022939
10 125 8 0.045 13 4.5178 0 0 0.021133 0 0 0 0.022937
10 125 8 0.045 14 4.5178 0 0 0.021174 0 0 0 0.023327
10 125 8 0.045 15 4.5178 0 0 0.021124 0 0 0 0.023016
10 125 8 0.045 17 4.5178 0 0 0.021061 0 0 0 0.022987
10 125 8 0.045 20 4.5178 0 0 0.020302 0 0 0 0.020278
10 125 8 0.045 25 4.5178 0 0 0.020746 0 0 0 0.021273
10 125 8 0.045 30 4.5178 0 0 0.019665 0 0 0 0.020219
10 125 8 0.045 35 4.5178 0 0 0.019594 0 0 0 0.020225
10 125 8 0.045 40 4.5178 0 0 0.022373 0 0 0 0.023097
10 125 8 0.045 45 4.5178 0 0 0.021077 0 0 0 0.023374
10 125 8 0.045 50 4.5178 0 0 0.02117 0 0 0 0.022963
10 150 3 0.045 1 3.28415 1 0 4.2086 1e+05 1 0 4.138
10 150 3 0.045 2 3.2841 1 0 4.1512 1e+05 1 0 4.1378
10 150 3 0.045 3 3.2841 1 0 4.584 1e+05 1 0 4.1395
10 150 3 0.045 4 3.2841 1 0 4.4936 99999 1 0 4.1272
10 150 3 0.045 5 3.2841 1 0 4.1382 99995 1 0 4.1225
10 150 3 0.045 6 3.2841 1 0 4.363 99979 1 0 4.1174
10 150 3 0.045 7 3.2841 1 0 4.1268 99932 1 0 4.1095
10 150 3 0.045 8 3.2841 1 0 4.1275 99808 1 0 4.1059
10 150 3 0.045 9 3.2841 0.997 0.00029394 4.5768 99518 0.999 0.0001 4.118
10 150 3 0.045 10 3.2841 0.995 0.0004798 4.0754 98926 0.997 0.00029394 4.0677
10 150 3 0.045 11 3.2841 0.987 0.0011424 4.0488 97825 0.996 0.00038788 4.0274
10 150 3 0.045 12 3.2841 0.98 0.0018182 3.9921 95968 0.989 0.00098889 3.9608
10 150 3 0.045 13 3.2841 0.969 0.0027667 3.8809 93095 0.975 0.0025 3.9012
10 150 3 0.045 14 3.2841 0.947 0.0051424 3.777 88978 0.954 0.0049333 3.7868
10 150 3 0.045 15 3.2841 0.923 0.0074455 3.6286 83498 0.924 0.0085091 3.5155
10 150 3 0.045 17 3.2841 0.839 0.01109 3.2478 68713 0.833 0.015971 2.9903
10 150 3 0.045 20 3.2841 0.601 0.02313 2.6664 41743 0.631 0.023979 2.1568
10 150 3 0.045 25 3.2841 0.206 0.02057 0.92475 9745.3 0.206 0.017741 0.90364
10 150 3 0.045 30 3.2841 0.039 0.0036152 0.5129 1035.2 0.027 0.002799 0.50678
10 150 3 0.045 35 3.2841 0.001 0.0001 0.50363 52.83 0.001 0.0001 0.55068
10 150 3 0.045 40 3.2841 0 0 0.39928 1.37 0 0 0.41712
10 150 3 0.045 45 3.2841 0 0 0.39836 0 0 0 0.41829
10 150 3 0.045 50 3.2841 0 0 0.39885 0 0 0 0.41637
10 150 4 0.045 1 3.68427 1 0 3.9223 99989 1 0 3.8849
10 150 4 0.045 2 3.6843 1 0 3.8859 99890 1 0 3.8714
10 150 4 0.045 3 3.6843 0.997 0.00029394 3.9321 99446 0.999 0.0001 3.8429
10 150 4 0.045 4 3.6843 0.994 0.0005697 3.8935 98131 0.997 0.00029394 3.7989
10 150 4 0.045 5 3.6843 0.985 0.0014899 3.8192 95183 0.988 0.0012687 3.676
10 150 4 0.045 6 3.6843 0.963 0.0035667 3.6859 89833 0.955 0.0049242 3.4902
10 150 4 0.045 7 3.6843 0.929 0.0065242 3.5103 81710 0.91 0.0085859 3.1927
10 150 4 0.045 8 3.6843 0.872 0.0099152 2.8343 71065 0.849 0.011413 2.8146
10 150 4 0.045 9 3.6843 0.789 0.014726 2.7221 58773 0.772 0.01638 2.374
10 150 4 0.045 10 3.6843 0.67 0.024343 1.9437 46057 0.662 0.020158 1.9271
10 150 4 0.045 11 3.6843 0.539 0.026645 1.515 34160 0.559 0.024666 1.5007
10 150 4 0.045 12 3.6843 0.425 0.024318 1.1683 23992 0.428 0.027693 1.156
10 150 4 0.045 13 3.6843 0.313 0.022355 0.88912 15954 0.336 0.023135 0.86795
10 150 4 0.045 14 3.6843 0.214 0.0196 0.68721 10063 0.251 0.023332 0.66594
10 150 4 0.045 15 3.6843 0.132 0.015329 0.54813 6033 0.164 0.015257 0.52758
10 150 4 0.045 17 3.6843 0.05 0.0051515 0.36871 1881 0.065 0.0069444 0.35356
10 150 4 0.045 20 3.6843 0.007 0.00065758 0.25318 235.08 0.008 0.00094545 0.25256
10 150 4 0.045 25 3.6843 0 0 0.21921 3.04 0 0 0.22706
10 150 4 0.045 30 3.6843 0 0 0.21408 0.02 0 0 0.22517
10 150 4 0.045 35 3.6843 0 0 0.21339 0 0 0 0.23124
10 150 4 0.045 40 3.6843 0 0 0.21428 0 0 0 0.22781
10 150 4 0.045 45 3.6843 0 0 0.2137 0 0 0 0.22618
10 150 4 0.045 50 3.6843 0 0 0.21647 0 0 0 0.22695
10 150 5 0.045 1 4.36956 0.998 0.00019798 3.7268 98942 0.996 0.0005899 3.6689
10 150 5 0.045 2 4.3696 0.978 0.0025414 3.7426 94266 0.98 0.0020202 3.5009
10 150 5 0.045 3 4.3696 0.905 0.0093687 3.1603 83801 0.931 0.005999 3.1073
10 150 5 0.045 4 4.3696 0.8 0.01596 2.7444 68035 0.802 0.015147 2.5455
10 150 5 0.045 5 4.3696 0.668 0.019774 1.8981 49931 0.65 0.022323 1.8914
10 150 5 0.045 6 4.3696 0.499 0.01909 1.3023 33111 0.473 0.022597 1.2915
10 150 5 0.045 7 4.3696 0.346 0.023923 0.83944 19906 0.327 0.018961 0.83023
10 150 5 0.045 8 4.3696 0.206 0.017943 0.73238 10909 0.204 0.013519 0.61385
10 150 5 0.045 9 4.3696 0.106 0.011479 0.53091 5490.6 0.111 0.0094737 0.5456
10 150 5 0.045 10 4.3696 0.064 0.0067717 0.25803 2553.6 0.065 0.0057323 0.24649
10 150 5 0.045 11 4.3696 0.035 0.0035101 0.31317 1100.8 0.034 0.0024687 0.32496
10 150 5 0.045 12 4.3696 0.021 0.0020798 0.24335 444.09 0.01 0.00090909 0.25439
10 150 5 0.045 13 4.3696 0.01 0.00090909 0.1961 168.78 0.006 0.0005697 0.19891
10 150 5 0.045 14 4.3696 0.003 0.00029394 0.17181 60.75 0.002 0.00019798 0.17302
10 150 5 0.045 15 4.3696 0.002 0.00019798 0.14542 20.59 0 0 0.13409
10 150 5 0.045 17 4.3696 0 0 0.13629 2.17 0 0 0.15025
10 150 5 0.045 20 4.3696 0 0 0.13294 0.05 0 0 0.14977
10 150 5 0.045 25 4.3696 0 0 0.14078 0 0 0 0.16529
10 150 5 0.045 30 4.3696 0 0 0.13454 0 0 0 0.14962
10 150 5 0.045 35 4.3696 0 0 0.13207 0 0 0 0.14979
10 150 5 0.045 40 4.3696 0 0 0.13253 0 0 0 0.14919
10 150 5 0.045 45 4.3696 0 0 0.13517 0 0 0 0.15093
10 150 5 0.045 50 4.3696 0 0 0.10986 0 0 0 0.11245
10 150 6 0.045 1 4.96522 0.948 0.0043394 3.345 89841 0.939 0.0050293 3.2758
10 150 6 0.045 2 4.9652 0.79 0.015859 2.5432 67141 0.784 0.013075 2.4576
10 150 6 0.045 3 4.9652 0.564 0.019499 1.5934 41323 0.546 0.023519 1.527
10 150 6 0.045 4 4.9652 0.317 0.019203 0.91745 21287 0.35 0.022121 0.92563
10 150 6 0.045 5 4.9652 0.169 0.012464 0.40528 9383.7 0.181 0.013474 0.39997
10 150 6 0.045 6 4.9652 0.089 0.0072515 0.30436 3617.6 0.086 0.0090949 0.31191
10 150 6 0.045 7 4.9652 0.034 0.0030747 0.2326 1245.8 0.027 0.0023949 0.21821
10 150 6 0.045 8 4.9652 0.015 0.0016919 0.15359 389.5 0.008 0.00094545 0.15553
10 150 6 0.045 9 4.9652 0.005 0.0004798 0.11784 109.74 0.004 0.00038788 0.11484
10 150 6 0.045 10 4.9652 0.003 0.00029394 0.09376 28.28 0.002 0.00019798 0.071057
10 150 6 0.045 11 4.9652 0 0 0.084661 6.63 0 0 0.089754
10 150 6 0.045 12 4.9652 0 0 0.076784 1.65 0 0 0.085178
10 150 6 0.045 13 4.9652 0 0 0.074229 0.34 0 0 0.084381
10 150 6 0.045 14 4.9652 0 0 0.074099 0.14 0 0 0.084697
10 150 6 0.045 15 4.9652 0 0 0.074041 0.01 0 0 0.083599
10 150 6 0.045 17 4.9652 0 0 0.061901 0 0 0 0.063699
10 150 6 0.045 20 4.9652 0 0 0.074188 0 0 0 0.083365
10 150 6 0.045 25 4.9652 0 0 0.073924 0 0 0 0.083792
10 150 6 0.045 30 4.9652 0 0 0.073586 0 0 0 0.083376
10 150 6 0.045 35 4.9652 0 0 0.063711 0 0 0 0.064214
10 150 6 0.045 40 4.9652 0 0 0.0618 0 0 0 0.064001
10 150 6 0.045 45 4.9652 0 0 0.061509 0 0 0 0.063613
10 150 6 0.045 50 4.9652 0 0 0.073314 0 0 0 0.083197
10 150 7 0.045 1 5.3562 0.773 0.015324 2.4873 68333 0.78 0.017172 2.4549
10 150 7 0.045 2 5.3562 0.448 0.026562 1.1841 32600 0.425 0.021288 1.1847
10 150 7 0.045 3 5.3562 0.202 0.015552 0.44704 11773 0.168 0.015733 0.44909
10 150 7 0.045 4 5.3562 0.076 0.007499 0.17084 3426.3 0.066 0.005499 0.1678
10 150 7 0.045 5 5.3562 0.02 0.0018182 0.084045 838.49 0.031 0.0023626 0.080416
10 150 7 0.045 6 5.3562 0.004 0.00038788 0.057096 177.02 0.005 0.0004798 0.052481
10 150 7 0.045 7 5.3562 0.002 0.00019798 0.045926 33.88 0 0 0.042376
10 150 7 0.045 8 5.3562 0.001 0.0001 0.038903 5.67 0 0 0.03831
10 150 7 0.045 9 5.3562 0 0 0.036141 0.91 0 0 0.037439
10 150 7 0.045 10 5.3562 0 0 0.035748 0.13 0 0 0.036751
10 150 7 0.045 11 5.3562 0 0 0.035608 0 0 0 0.036679
10 150 7 0.045 12 5.3562 0 0 0.035532 0 0 0 0.036617
10 150 7 0.045 13 5.3562 0 0 0.035274 0 0 0 0.03916
10 150 7 0.045 14 5.3562 0 0 0.036929 0 0 0 0.036893
10 150 7 0.045 15 5.3562 0 0 0.034955 0 0 0 0.036274
10 150 7 0.045 17 5.3562 0 0 0.034791 0 0 0 0.036271
10 150 7 0.045 20 5.3562 0 0 0.035271 0 0 0 0.036331
10 150 7 0.045 25 5.3562 0 0 0.039244 0 0 0 0.044955
10 150 7 0.045 30 5.3562 0 0 0.035544 0 0 0 0.036575
10 150 7 0.045 35 5.3562 0 0 0.03549 0 0 0 0.036555
10 150 7 0.045 40 5.3562 0 0 0.035325 0 0 0 0.036528
10 150 7 0.045 45 5.3562 0 0 0.072895 0 0 0 0.054076
10 150 7 0.045 50 5.3562 0 0 0.038784 0 0 0 0.043623
10 150 8 0.045 1 5.56276 0.545 0.026944 1.5913 43929 0.546 0.032004 1.5634
10 150 8 0.045 2 5.5628 0.17 0.011818 0.445 11889 0.19 0.013434 0.44027
10 150 8 0.045 3 5.5628 0.031 0.0033727 0.11941 2347.6 0.045 0.0051263 0.11975
10 150 8 0.045 4 5.5628 0.007 0.00065758 0.05284 370.61 0.008 0.00094545 0.048581
10 150 8 0.045 5 5.5628 0.002 0.00019798 0.035478 49.35 0.003 0.00029394 0.032026
10 150 8 0.045 6 5.5628 0 0 0.034739 5.63 0.001 0.0001 0.02693
10 150 8 0.045 7 5.5628 0 0 0.026211 0.53 0 0 0.02552
10 150 8 0.045 8 5.5628 0 0 0.024817 0.03 0 0 0.025179
10 150 8 0.045 9 5.5628 0 0 0.024207 0 0 0 0.025124
10 150 8 0.045 10 5.5628 0 0 0.024175 0 0 0 0.025214
10 150 8 0.045 11 5.5628 0 0 0.024261 0 0 0 0.025138
10 150 8 0.045 12 5.5628 0 0 0.026669 0 0 0 0.028721
10 150 8 0.045 13 5.5628 0 0 0.024363 0 0 0 0.025277
10 150 8 0.045 14 5.5628 0 0 0.0241 0 0 0 0.02508
10 150 8 0.045 15 5.5628 0 0 0.024287 0 0 0 0.025724
10 150 8 0.045 17 5.5628 0 0 0.024127 0 0 0 0.025112
10 150 8 0.045 20 5.5628 0 0 0.024107 0 0 0 0.025399
10 150 8 0.045 25 5.5628 0 0 0.024073 0 0 0 0.025061
10 150 8 0.045 30 5.5628 0 0 0.024209 0 0 0 0.025102
10 150 8 0.045 35 5.5628 0 0 0.024331 0 0 0 0.02506
10 150 8 0.045 40 5.5628 0 0 0.02435 0 0 0 0.025568
10 150 8 0.045 45 5.5628 0 0 0.025008 0 0 0 0.025263
10 150 8 0.045 50 5.5628 0 0 0.024524 0 0 0 0.025053
10 200 3 0.045 1 4.12201 1 0 4.4352 1e+05 1 0 4.3598
10 200 3 0.045 2 4.122 1 0 4.9381 1e+05 1 0 4.3674
10 200 3 0.045 3 4.122 1 0 4.7297 1e+05 1 0 4.3662
10 200 3 0.045 4 4.122 1 0 4.5403 1e+05 1 0 4.3433
10 200 3 0.045 5 4.122 1 0 4.3915 1e+05 1 0 4.345
10 200 3 0.045 6 4.122 1 0 4.9059 1e+05 1 0 4.3543
10 200 3 0.045 7 4.122 1 0 4.4413 99999 1 0 4.3457
10 200 3 0.045 8 4.122 1 0 4.3633 99997 1 0 4.3364
10 200 3 0.045 9 4.122 1 0 4.4512 99989 1 0 4.3602
10 200 3 0.045 10 4.122 1 0 4.4668 99968 1 0 4.4416
10 200 3 0.045 11 4.122 1 0 4.3699 99922 1 0 4.3654
10 200 3 0.045 12 4.122 1 0 4.3585 99815 1 0 4.3313
10 200 3 0.045 13 4.122 0.999 0.0001 4.3638 99601 1 0 4.3253
10 200 3 0.045 14 4.122 0.997 0.00049596 4.4459 99211 0.998 0.00019798 4.305
10 200 3 0.045 15 4.122 0.996 0.0005899 4.3207 98532 0.997 0.00029394 4.5447
10 200 3 0.045 17 4.122 0.986 0.0014182 4.7318 95762 0.993 0.0008596 4.183
10 200 3 0.045 20 4.122 0.949 0.0057566 4.2612 85851 0.959 0.0038576 3.8298
10 200 3 0.045 25 4.122 0.736 0.022327 3.1758 52481 0.756 0.016024 2.643
10 200 3 0.045 30 4.122 0.393 0.021062 1.4796 18901 0.41 0.025354 1.4383
10 200 3 0.045 35 4.122 0.119 0.0078172 1.3946 3801.6 0.13 0.011616 0.8542
10 200 3 0.045 40 4.122 0.025 0.002096 0.94944 437.39 0.022 0.0019354 1.0244
10 200 3 0.045 45 4.122 0.001 0.0001 0.60306 30.32 0 0 0.61229
10 200 3 0.045 50 4.122 0 0 0.59721 1.37 0 0 0.60953
10 200 4 0.045 1 5.0299 1 0 4.1127 99999 1 0 4.0379
10 200 4 0.045 2 5.0299 1 0 4.0611 99991 1 0 4.0402
10 200 4 0.045 3 5.0299 1 0 4.0359 99948 1 0 4.0254
10 200 4 0.045 4 5.0299 1 0 4.0271 99777 1 0 4.014
10 200 4 0.045 5 5.0299 1 0 4.0014 99286 0.999 0.0001 3.981
10 200 4 0.045 6 5.0299 0.993 0.00065758 3.9463 98139 0.995 0.0004798 3.9353
10 200 4 0.045 7 5.0299 0.987 0.0011424 3.866 95885 0.99 0.00090909 3.8455
10 200 4 0.045 8 5.0299 0.971 0.0024838 3.7303 92055 0.971 0.0024838 3.7162
10 200 4 0.045 9 5.0299 0.943 0.0065162 3.535 86307 0.939 0.0068475 3.5146
10 200 4 0.045 10 5.0299 0.909 0.0089081 3.2422 78579 0.899 0.011817 3.2283
10 200 4 0.045 11 5.0299 0.851 0.013433 2.9023 69177 0.833 0.017385 2.8855
10 200 4 0.045 12 5.0299 0.786 0.016772 2.5343 58674 0.759 0.021029 2.5125
10 200 4 0.045 13 5.0299 0.705 0.01947 2.1447 47851 0.679 0.024504 2.1253
10 200 4 0.045 14 5.0299 0.608 0.024784 1.7764 37479 0.589 0.029272 1.7592
10 200 4 0.045 15 5.0299 0.51 0.021313 1.4447 28172 0.49 0.031414 1.4196
10 200 4 0.045 17 5.0299 0.312 0.01743 0.94449 14113 0.309 0.023858 0.91845
10 200 4 0.045 20 5.0299 0.121 0.010969 0.56387 3740.3 0.11 0.011212 0.54562
10 200 4 0.045 25 5.0299 0.013 0.0011424 0.3679 202.61 0.006 0.0005697 0.35811
10 200 4 0.045 30 5.0299 0.001 0.0001 0.33445 5.45 0 0 0.33325
10 200 4 0.045 35 5.0299 0 0 0.32586 0.14 0 0 0.33462
10 200 4 0.045 40 5.0299 0 0 0.32692 0 0 0 0.33272
10 200 4 0.045 45 5.0299 0 0 0.3272 0 0 0 0.34017
10 200 4 0.045 50 5.0299 0 0 0.32797 0 0 0 0.33232
10 200 5 0.045 1 5.47333 1 0 3.8383 99747 0.999 0.0001 3.7542
10 200 5 0.045 2 5.4733 0.996 0.00038788 3.8646 98296 0.998 0.00019798 3.6919
10 200 5 0.045 3 5.4733 0.982 0.0016929 3.7526 94084 0.981 0.0017566 3.5304
10 200 5 0.045 4 5.4733 0.947 0.0039303 3.2248 85824 0.942 0.0056929 3.2259
10 200 5 0.045 5 5.4733 0.87 0.010202 2.8842 73485 0.869 0.012262 2.7889
10 200 5 0.045 6 5.4733 0.777 0.014314 2.378 58516 0.769 0.018322 2.2603
10 200 5 0.045 7 5.4733 0.635 0.019672 2.0149 43211 0.645 0.025732 1.8153
10 200 5 0.045 8 5.4733 0.499 0.021716 1.2414 29575 0.498 0.024642 1.2351
10 200 5 0.045 9 5.4733 0.377 0.020981 0.94913 18810 0.347 0.024132 0.85534
10 200 5 0.045 10 5.4733 0.259 0.018403 0.61234 11148 0.242 0.018622 0.59638
10 200 5 0.045 11 5.4733 0.168 0.010885 0.44612 6189.7 0.143 0.012173 0.42983
10 200 5 0.045 12 5.4733 0.103 0.0079707 0.34087 3226.9 0.071 0.0067263 0.33002
10 200 5 0.045 13 5.4733 0.058 0.0056929 0.46992 1591 0.037 0.0033646 0.51005
10 200 5 0.045 14 5.4733 0.034 0.0038828 0.39871 738.61 0.022 0.0019354 0.41916
10 200 5 0.045 15 5.4733 0.022 0.0023394 0.3343 328.18 0.013 0.0013444 0.34862
10 200 5 0.045 17 5.4733 0.003 0.00029394 0.18031 55.63 0.003 0.00029394 0.17377
10 200 5 0.045 20 5.4733 0 0 0.23636 3.21 0 0 0.25487
10 200 5 0.045 25 5.4733 0 0 0.16755 0.02 0 0 0.16547
10 200 5 0.045 30 5.4733 0 0 0.16517 0 0 0 0.16318
10 200 5 0.045 35 5.4733 0 0 0.22696 0 0 0 0.24986
10 200 5 0.045 40 5.4733 0 0 0.16479 0 0 0 0.16524
10 200 5 0.045 45 5.4733 0 0 0.16564 0 0 0 0.16511
10 200 5 0.045 50 5.4733 0 0 0.16489 0 0 0 0.16505
10 200 6 0.045 1 6.32956 0.98 0.0018182 3.5214 95108 0.978 0.0023394 3.5
10 200 6 0.045 2 6.3296 0.911 0.0076556 2.9935 80834 0.896 0.0088727 3.0017
10 200 6 0.045 3 6.3296 0.753 0.018274 2.3811 59546 0.764 0.023539 2.2772
10 200 6 0.045 4 6.3296 0.557 0.025102 1.5981 37963 0.575 0.031389 1.5307
10 200 6 0.045 5 6.3296 0.367 0.027284 0.99501 21133 0.388 0.027733 1.0086
10 200 6 0.045 6 6.3296 0.214 0.022024 0.6179 10419 0.233 0.018597 0.62888
10 200 6 0.045 7 6.3296 0.114 0.011317 0.30289 4613.6 0.121 0.011171 0.27961
10 200 6 0.045 8 6.3296 0.054 0.0071556 0.31095 1855.5 0.071 0.0063222 0.32049
10 200 6 0.045 9 6.3296 0.019 0.0019586 0.24219 684.74 0.029 0.0022818 0.25119
10 200 6 0.045 10 6.3296 0.007 0.0008596 0.19619 235.69 0.012 0.0010667 0.19607
10 200 6 0.045 11 6.3296 0.003 0.00029394 0.16066 75.86 0.004 0.00038788 0.16073
10 200 6 0.045 12 6.3296 0 0 0.096268 22.6 0.002 0.00019798 0.093685
10 200 6 0.045 13 6.3296 0 0 0.12934 6.25 0.002 0.00019798 0.13673
10 200 6 0.045 14 6.3296 0 0 0.12099 1.79 0 0 0.13288
10 200 6 0.045 15 6.3296 0 0 0.11995 0.45 0 0 0.13274
10 200 6 0.045 17 6.3296 0 0 0.11942 0.02 0 0 0.13009
10 200 6 0.045 20 6.3296 0 0 0.11869 0 0 0 0.12982
10 200 6 0.045 25 6.3296 0 0 0.11958 0 0 0 0.0938
10 200 6 0.045 30 6.3296 0 0 0.089088 0 0 0 0.089625
10 200 6 0.045 35 6.3296 0 0 0.088671 0 0 0 0.090592
10 200 6 0.045 40 6.3296 0 0 0.088792 0 0 0 0.090207
10 200 6 0.045 45 6.3296 0 0 0.088548 0 0 0 0.090033
10 200 6 0.045 50 6.3296 0 0 0.088397 0 0 0 0.089767
10 200 7 0.045 1 6.99882 0.857 0.011971 3.0012 78203 0.876 0.0095192 2.9145
10 200 7 0.045 2 6.9988 0.575 0.022702 1.7142 45806 0.597 0.022718 1.7007
10 200 7 0.045 3 6.9988 0.322 0.022743 0.79677 20966 0.328 0.023046 0.79594
10 200 7 0.045 4 6.9988 0.148 0.013026 0.3433 7855.4 0.17 0.015051 0.3403
10 200 7 0.045 5 6.9988 0.045 0.0047222 0.16343 2503.5 0.071 0.0075343 0.1589
10 200 7 0.045 6 6.9988 0.014 0.0012162 0.098673 696.15 0.024 0.0026505 0.094002
10 200 7 0.045 7 6.9988 0.003 0.00029394 0.074307 172.11 0.005 0.0004798 0.071784
10 200 7 0.045 8 6.9988 0.001 0.0001 0.062628 38.41 0.003 0.00029394 0.059059
10 200 7 0.045 9 6.9988 0.001 0.0001 0.055524 8.24 0 0 0.054834
10 200 7 0.045 10 6.9988 0 0 0.052443 1.55 0 0 0.053005
10 200 7 0.045 11 6.9988 0 0 0.052982 0.28 0 0 0.057374
10 200 7 0.045 12 6.9988 0 0 0.05217 0.02 0 0 0.052341
10 200 7 0.045 13 6.9988 0 0 0.050927 0.01 0 0 0.05211
10 200 7 0.045 14 6.9988 0 0 0.051347 0 0 0 0.052473
10 200 7 0.045 15 6.9988 0 0 0.051706 0 0 0 0.05304
10 200 7 0.045 17 6.9988 0 0 0.052173 0 0 0 0.052758
10 200 7 0.045 20 6.9988 0 0 0.053643 0 0 0 0.054413
10 200 7 0.045 25 6.9988 0 0 0.050761 0 0 0 0.051962
10 200 7 0.045 30 6.9988 0 0 0.050538 0 0 0 0.051948
10 200 7 0.045 35 6.9988 0 0 0.050679 0 0 0 0.051881
10 200 7 0.045 40 6.9988 0 0 0.050525 0 0 0 0.052261
10 200 7 0.045 45 6.9988 0 0 0.050466 0 0 0 0.051828
10 200 7 0.045 50 6.9988 0 0 0.050469 0 0 0 0.051795
10 200 8 0.045 1 7.30531 0.65 0.024949 2.0019 53608 0.656 0.020469 1.9414
10 200 8 0.045 2 7.3053 0.303 0.023526 0.68899 18579 0.296 0.021398 0.68777
10 200 8 0.045 3 7.3053 0.1 0.009899 0.21952 4760.2 0.105 0.0091667 0.21401
10 200 8 0.045 4 7.3053 0.032 0.0040162 0.086794 979.06 0.029 0.0026859 0.083987
10 200 8 0.045 5 7.3053 0.005 0.0004798 0.055504 168.3 0.011 0.0011909 0.051122
10 200 8 0.045 6 7.3053 0 0 0.062912 25.6 0.003 0.00049596 0.058556
10 200 8 0.045 7 7.3053 0 0 0.037944 3.43 0 0 0.036576
10 200 8 0.045 8 7.3053 0 0 0.041924 0.54 0 0 0.043849
10 200 8 0.045 9 7.3053 0 0 0.034438 0.14 0 0 0.035351
10 200 8 0.045 10 7.3053 0 0 0.035688 0 0 0 0.035395
10 200 8 0.045 11 7.3053 0 0 0.034635 0 0 0 0.035326
10 200 8 0.045 12 7.3053 0 0 0.0345 0 0 0 0.035427
10 200 8 0.045 13 7.3053 0 0 0.034475 0 0 0 0.035322
10 200 8 0.045 14 7.3053 0 0 0.034748 0 0 0 0.035286
10 200 8 0.045 15 7.3053 0 0 0.034444 0 0 0 0.035676
10 200 8 0.045 17 7.3053 0 0 0.034514 0 0 0 0.035384
10 200 8 0.045 20 7.3053 0 0 0.034135 0 0 0 0.035001
10 200 8 0.045 25 7.3053 0 0 0.036672 0 0 0 0.036671
10 200 8 0.045 30 7.3053 0 0 0.034995 0 0 0 0.035181
10 200 8 0.045 35 7.3053 0 0 0.034053 0 0 0 0.034448
10 200 8 0.045 40 7.3053 0 0 0.034049 0 0 0 0.034363
10 200 8 0.045 45 7.3053 0 0 0.033948 0 0 0 0.034594
10 200 8 0.045 50 7.3053 0 0 0.03386 0 0 0 0.03458
10 250 3 0.045 1 4.97385 1 0 4.7281 1e+05 1 0 4.6177
10 250 3 0.045 2 4.9739 1 0 4.6605 1e+05 1 0 4.6248
10 250 3 0.045 3 4.9739 1 0 4.962 1e+05 1 0 4.7797
10 250 3 0.045 4 4.9739 1 0 4.8537 1e+05 1 0 4.6132
10 250 3 0.045 5 4.9739 1 0 4.6268 1e+05 1 0 4.5986
10 250 3 0.045 6 4.9739 1 0 4.7118 1e+05 1 0 4.5818
10 250 3 0.045 7 4.9739 1 0 4.6736 1e+05 1 0 4.6042
10 250 3 0.045 8 4.9739 1 0 4.6239 1e+05 1 0 4.591
10 250 3 0.045 9 4.9739 1 0 4.6178 1e+05 1 0 4.5875
10 250 3 0.045 10 4.9739 1 0 4.8867 99999 1 0 4.5882
10 250 3 0.045 11 4.9739 1 0 4.9481 99998 1 0 4.5954
10 250 3 0.045 12 4.9739 1 0 4.8606 99994 1 0 4.5872
10 250 3 0.045 13 4.9739 1 0 4.6086 99985 1 0 4.5833
10 250 3 0.045 14 4.9739 1 0 4.6092 99965 1 0 4.5756
10 250 3 0.045 15 4.9739 1 0 4.6116 99923 1 0 4.5708
10 250 3 0.045 17 4.9739 1 0 4.8341 99690 1 0 4.575
10 250 3 0.045 20 4.9739 0.995 0.0004798 4.5421 98298 0.993 0.0008596 4.5248
10 250 3 0.045 25 4.9739 0.956 0.0041051 4.1664 87701 0.962 0.004198 4.1207
10 250 3 0.045 30 4.9739 0.798 0.014945 3.8465 60511 0.835 0.013409 3.1603
10 250 3 0.045 35 4.9739 0.516 0.023984 2.228 28269 0.552 0.023935 2.0097
10 250 3 0.045 40 4.9739 0.223 0.018557 2.1831 8464.1 0.258 0.020036 1.5962
10 250 3 0.045 45 4.9739 0.057 0.004698 0.97986 1617.8 0.053 0.0051424 0.97007
10 250 3 0.045 50 4.9739 0.014 0.0012162 0.8498 200.51 0.009 0.0010293 0.85614
10 250 4 0.045 1 5.94691 1 0 4.2252 1e+05 1 0 4.1075
10 250 4 0.045 2 5.9469 1 0 4.2907 99999 1 0 4.1081
10 250 4 0.045 3 5.9469 1 0 4.1288 99995 1 0 4.1074
10 250 4 0.045 4 5.9469 1 0 4.1647 99975 1 0 4.0853
10 250 4 0.045 5 5.9469 1 0 4.1385 99905 1 0 4.0832
10 250 4 0.045 6 5.9469 1 0 4.1223 99707 1 0 4.0715
10 250 4 0.045 7 5.9469 0.999 0.0001 4.071 99236 0.999 0.0001 4.0488
10 250 4 0.045 8 5.9469 0.996 0.00038788 4.1212 98264 0.998 0.00019798 4.0084
10 250 4 0.045 9 5.9469 0.994 0.0005697 3.959 96504 0.989 0.0011909 3.9866
10 250 4 0.045 10 5.9469 0.987 0.0013444 4.1184 93638 0.978 0.0021374 3.9253
10 250 4 0.045 11 5.9469 0.974 0.0023475 3.728 89385 0.961 0.0038172 3.6843
10 250 4 0.045 12 5.9469 0.954 0.0033172 3.5671 83604 0.929 0.0069283 3.4743
10 250 4 0.045 13 5.9469 0.915 0.0061364 3.2435 76371 0.887 0.0096273 3.2228
10 250 4 0.045 14 5.9469 0.869 0.010847 2.9396 67899 0.832 0.014117 2.919
10 250 4 0.045 15 5.9469 0.811 0.01412 2.8396 58681 0.784 0.018731 2.5898
10 250 4 0.045 17 5.9469 0.653 0.023526 2.6145 39933 0.633 0.024052 1.9278
10 250 4 0.045 20 5.9469 0.392 0.024784 1.1915 17666 0.385 0.020884 1.1555
10 250 4 0.045 25 5.9469 0.076 0.007701 0.63056 2445.8 0.085 0.0079545 0.59619
10 250 4 0.045 30 5.9469 0.011 0.00098889 0.4673 169.1 0.007 0.00065758 0.44814
10 250 4 0.045 35 5.9469 0.001 0.0001 0.44488 6.41 0 0 0.43593
10 250 4 0.045 40 5.9469 0 0 0.44428 0.18 0 0 0.42985
10 250 4 0.045 45 5.9469 0 0 0.43542 0 0 0 0.42775
10 250 4 0.045 50 5.9469 0 0 0.43704 0 0 0 0.42809
10 250 5 0.045 1 7.02242 1 0 3.9256 99936 1 0 3.8724
10 250 5 0.045 2 7.0224 1 0 3.8601 99498 0.998 0.00019798 3.8609
10 250 5 0.045 3 7.0224 0.996 0.0005899 3.7827 97927 0.991 0.00082727 3.7878
10 250 5 0.045 4 7.0224 0.987 0.0015465 3.7095 94197 0.979 0.0016758 3.6548
10 250 5 0.045 5 7.0224 0.96 0.0042424 3.425 87446 0.953 0.0041323 3.3975
10 250 5 0.045 6 7.0224 0.897 0.0081727 3.1637 77451 0.882 0.011794 3.0326
10 250 5 0.045 7 7.0224 0.817 0.014153 2.6874 64965 0.813 0.016698 2.5885
10 250 5 0.045 8 7.0224 0.713 0.021546 2.1106 51378 0.7 0.021616 2.0918
10 250 5 0.045 9 7.0224 0.59 0.025354 1.6379 38267 0.583 0.023445 1.6196
10 250 5 0.045 10 7.0224 0.458 0.027309 1.363 26854 0.466 0.028125 1.2134
10 250 5 0.045 11 7.0224 0.331 0.022565 0.909 17783 0.348 0.023935 0.89902
10 250 5 0.045 12 7.0224 0.242 0.018016 0.75187 11149 0.248 0.020501 0.66334
10 250 5 0.045 13 7.0224 0.173 0.014112 0.5329 6625.5 0.179 0.016221 0.51093
10 250 5 0.045 14 7.0224 0.119 0.0096354 0.42454 3744.1 0.129 0.010363 0.40879
10 250 5 0.045 15 7.0224 0.063 0.0057889 0.37099 2022.9 0.075 0.0081566 0.34273
10 250 5 0.045 17 7.0224 0.02 0.0022222 0.27946 516.9 0.035 0.0035101 0.26692
10 250 5 0.045 20 7.0224 0.001 0.0001 0.23934 50.33 0.006 0.0005697 0.23034
10 250 5 0.045 25 7.0224 0 0 0.2296 0.51 0 0 0.22468
10 250 5 0.045 30 7.0224 0 0 0.22778 0 0 0 0.23146
10 250 5 0.045 35 7.0224 0 0 0.23042 0 0 0 0.2247
10 250 5 0.045 40 7.0224 0 0 0.22847 0 0 0 0.22462
10 250 5 0.045 45 7.0224 0 0 0.22849 0 0 0 0.22536
10 250 5 0.045 50 7.0224 0 0 0.23167 0 0 0 0.22806
10 250 6 0.045 1 7.79031 0.992 0.00074343 3.6194 97600 0.994 0.0005697 3.5869
10 250 6 0.045 2 7.7903 0.943 0.0065162 3.3037 89061 0.952 0.0059556 3.2956
10 250 6 0.045 3 7.7903 0.844 0.012388 2.7781 73436 0.862 0.016319 2.7372
10 250 6 0.045 4 7.7903 0.686 0.019196 2.0475 53961 0.713 0.025991 2.0358
10 250 6 0.045 5 7.7903 0.533 0.020819 1.3882 35329 0.56 0.030505 1.3791
10 250 6 0.045 6 7.7903 0.378 0.020117 1.0061 20772 0.367 0.029506 0.85837
10 250 6 0.045 7 7.7903 0.225 0.016843 0.58127 11058 0.241 0.018605 0.52384
10 250 6 0.045 8 7.7903 0.127 0.0094657 0.50239 5380.2 0.155 0.013207 0.33976
10 250 6 0.045 9 7.7903 0.064 0.0043475 0.39464 2412.3 0.092 0.010238 0.4046
10 250 6 0.045 10 7.7903 0.032 0.002804 0.31952 1004.7 0.042 0.0046828 0.32983
10 250 6 0.045 11 7.7903 0.02 0.0020202 0.16358 392.05 0.017 0.0020313 0.15115
10 250 6 0.045 12 7.7903 0.013 0.0013444 0.14182 144.74 0.008 0.00074343 0.13282
10 250 6 0.045 13 7.7903 0.005 0.0004798 0.20169 50.77 0.005 0.0004798 0.20813
10 250 6 0.045 14 7.7903 0.004 0.00038788 0.1866 16.01 0.002 0.00019798 0.19491
10 250 6 0.045 15 7.7903 0.001 0.0001 0.1801 5.14 0.001 0.0001 0.19149
10 250 6 0.045 17 7.7903 0 0 0.17583 0.43 0 0 0.18752
10 250 6 0.045 20 7.7903 0 0 0.17408 0.01 0 0 0.18667
10 250 6 0.045 25 7.7903 0 0 0.12004 0 0 0 0.1242
10 250 6 0.045 30 7.7903 0 0 0.12125 0 0 0 0.1172
10 250 6 0.045 35 7.7903 0 0 0.12115 0 0 0 0.11732
10 250 6 0.045 40 7.7903 0 0 0.11984 0 0 0 0.11706
10 250 6 0.045 45 7.7903 0 0 0.12056 0 0 0 0.11753
10 250 6 0.045 50 7.7903 0 0 0.12009 0 0 0 0.11707
10 250 7 0.045 1 8.43684 0.908 0.011248 3.1308 84928 0.924 0.0064889 3.0946
10 250 7 0.045 2 8.4368 0.709 0.021635 2.1125 57256 0.739 0.022201 2.1137
10 250 7 0.045 3 8.4368 0.449 0.017676 1.1763 31092 0.499 0.030605 1.1715
10 250 7 0.045 4 8.4368 0.256 0.01663 0.57115 14028 0.277 0.020981 0.56852
10 250 7 0.045 5 8.4368 0.125 0.0085606 0.28001 5411.3 0.149 0.012827 0.27639
10 250 7 0.045 6 8.4368 0.052 0.0043394 0.2345 1833.8 0.072 0.0052687 0.24067
10 250 7 0.045 7 8.4368 0.025 0.002096 0.17939 558.6 0.029 0.0022818 0.18124
10 250 7 0.045 8 8.4368 0.006 0.0005697 0.14693 154.05 0.011 0.00098889 0.090463
10 250 7 0.045 9 8.4368 0.002 0.00019798 0.078455 39.12 0.003 0.00029394 0.073793
10 250 7 0.045 10 8.4368 0.001 0.0001 0.10447 9.08 0 0 0.10742
10 250 7 0.045 11 8.4368 0.001 0.0001 0.070053 1.92 0 0 0.068698
10 250 7 0.045 12 8.4368 0.001 0.0001 0.069285 0.4 0 0 0.067253
10 250 7 0.045 13 8.4368 0.001 0.0001 0.093524 0.12 0 0 0.10004
10 250 7 0.045 14 8.4368 0 0 0.092071 0.02 0 0 0.098798
10 250 7 0.045 15 8.4368 0 0 0.067895 0.01 0 0 0.067093
10 250 7 0.045 17 8.4368 0 0 0.091939 0 0 0 0.098456
10 250 7 0.045 20 8.4368 0 0 0.091185 0 0 0 0.098629
10 250 7 0.045 25 8.4368 0 0 0.068183 0 0 0 0.067124
10 250 7 0.045 30 8.4368 0 0 0.067975 0 0 0 0.067718
10 250 7 0.045 35 8.4368 0 0 0.06846 0 0 0 0.067264
10 250 7 0.045 40 8.4368 0 0 0.068156 0 0 0 0.071832
10 250 7 0.045 45 8.4368 0 0 0.069877 0 0 0 0.067823
10 250 7 0.045 50 8.4368 0 0 0.067923 0 0 0 0.067141
10 250 8 0.045 1 9.05146 0.735 0.018864 2.3095 61517 0.74 0.016768 2.2554
10 250 8 0.045 2 9.0515 0.378 0.029612 0.95579 25561 0.403 0.01989 0.96074
10 250 8 0.045 3 9.0515 0.149 0.014847 0.3809 8010.1 0.182 0.016844 0.38373
10 250 8 0.045 4 9.0515 0.046 0.0035192 0.17934 2028.9 0.058 0.0056929 0.17926
10 250 8 0.045 5 9.0515 0.018 0.0016929 0.11159 438.38 0.017 0.0016273 0.11183
10 250 8 0.045 6 9.0515 0.004 0.00038788 0.075991 82.37 0.004 0.00038788 0.05501
10 250 8 0.045 7 9.0515 0 0 0.074568 14.51 0.001 0.0001 0.073628
10 250 8 0.045 8 9.0515 0 0 0.064541 2.21 0 0 0.06608
10 250 8 0.045 9 9.0515 0 0 0.060709 0.38 0 0 0.065225
10 250 8 0.045 10 9.0515 0 0 0.06115 0.02 0 0 0.064172
10 250 8 0.045 11 9.0515 0 0 0.060356 0 0 0 0.056237
10 250 8 0.045 12 9.0515 0 0 0.059957 0 0 0 0.063209
10 250 8 0.045 13 9.0515 0 0 0.058824 0 0 0 0.067815
10 250 8 0.045 14 9.0515 0 0 0.061802 0 0 0 0.060416
10 250 8 0.045 15 9.0515 0 0 0.057021 0 0 0 0.05865
10 250 8 0.045 17 9.0515 0 0 0.05572 0 0 0 0.058163
10 250 8 0.045 20 9.0515 0 0 0.055198 0 0 0 0.057864
10 250 8 0.045 25 9.0515 0 0 0.044939 0 0 0 0.04442
10 250 8 0.045 30 9.0515 0 0 0.055142 0 0 0 0.057954
10 250 8 0.045 35 9.0515 0 0 0.054523 0 0 0 0.057579
10 250 8 0.045 40 9.0515 0 0 0.044406 0 0 0 0.044233
10 250 8 0.045 45 9.0515 0 0 0.04525 0 0 0 0.044648
10 250 8 0.045 50 9.0515 0 0 0.044656 0 0 0 0.044516
10 300 3 0.045 1 5.88735 1 0 4.8946 1e+05 1 0 4.7657
10 300 3 0.045 2 5.8874 1 0 5.4134 1e+05 1 0 4.7846
10 300 3 0.045 3 5.8874 1 0 4.831 1e+05 1 0 4.7753
10 300 3 0.045 4 5.8874 1 0 5.4432 1e+05 1 0 4.7638
10 300 3 0.045 5 5.8874 1 0 4.9787 1e+05 1 0 4.7459
10 300 3 0.045 6 5.8874 1 0 5.4486 1e+05 1 0 4.7682
10 300 3 0.045 7 5.8874 1 0 5.0035 1e+05 1 0 5.0534
10 300 3 0.045 8 5.8874 1 0 5.3896 1e+05 1 0 4.8071
10 300 3 0.045 9 5.8874 1 0 4.865 1e+05 1 0 4.7402
10 300 3 0.045 10 5.8874 1 0 4.7927 1e+05 1 0 4.7457
10 300 3 0.045 11 5.8874 1 0 5.1101 1e+05 1 0 4.748
10 300 3 0.045 12 5.8874 1 0 4.7985 1e+05 1 0 4.7545
10 300 3 0.045 13 5.8874 1 0 4.7813 1e+05 1 0 4.7383
10 300 3 0.045 14 5.8874 1 0 4.7859 99999 1 0 4.7376
10 300 3 0.045 15 5.8874 1 0 4.8084 99997 1 0 4.7395
10 300 3 0.045 17 5.8874 1 0 4.7899 99984 1 0 4.7411
10 300 3 0.045 20 5.8874 1 0 4.7662 99868 1 0 4.7451
10 300 3 0.045 25 5.8874 0.998 0.00019798 5.2239 98171 0.998 0.00019798 4.6765
10 300 3 0.045 30 5.8874 0.967 0.0026374 4.4092 89149 0.966 0.0034788 4.3857
10 300 3 0.045 35 5.8874 0.867 0.009102 3.5935 66677 0.864 0.010812 3.5441
10 300 3 0.045 40 5.8874 0.641 0.022645 2.5542 36964 0.647 0.024738 2.4927
10 300 3 0.045 45 5.8874 0.364 0.026368 2.8603 14411 0.362 0.025208 2.0216
10 300 3 0.045 50 5.8874 0.136 0.012024 1.3281 3907.6 0.139 0.011898 1.284
10 300 4 0.045 1 7.09239 1 0 4.3464 1e+05 1 0 4.2093
10 300 4 0.045 2 7.0924 1 0 4.8545 1e+05 1 0 4.2106
10 300 4 0.045 3 7.0924 1 0 4.6699 1e+05 1 0 4.2071
10 300 4 0.045 4 7.0924 1 0 4.5267 99997 1 0 4.1894
10 300 4 0.045 5 7.0924 1 0 4.3395 99988 1 0 4.1846
10 300 4 0.045 6 7.0924 1 0 4.3166 99956 1 0 4.187
10 300 4 0.045 7 7.0924 1 0 4.2124 99871 1 0 4.1738
10 300 4 0.045 8 7.0924 1 0 4.201 99665 1 0 4.1634
10 300 4 0.045 9 7.0924 0.998 0.00019798 4.7236 99232 0.999 0.0001 4.1426
10 300 4 0.045 10 7.0924 0.992 0.00074343 4.556 98411 0.997 0.00029394 4.1167
10 300 4 0.045 11 7.0924 0.987 0.0011424 4.0903 97006 0.996 0.00038788 4.0627
10 300 4 0.045 12 7.0924 0.984 0.0013576 4.3078 94778 0.99 0.00090909 3.9771
10 300 4 0.045 13 7.0924 0.977 0.002799 4.131 91522 0.978 0.0017333 3.8709
10 300 4 0.045 14 7.0924 0.967 0.0034455 3.983 87084 0.967 0.0028394 3.7061
10 300 4 0.045 15 7.0924 0.949 0.0047465 3.5312 81448 0.948 0.0045414 3.5138
10 300 4 0.045 17 7.0924 0.876 0.012145 3.4883 66992 0.876 0.010731 2.9941
10 300 4 0.045 20 7.0924 0.685 0.020076 2.1614 41865 0.694 0.023196 2.3832
10 300 4 0.045 25 7.0924 0.305 0.0225 1.8102 11449 0.307 0.022274 1.2247
10 300 4 0.045 30 7.0924 0.073 0.0068394 0.71082 1690.7 0.075 0.0065404 0.66214
10 300 4 0.045 35 7.0924 0.011 0.00098889 0.97783 143.1 0.018 0.0014909 1.0337
10 300 4 0.045 40 7.0924 0 0 0.56695 7.55 0.002 0.00019798 0.55058
10 300 4 0.045 45 7.0924 0 0 0.56806 0.26 0 0 0.54453
10 300 4 0.045 50 7.0924 0 0 0.5557 0 0 0 0.53721
10 300 5 0.045 1 8.08152 1 0 4.0562 99983 1 0 3.9263
10 300 5 0.045 2 8.0815 0.999 0.0001 4.0008 99849 1 0 4.0261
10 300 5 0.045 3 8.0815 0.999 0.0001 3.9575 99295 0.999 0.0001 3.8966
10 300 5 0.045 4 8.0815 0.995 0.0004798 3.8643 97748 0.997 0.00029394 3.8181
10 300 5 0.045 5 8.0815 0.982 0.0018949 3.7658 94473 0.985 0.0014899 3.7011
10 300 5 0.045 6 8.0815 0.958 0.0038747 3.505 88806 0.957 0.0040919 3.5042
10 300 5 0.045 7 8.0815 0.931 0.0074131 3.2039 80506 0.914 0.009701 3.2056
10 300 5 0.045 8 8.0815 0.875 0.012197 2.8239 69958 0.864 0.013236 2.8109
10 300 5 0.045 9 8.0815 0.805 0.019672 2.4019 58027 0.774 0.019317 2.3808
10 300 5 0.045 10 8.0815 0.691 0.028706 1.9706 45816 0.685 0.023106 1.9783
10 300 5 0.045 11 8.0815 0.572 0.028299 1.5802 34432 0.584 0.022772 1.5509
10 300 5 0.045 12 8.0815 0.468 0.027855 1.2929 24662 0.475 0.030985 1.2063
10 300 5 0.045 13 8.0815 0.345 0.029571 0.96343 16839 0.366 0.030347 0.92934
10 300 5 0.045 14 8.0815 0.264 0.023741 1.0728 10997 0.285 0.02452 0.7328
10 300 5 0.045 15 8.0815 0.185 0.015227 0.6456 6872.9 0.213 0.017506 0.57958
10 300 5 0.045 17 8.0815 0.086 0.0086909 0.43847 2373.3 0.09 0.0085859 0.41571
10 300 5 0.045 20 8.0815 0.021 0.0020798 0.34461 366.89 0.021 0.0018778 0.3165
10 300 5 0.045 25 8.0815 0.001 0.0001 0.30143 8.88 0.001 0.0001 0.28679
10 300 5 0.045 30 8.0815 0 0 0.48638 0.13 0 0 0.41374
10 300 5 0.045 35 8.0815 0 0 0.49238 0 0 0 0.46398
10 300 5 0.045 40 8.0815 0 0 0.29411 0 0 0 0.28836
10 300 5 0.045 45 8.0815 0 0 0.29527 0 0 0 0.28333
10 300 5 0.045 50 8.0815 0 0 0.29706 0 0 0 0.28687
10 300 6 0.045 1 9.2227 0.999 0.0001 3.8348 98811 0.995 0.0004798 3.7392
10 300 6 0.045 2 9.2227 0.983 0.0016273 3.6902 93820 0.974 0.0031556 3.5606
10 300 6 0.045 3 9.2227 0.928 0.0072889 3.1751 83079 0.927 0.0066374 3.1675
10 300 6 0.045 4 9.2227 0.84 0.014343 2.6011 67331 0.832 0.013915 2.5961
10 300 6 0.045 5 9.2227 0.692 0.024986 2.1796 49572 0.693 0.020254 2.0522
10 300 6 0.045 6 9.2227 0.526 0.029822 1.3984 33200 0.539 0.024221 1.3568
10 300 6 0.045 7 9.2227 0.371 0.028342 0.91671 20320 0.387 0.01892 0.89856
10 300 6 0.045 8 9.2227 0.229 0.020666 0.59396 11448 0.26 0.015354 0.58429
10 300 6 0.045 9 9.2227 0.138 0.013289 0.40574 5971.8 0.148 0.012016 0.3951
10 300 6 0.045 10 9.2227 0.079 0.0073323 0.29987 2911.6 0.086 0.0084889 0.2854
10 300 6 0.045 11 9.2227 0.041 0.0032515 0.39931 1332.3 0.04 0.0032323 0.39818
10 300 6 0.045 12 9.2227 0.024 0.0020444 0.34924 575.66 0.017 0.0018293 0.36876
10 300 6 0.045 13 9.2227 0.014 0.0012162 0.30576 233.81 0.009 0.0010293 0.32657
10 300 6 0.045 14 9.2227 0.007 0.00065758 0.27987 91.79 0.003 0.00029394 0.29714
10 300 6 0.045 15 9.2227 0.004 0.00038788 0.1658 33.97 0 0 0.15952
10 300 6 0.045 17 9.2227 0.002 0.00019798 0.16105 4.03 0 0 0.15669
10 300 6 0.045 20 9.2227 0 0 0.15994 0.14 0 0 0.15661
10 300 6 0.045 25 9.2227 0 0 0.15717 0 0 0 0.15371
10 300 6 0.045 30 9.2227 0 0 0.15978 0 0 0 0.15532
10 300 6 0.045 35 9.2227 0 0 0.18955 0 0 0 0.15324
10 300 6 0.045 40 9.2227 0 0 0.25878 0 0 0 0.21842
10 300 6 0.045 45 9.2227 0 0 0.16138 0 0 0 0.15973
10 300 6 0.045 50 9.2227 0 0 0.16251 0 0 0 0.15425
10 300 7 0.045 1 10.1921 0.961 0.0040192 3.4697 89478 0.948 0.0039354 3.3238
10 300 7 0.045 2 10.192 0.799 0.018888 2.5032 66721 0.815 0.016843 2.5044
10 300 7 0.045 3 10.192 0.566 0.026711 1.5829 41181 0.592 0.021552 1.5815
10 300 7 0.045 4 10.192 0.38 0.026667 0.86781 21464 0.38 0.018788 0.86401
10 300 7 0.045 5 10.192 0.216 0.017923 0.45632 9672.2 0.219 0.013474 0.44912
10 300 7 0.045 6 10.192 0.103 0.0099909 0.25362 3849.9 0.119 0.0098374 0.24688
10 300 7 0.045 7 10.192 0.05 0.0049495 0.16669 1377.2 0.056 0.0053172 0.15888
10 300 7 0.045 8 10.192 0.023 0.0023949 0.12796 448.27 0.019 0.0015545 0.11983
10 300 7 0.045 9 10.192 0.005 0.0004798 0.10791 132.84 0.008 0.00074343 0.10193
10 300 7 0.045 10 10.192 0.003 0.00029394 0.09927 38.5 0.002 0.00019798 0.094585
10 300 7 0.045 11 10.192 0.001 0.0001 0.095614 9.74 0.001 0.0001 0.091301
10 300 7 0.045 12 10.192 0.001 0.0001 0.093031 2.18 0.001 0.0001 0.095393
10 300 7 0.045 13 10.192 0 0 0.095064 0.46 0 0 0.091294
10 300 7 0.045 14 10.192 0 0 0.091763 0.12 0 0 0.090192
10 300 7 0.045 15 10.192 0 0 0.092872 0.03 0 0 0.09078
10 300 7 0.045 17 10.192 0 0 0.092738 0 0 0 0.090889
10 300 7 0.045 20 10.192 0 0 0.092606 0 0 0 0.091035
10 300 7 0.045 25 10.192 0 0 0.092911 0 0 0 0.090898
10 300 7 0.045 30 10.192 0 0 0.093196 0 0 0 0.090865
10 300 7 0.045 35 10.192 0 0 0.09323 0 0 0 0.091165
10 300 7 0.045 40 10.192 0 0 0.092763 0 0 0 0.090814
10 300 7 0.045 45 10.192 0 0 0.093275 0 0 0 0.09113
10 300 7 0.045 50 10.192 0 0 0.09393 0 0 0 0.091342
10 300 8 0.045 1 10.8265 0.787 0.014072 2.6059 68029 0.797 0.019082 2.5175
10 300 8 0.045 2 10.827 0.474 0.026994 1.2594 32534 0.501 0.023938 1.2488
10 300 8 0.045 3 10.827 0.213 0.01387 0.5411 11909 0.242 0.020036 0.54911
10 300 8 0.045 4 10.827 0.093 0.0071222 0.25519 3559 0.095 0.011591 0.25653
10 300 8 0.045 5 10.827 0.031 0.0025646 0.11086 907.23 0.03 0.0035354 0.10673
10 300 8 0.045 6 10.827 0.005 0.0004798 0.11705 201.21 0.006 0.0005697 0.1189
10 300 8 0.045 7 10.827 0.001 0.0001 0.068396 39.81 0.003 0.00029394 0.066989
10 300 8 0.045 8 10.827 0 0 0.064571 7.23 0 0 0.061326
10 300 8 0.045 9 10.827 0 0 0.061406 1.08 0 0 0.05962
10 300 8 0.045 10 10.827 0 0 0.061182 0.14 0 0 0.060156
10 300 8 0.045 11 10.827 0 0 0.06093 0 0 0 0.059285
10 300 8 0.045 12 10.827 0 0 0.059625 0 0 0 0.057775
10 300 8 0.045 13 10.827 0 0 0.058388 0 0 0 0.056832
10 300 8 0.045 14 10.827 0 0 0.05754 0 0 0 0.056555
10 300 8 0.045 15 10.827 0 0 0.059167 0 0 0 0.058595
10 300 8 0.045 17 10.827 0 0 0.057407 0 0 0 0.056556
10 300 8 0.045 20 10.827 0 0 0.058308 0 0 0 0.057156
10 300 8 0.045 25 10.827 0 0 0.057652 0 0 0 0.056503
10 300 8 0.045 30 10.827 0 0 0.05721 0 0 0 0.056885
10 300 8 0.045 35 10.827 0 0 0.057878 0 0 0 0.056356
10 300 8 0.045 40 10.827 0 0 0.057011 0 0 0 0.056201
10 300 8 0.045 45 10.827 0 0 0.056475 0 0 0 0.056144
10 300 8 0.045 50 10.827 0 0 0.056406 0 0 0 0.056122
10 350 3 0.045 1 6.89635 1 0 5.1511 1e+05 1 0 5.026
10 350 3 0.045 2 6.8964 1 0 5.4435 1e+05 1 0 5.0342
10 350 3 0.045 3 6.8964 1 0 5.0991 1e+05 1 0 5.0032
10 350 3 0.045 4 6.8964 1 0 5.0696 1e+05 1 0 5.0151
10 350 3 0.045 5 6.8964 1 0 5.0676 1e+05 1 0 5.1854
10 350 3 0.045 6 6.8964 1 0 5.2779 1e+05 1 0 5.0382
10 350 3 0.045 7 6.8964 1 0 5.1129 1e+05 1 0 5.0259
10 350 3 0.045 8 6.8964 1 0 5.0619 1e+05 1 0 5.0457
10 350 3 0.045 9 6.8964 1 0 5.0937 1e+05 1 0 5.045
10 350 3 0.045 10 6.8964 1 0 5.0888 1e+05 1 0 5.0244
10 350 3 0.045 11 6.8964 1 0 5.0783 1e+05 1 0 5.1663
10 350 3 0.045 12 6.8964 1 0 5.3338 1e+05 1 0 5.2131
10 350 3 0.045 13 6.8964 1 0 5.171 1e+05 1 0 5.0679
10 350 3 0.045 14 6.8964 1 0 5.2143 1e+05 1 0 5.1247
10 350 3 0.045 15 6.8964 1 0 5.1803 1e+05 1 0 5.1446
10 350 3 0.045 17 6.8964 1 0 5.7059 99999 1 0 5.1647
10 350 3 0.045 20 6.8964 1 0 6.0354 99992 1 0 5.1115
10 350 3 0.045 25 6.8964 1 0 5.2205 99810 1 0 5.5542
10 350 3 0.045 30 6.8964 1 0 5.4356 98091 0.998 0.00019798 5.0008
10 350 3 0.045 35 6.8964 0.983 0.0014253 4.7466 90308 0.981 0.0017566 4.6823
10 350 3 0.045 40 6.8964 0.916 0.005802 4.4957 71420 0.894 0.0078424 4.8661
10 350 3 0.045 45 6.8964 0.738 0.014501 3.1022 44689 0.719 0.018928 3.1076
10 350 3 0.045 50 6.8964 0.485 0.018864 3.0972 21041 0.459 0.024262 2.1948
10 350 4 0.045 1 8.23408 1 0 4.6572 1e+05 1 0 4.421
10 350 4 0.045 2 8.2341 1 0 4.7918 1e+05 1 0 4.4119
10 350 4 0.045 3 8.2341 1 0 4.8329 1e+05 1 0 4.4137
10 350 4 0.045 4 8.2341 1 0 4.5317 1e+05 1 0 4.3905
10 350 4 0.045 5 8.2341 1 0 4.4448 99998 1 0 4.3952
10 350 4 0.045 6 8.2341 1 0 4.9973 99994 1 0 4.3893
10 350 4 0.045 7 8.2341 1 0 4.7394 99979 1 0 4.3876
10 350 4 0.045 8 8.2341 1 0 4.5414 99940 1 0 4.3863
10 350 4 0.045 9 8.2341 1 0 4.5603 99851 1 0 4.3735
10 350 4 0.045 10 8.2341 1 0 4.4061 99653 1 0 4.3608
10 350 4 0.045 11 8.2341 1 0 4.7452 99269 1 0 4.3532
10 350 4 0.045 12 8.2341 1 0 4.3616 98579 0.999 0.0001 4.3158
10 350 4 0.045 13 8.2341 0.998 0.00019798 4.3116 97438 0.996 0.00038788 4.2855
10 350 4 0.045 14 8.2341 0.995 0.0004798 4.9313 95676 0.994 0.0005697 4.2212
10 350 4 0.045 15 8.2341 0.992 0.00074343 4.6265 93144 0.987 0.0011424 4.1219
10 350 4 0.045 17 8.2341 0.969 0.0029687 3.8587 85231 0.956 0.0041051 3.8293
10 350 4 0.045 20 8.2341 0.875 0.011389 3.1959 66336 0.864 0.011216 3.1522
10 350 4 0.045 25 8.2341 0.561 0.022403 2.7961 29399 0.584 0.025802 2.1664
10 350 4 0.045 30 8.2341 0.217 0.015365 1.089 7651.4 0.234 0.017418 1.0441
10 350 4 0.045 35 8.2341 0.057 0.0061121 1.0942 1192.3 0.052 0.0053495 0.76026
10 350 4 0.045 40 8.2341 0.008 0.00074343 1.2478 119.45 0.009 0.0010293 1.3308
10 350 4 0.045 45 8.2341 0 0 0.76353 7.71 0.002 0.00019798 0.67261
10 350 4 0.045 50 8.2341 0 0 1.2103 0.31 0 0 1.3092
10 350 5 0.045 1 9.43021 1 0 4.1554 99995 1 0 4.074
10 350 5 0.045 2 9.4302 1 0 4.0499 99955 1 0 4.0156
10 350 5 0.045 3 9.4302 1 0 4.032 99763 0.998 0.00019798 4.0147
10 350 5 0.045 4 9.4302 0.999 0.0001 4.0355 99157 0.997 0.00029394 4.0061
10 350 5 0.045 5 9.4302 0.994 0.0005697 3.9315 97685 0.995 0.00068182 3.9062
10 350 5 0.045 6 9.4302 0.989 0.00098889 3.8166 94783 0.987 0.0015465 3.8019
10 350 5 0.045 7 9.4302 0.973 0.002597 3.6391 89959 0.97 0.0027273 3.6221
10 350 5 0.045 8 9.4302 0.94 0.0058586 3.423 82954 0.945 0.0049242 3.358
10 350 5 0.045 9 9.4302 0.888 0.0081374 3.0657 73919 0.912 0.0077333 3.0337
10 350 5 0.045 10 9.4302 0.829 0.015009 2.6857 63421 0.857 0.011163 2.6581
10 350 5 0.045 11 9.4302 0.753 0.022516 2.2903 52281 0.774 0.016691 2.2698
10 350 5 0.045 12 9.4302 0.647 0.025748 1.9247 41350 0.689 0.016544 1.8646
10 350 5 0.045 13 9.4302 0.549 0.020706 1.6337 31372 0.586 0.017984 1.5191
10 350 5 0.045 14 9.4302 0.445 0.02048 1.3035 22854 0.473 0.016132 1.2106
10 350 5 0.045 15 9.4302 0.347 0.013021 0.99949 15991 0.366 0.017418 0.96797
10 350 5 0.045 17 9.4302 0.204 0.011297 0.72265 7003.7 0.202 0.013935 0.66897
10 350 5 0.045 20 9.4302 0.061 0.0066455 0.63002 1554 0.066 0.0046909 0.44715
10 350 5 0.045 25 9.4302 0.004 0.00038788 0.68649 70.85 0.008 0.00074343 0.69714
10 350 5 0.045 30 9.4302 0 0 0.3698 1.75 0 0 0.35666
10 350 5 0.045 35 9.4302 0 0 0.59729 0.02 0 0 0.35247
10 350 5 0.045 40 9.4302 0 0 0.3677 0 0 0 0.35636
10 350 5 0.045 45 9.4302 0 0 0.36965 0 0 0 0.35576
10 350 5 0.045 50 9.4302 0 0 0.62382 0 0 0 0.67989
10 350 6 0.045 1 10.4193 0.999 0.0001 3.8728 99395 0.999 0.0001 3.8503
10 350 6 0.045 2 10.419 0.993 0.00065758 3.8429 96519 0.983 0.0020313 3.6669
10 350 6 0.045 3 10.419 0.956 0.003701 3.6249 89455 0.957 0.0042939 3.4188
10 350 6 0.045 4 10.419 0.893 0.0073242 2.9937 77584 0.901 0.010201 2.97
10 350 6 0.045 5 10.419 0.799 0.016262 2.6055 62235 0.789 0.015736 2.4222
10 350 6 0.045 6 10.419 0.674 0.019721 1.8548 46022 0.668 0.02038 1.8401
10 350 6 0.045 7 10.419 0.526 0.022752 1.3364 31411 0.533 0.023647 1.3253
10 350 6 0.045 8 10.419 0.402 0.015754 0.92095 19844 0.378 0.022541 0.91679
10 350 6 0.045 9 10.419 0.286 0.017378 0.80874 11671 0.268 0.016137 0.62375
10 350 6 0.045 10 10.419 0.183 0.012738 0.68623 6433.4 0.15 0.01101 0.71183
10 350 6 0.045 11 10.419 0.115 0.011389 0.57292 3336.1 0.095 0.0085606 0.59799
10 350 6 0.045 12 10.419 0.067 0.0082939 0.49721 1632.8 0.06 0.0046465 0.3338
10 350 6 0.045 13 10.419 0.032 0.0044202 0.43614 759.85 0.029 0.0024838 0.45256
10 350 6 0.045 14 10.419 0.019 0.0023626 0.38811 337.47 0.012 0.0010667 0.40517
10 350 6 0.045 15 10.419 0.012 0.0010667 0.35517 142.08 0.004 0.00038788 0.37259
10 350 6 0.045 17 10.419 0.003 0.00029394 0.32828 23.8 0.001 0.0001 0.34683
10 350 6 0.045 20 10.419 0 0 0.31883 1.18 0.001 0.0001 0.34105
10 350 6 0.045 25 10.419 0 0 0.1902 0 0 0 0.1927
10 350 6 0.045 30 10.419 0 0 0.3163 0 0 0 0.33843
10 350 6 0.045 35 10.419 0 0 0.31582 0 0 0 0.33751
10 350 6 0.045 40 10.419 0 0 0.31617 0 0 0 0.34036
10 350 6 0.045 45 10.419 0 0 0.19398 0 0 0 0.18572
10 350 6 0.045 50 10.419 0 0 0.19294 0 0 0 0.1875
10 350 7 0.045 1 11.5857 0.974 0.0035596 3.5278 92642 0.967 0.0036475 3.4482
10 350 7 0.045 2 11.586 0.867 0.0082939 2.791 74306 0.871 0.011171 2.7892
10 350 7 0.045 3 11.586 0.698 0.021612 1.9324 50629 0.676 0.01962 1.936
10 350 7 0.045 4 11.586 0.469 0.028827 1.1807 29583 0.483 0.02587 1.1757
10 350 7 0.045 5 11.586 0.284 0.019337 0.65917 15076 0.318 0.025733 0.65161
10 350 7 0.045 6 11.586 0.158 0.012764 0.37004 6830.5 0.171 0.015009 0.36511
10 350 7 0.045 7 11.586 0.086 0.0070747 0.24054 2798.3 0.091 0.0074939 0.23311
10 350 7 0.045 8 11.586 0.034 0.0046909 0.17282 1043.7 0.036 0.0027313 0.1634
10 350 7 0.045 9 11.586 0.017 0.0018293 0.14247 362.76 0.017 0.0014253 0.13535
10 350 7 0.045 10 11.586 0.004 0.00038788 0.12864 116.86 0.008 0.00074343 0.12109
10 350 7 0.045 11 11.586 0.002 0.00019798 0.11939 35.13 0.001 0.0001 0.1139
10 350 7 0.045 12 11.586 0 0 0.11597 10.43 0 0 0.11154
10 350 7 0.045 13 11.586 0 0 0.11413 2.71 0 0 0.11019
10 350 7 0.045 14 11.586 0 0 0.11566 0.65 0 0 0.11102
10 350 7 0.045 15 11.586 0 0 0.11438 0.2 0 0 0.10942
10 350 7 0.045 17 11.586 0 0 0.11229 0.01 0 0 0.10865
10 350 7 0.045 20 11.586 0 0 0.11278 0 0 0 0.10884
10 350 7 0.045 25 11.586 0 0 0.11512 0 0 0 0.11475
10 350 7 0.045 30 11.586 0 0 0.11409 0 0 0 0.10601
10 350 7 0.045 35 11.586 0 0 0.10959 0 0 0 0.10617
10 350 7 0.045 40 11.586 0 0 0.10952 0 0 0 0.10597
10 350 7 0.045 45 11.586 0 0 0.10979 0 0 0 0.10626
10 350 7 0.045 50 11.586 0 0 0.11071 0 0 0 0.1063
10 350 8 0.045 1 12.2818 0.832 0.011491 2.8426 73418 0.815 0.013813 2.7254
10 350 8 0.045 2 12.282 0.557 0.026516 1.5651 39247 0.543 0.024092 1.5225
10 350 8 0.045 3 12.282 0.297 0.023526 0.72415 16322 0.284 0.023984 0.72462
10 350 8 0.045 4 12.282 0.114 0.011115 0.34926 5569.1 0.122 0.0094101 0.35493
10 350 8 0.045 5 12.282 0.042 0.0038747 0.20422 1623 0.051 0.0049485 0.20885
10 350 8 0.045 6 12.282 0.017 0.0014253 0.15102 417.9 0.019 0.0015545 0.15271
10 350 8 0.045 7 12.282 0.002 0.00019798 0.11371 97.09 0.006 0.0005697 0.080067
10 350 8 0.045 8 12.282 0.001 0.0001 0.1193 20.3 0.002 0.00019798 0.12193
10 350 8 0.045 9 12.282 0 0 0.10965 4.16 0 0 0.11101
10 350 8 0.045 10 12.282 0 0 0.10089 1.03 0 0 0.10593
10 350 8 0.045 11 12.282 0 0 0.099248 0.21 0 0 0.1043
10 350 8 0.045 12 12.282 0 0 0.11756 0.04 0 0 0.10736
10 350 8 0.045 13 12.282 0 0 0.098897 0 0 0 0.1029
10 350 8 0.045 14 12.282 0 0 0.068911 0 0 0 0.067597
10 350 8 0.045 15 12.282 0 0 0.068743 0 0 0 0.067637
10 350 8 0.045 17 12.282 0 0 0.069239 0 0 0 0.067884
10 350 8 0.045 20 12.282 0 0 0.070138 0 0 0 0.068716
10 350 8 0.045 25 12.282 0 0 0.069172 0 0 0 0.067689
10 350 8 0.045 30 12.282 0 0 0.13128 0 0 0 0.10605
10 350 8 0.045 35 12.282 0 0 0.09944 0 0 0 0.10546
10 350 8 0.045 40 12.282 0 0 0.098355 0 0 0 0.10538
10 350 8 0.045 45 12.282 0 0 0.097866 0 0 0 0.080851
10 350 8 0.045 50 12.282 0 0 0.069391 0 0 0 0.069043
10 400 3 0.045 1 7.65192 1 0 5.4538 1e+05 1 0 5.2993
10 400 3 0.045 2 7.6519 1 0 5.3711 1e+05 1 0 5.3169
10 400 3 0.045 3 7.6519 1 0 6.2111 1e+05 1 0 5.2764
10 400 3 0.045 4 7.6519 1 0 5.336 1e+05 1 0 5.5668
10 400 3 0.045 5 7.6519 1 0 5.3369 1e+05 1 0 5.2688
10 400 3 0.045 6 7.6519 1 0 5.9681 1e+05 1 0 5.2835
10 400 3 0.045 7 7.6519 1 0 6.1956 1e+05 1 0 5.3753
10 400 3 0.045 8 7.6519 1 0 6.2492 1e+05 1 0 5.2836
10 400 3 0.045 9 7.6519 1 0 5.3331 1e+05 1 0 5.2967
10 400 3 0.045 10 7.6519 1 0 5.7291 1e+05 1 0 5.3041
10 400 3 0.045 11 7.6519 1 0 5.936 1e+05 1 0 5.2599
10 400 3 0.045 12 7.6519 1 0 6.1265 1e+05 1 0 5.2695
10 400 3 0.045 13 7.6519 1 0 5.3265 1e+05 1 0 5.2729
10 400 3 0.045 14 7.6519 1 0 5.332 1e+05 1 0 5.2962
10 400 3 0.045 15 7.6519 1 0 5.3316 1e+05 1 0 5.2476
10 400 3 0.045 17 7.6519 1 0 5.3908 1e+05 1 0 5.2496
10 400 3 0.045 20 7.6519 1 0 5.3129 1e+05 1 0 5.2583
10 400 3 0.045 25 7.6519 1 0 6.0277 99984 1 0 5.2603
10 400 3 0.045 30 7.6519 1 0 5.3089 99755 1 0 5.2351
10 400 3 0.045 35 7.6519 0.993 0.00065758 5.2301 98057 0.999 0.0001 5.1765
10 400 3 0.045 40 7.6519 0.98 0.0016162 4.9693 91254 0.984 0.0015596 4.9301
10 400 3 0.045 45 7.6519 0.936 0.0061657 4.4193 75216 0.924 0.0060848 4.3652
10 400 3 0.045 50 7.6519 0.802 0.01939 3.5583 51338 0.8 0.010505 3.5001
10 400 4 0.045 1 9.40006 1 0 4.7183 1e+05 1 0 4.5021
10 400 4 0.045 2 9.4001 1 0 4.8895 1e+05 1 0 4.4849
10 400 4 0.045 3 9.4001 1 0 4.6595 1e+05 1 0 4.4711
10 400 4 0.045 4 9.4001 1 0 4.5319 1e+05 1 0 4.4728
10 400 4 0.045 5 9.4001 1 0 4.9639 1e+05 1 0 4.4551
10 400 4 0.045 6 9.4001 1 0 4.7223 99999 1 0 4.446
10 400 4 0.045 7 9.4001 1 0 4.4989 99997 1 0 4.4583
10 400 4 0.045 8 9.4001 1 0 5.0798 99990 1 0 4.4537
10 400 4 0.045 9 9.4001 1 0 4.496 99971 1 0 4.4353
10 400 4 0.045 10 9.4001 1 0 4.5051 99928 1 0 4.4307
10 400 4 0.045 11 9.4001 1 0 4.484 99834 1 0 4.458
10 400 4 0.045 12 9.4001 1 0 4.6975 99650 1 0 4.4139
10 400 4 0.045 13 9.4001 1 0 4.4783 99308 1 0 4.4634
10 400 4 0.045 14 9.4001 1 0 4.5472 98724 0.997 0.00029394 4.3989
10 400 4 0.045 15 9.4001 0.999 0.0001 4.5313 97784 0.997 0.00029394 4.3503
10 400 4 0.045 17 9.4001 0.987 0.0013444 4.8494 94330 0.991 0.00082727 4.2305
10 400 4 0.045 20 9.4001 0.942 0.006501 4.2489 83574 0.961 0.0038172 3.8292
10 400 4 0.045 25 9.4001 0.776 0.017398 2.8669 51739 0.783 0.014557 2.7123
10 400 4 0.045 30 9.4001 0.453 0.02292 1.671 20704 0.472 0.026077 1.6161
10 400 4 0.045 35 9.4001 0.172 0.013956 1.1054 5284.7 0.193 0.014193 1.0399
10 400 4 0.045 40 9.4001 0.036 0.0039434 1.4578 882.24 0.047 0.0045364 0.83856
10 400 4 0.045 45 9.4001 0.007 0.00065758 0.94014 99.2 0.012 0.0012687 0.78639
10 400 4 0.045 50 9.4001 0.001 0.0001 1.444 7.43 0.001 0.0001 1.0992
10 400 5 0.045 1 10.6484 1 0 4.1334 99999 1 0 4.0165
10 400 5 0.045 2 10.648 1 0 4.0363 99986 1 0 4.0057
10 400 5 0.045 3 10.648 1 0 4.0164 99921 1 0 4.0035
10 400 5 0.045 4 10.648 1 0 3.9954 99689 1 0 4.0458
10 400 5 0.045 5 10.648 0.998 0.00019798 3.976 99055 0.998 0.00019798 3.9612
10 400 5 0.045 6 10.648 0.99 0.00090909 3.9121 97672 0.998 0.00019798 3.9082
10 400 5 0.045 7 10.648 0.986 0.0014182 3.8136 95097 0.99 0.00090909 3.7975
10 400 5 0.045 8 10.648 0.969 0.0029687 3.6705 90939 0.972 0.0020364 3.6509
10 400 5 0.045 9 10.648 0.949 0.0041404 3.4575 84944 0.949 0.0047465 3.4339
10 400 5 0.045 10 10.648 0.919 0.005999 3.1852 77181 0.914 0.0088929 3.1584
10 400 5 0.045 11 10.648 0.864 0.0083879 2.8588 67932 0.87 0.011212 2.8265
10 400 5 0.045 12 10.648 0.787 0.012052 2.504 57832 0.81 0.016667 2.4699
10 400 5 0.045 13 10.648 0.708 0.013471 2.1913 47522 0.721 0.017635 2.1074
10 400 5 0.045 14 10.648 0.621 0.018039 1.7932 37685 0.64 0.018182 1.7669
10 400 5 0.045 15 10.648 0.517 0.021425 1.4864 28837 0.549 0.019292 1.4543
10 400 5 0.045 17 10.648 0.34 0.021616 1.0149 15219 0.341 0.018807 0.98635
10 400 5 0.045 20 10.648 0.159 0.011534 0.65112 4565.8 0.168 0.011693 0.61141
10 400 5 0.045 25 10.648 0.021 0.0018778 0.45549 346.74 0.022 0.0017333 0.4243
10 400 5 0.045 30 10.648 0 0 0.42277 14.71 0.001 0.0001 0.39735
10 400 5 0.045 35 10.648 0 0 0.42071 0.47 0 0 0.39573
10 400 5 0.045 40 10.648 0 0 0.41965 0.01 0 0 0.39608
10 400 5 0.045 45 10.648 0 0 0.41839 0 0 0 0.39729
10 400 5 0.045 50 10.648 0 0 0.41855 0 0 0 0.39758
10 400 6 0.045 1 12.2199 0.999 0.0001 3.936 99698 1 0 3.8694
10 400 6 0.045 2 12.22 0.993 0.00065758 3.813 98053 0.999 0.0001 3.8092
10 400 6 0.045 3 12.22 0.985 0.0012879 3.6341 93517 0.986 0.0014182 3.6078
10 400 6 0.045 4 12.22 0.955 0.0047222 3.2891 84959 0.95 0.0055556 3.3037
10 400 6 0.045 5 12.22 0.889 0.0092717 2.8635 72601 0.906 0.0086505 2.8651
10 400 6 0.045 6 12.22 0.792 0.017309 2.338 57900 0.818 0.016844 2.3382
10 400 6 0.045 7 12.22 0.675 0.020884 1.7991 43040 0.695 0.024924 1.7934
10 400 6 0.045 8 12.22 0.538 0.02238 1.3181 29851 0.558 0.032158 1.3033
10 400 6 0.045 9 12.22 0.4 0.021414 0.95109 19376 0.415 0.024722 0.93562
10 400 6 0.045 10 12.22 0.284 0.019135 0.67719 11819 0.295 0.024116 0.66474
10 400 6 0.045 11 12.22 0.193 0.013789 0.50594 6796.4 0.199 0.016666 0.49251
10 400 6 0.045 12 12.22 0.118 0.0093697 0.39959 3703.3 0.122 0.011834 0.38468
10 400 6 0.045 13 12.22 0.072 0.0058747 0.33295 1917.9 0.077 0.0080515 0.31637
10 400 6 0.045 14 12.22 0.035 0.002904 0.29012 951.88 0.053 0.0069606 0.27555
10 400 6 0.045 15 12.22 0.024 0.0020444 0.26378 454.18 0.032 0.0034101 0.25001
10 400 6 0.045 17 12.22 0.008 0.00074343 0.24285 92.44 0.004 0.00038788 0.22621
10 400 6 0.045 20 12.22 0 0 0.22792 5.73 0 0 0.21949
10 400 6 0.045 25 12.22 0 0 0.22638 0.07 0 0 0.21824
10 400 6 0.045 30 12.22 0 0 0.22794 0 0 0 0.22
10 400 6 0.045 35 12.22 0 0 0.22709 0 0 0 0.21705
10 400 6 0.045 40 12.22 0 0 0.22591 0 0 0 0.21669
10 400 6 0.045 45 12.22 0 0 0.22655 0 0 0 0.22284
10 400 6 0.045 50 12.22 0 0 0.22629 0 0 0 0.21708
10 400 7 0.045 1 13.3409 0.981 0.0017566 3.6387 94828 0.987 0.0013444 3.5863
10 400 7 0.045 2 13.341 0.893 0.0077283 3.0551 80294 0.917 0.0080919 3.0576
10 400 7 0.045 3 13.341 0.737 0.020132 2.4251 59103 0.771 0.015615 2.3686
10 400 7 0.045 4 13.341 0.559 0.02507 1.664 37888 0.583 0.025466 1.629
10 400 7 0.045 5 13.341 0.371 0.019858 1.0634 21384 0.403 0.026557 1.0667
10 400 7 0.045 6 13.341 0.211 0.013312 0.67452 10789 0.252 0.022521 0.68855
10 400 7 0.045 7 13.341 0.122 0.008804 0.35874 4925.8 0.139 0.014524 0.32519
10 400 7 0.045 8 13.341 0.056 0.0049131 0.35621 2055.1 0.073 0.0072434 0.36961
10 400 7 0.045 9 13.341 0.026 0.0025495 0.18748 799.7 0.034 0.0038828 0.17646
10 400 7 0.045 10 13.341 0.013 0.0011424 0.1567 289.03 0.023 0.002597 0.14918
10 400 7 0.045 11 13.341 0.004 0.00038788 0.23042 99.75 0.01 0.00090909 0.23999
10 400 7 0.045 12 13.341 0.001 0.0001 0.21818 31.61 0.004 0.00038788 0.23075
10 400 7 0.045 13 13.341 0 0 0.21692 9.45 0.002 0.00019798 0.22468
10 400 7 0.045 14 13.341 0 0 0.20769 2.67 0 0 0.21962
10 400 7 0.045 15 13.341 0 0 0.1969 0.68 0 0 0.12408
10 400 7 0.045 17 13.341 0 0 0.1301 0.01 0 0 0.12547
10 400 7 0.045 20 13.341 0 0 0.20556 0 0 0 0.21764
10 400 7 0.045 25 13.341 0 0 0.20463 0 0 0 0.21646
10 400 7 0.045 30 13.341 0 0 0.20355 0 0 0 0.21783
10 400 7 0.045 35 13.341 0 0 0.12924 0 0 0 0.12429
10 400 7 0.045 40 13.341 0 0 0.20396 0 0 0 0.21673
10 400 7 0.045 45 13.341 0 0 0.13426 0 0 0 0.12908
10 400 7 0.045 50 13.341 0 0 0.13135 0 0 0 0.12487
10 400 8 0.045 1 14.0294 0.887 0.0086172 3.0287 77836 0.88 0.014141 2.9519
10 400 8 0.045 2 14.029 0.641 0.027898 1.7511 45618 0.654 0.026347 1.7481
10 400 8 0.045 3 14.029 0.361 0.019979 0.84568 21069 0.378 0.028198 0.85466
10 400 8 0.045 4 14.029 0.184 0.015499 0.45749 8053.4 0.17 0.012424 0.46205
10 400 8 0.045 5 14.029 0.087 0.007001 0.20533 2641.3 0.072 0.0060768 0.20217
10 400 8 0.045 6 14.029 0.031 0.0025646 0.1913 765.32 0.026 0.0025495 0.19383
10 400 8 0.045 7 14.029 0.012 0.0010667 0.15741 202.36 0.011 0.0011909 0.15814
10 400 8 0.045 8 14.029 0.004 0.00038788 0.1391 49.39 0.002 0.00019798 0.13885
10 400 8 0.045 9 14.029 0.002 0.00019798 0.12785 11.09 0 0 0.13762
10 400 8 0.045 10 14.029 0.001 0.0001 0.087021 2.26 0 0 0.082595
10 400 8 0.045 11 14.029 0 0 0.083746 0.41 0 0 0.081593
10 400 8 0.045 12 14.029 0 0 0.12063 0.05 0 0 0.12545
10 400 8 0.045 13 14.029 0 0 0.11921 0.01 0 0 0.11351
10 400 8 0.045 14 14.029 0 0 0.083368 0 0 0 0.081662
10 400 8 0.045 15 14.029 0 0 0.083958 0 0 0 0.081534
10 400 8 0.045 17 14.029 0 0 0.12012 0 0 0 0.12522
10 400 8 0.045 20 14.029 0 0 0.11868 0 0 0 0.12574
10 400 8 0.045 25 14.029 0 0 0.083416 0 0 0 0.081065
10 400 8 0.045 30 14.029 0 0 0.083726 0 0 0 0.081084
10 400 8 0.045 35 14.029 0 0 0.082858 0 0 0 0.08106
10 400 8 0.045 40 14.029 0 0 0.082449 0 0 0 0.080341
10 400 8 0.045 45 14.029 0 0 0.082054 0 0 0 0.080961
10 400 8 0.045 50 14.029 0 0 0.083267 0 0 0 0.086217
