k n_trees search_k build_time recall var_recall query_time val_recall val_var_recall val_query_time r0 r1 r2 r3 r4 r5 r6 r7 r8 r9 r10
10 1 25 3.57825 0.6139 0.074852 22.177 0.6142 0.075874 20.947 15 40 58 83 102 115 109 109 119 118 132 
10 1 50 3.5783 0.6139 0.074852 20.978 0.6142 0.075874 20.608 15 40 58 83 102 115 109 109 119 118 132 
10 1 100 3.5783 0.6139 0.074852 20.708 0.6142 0.075874 20.766 15 40 58 83 102 115 109 109 119 118 132 
10 1 200 3.5783 0.6139 0.074852 20.798 0.6142 0.075874 20.748 15 40 58 83 102 115 109 109 119 118 132 
10 1 400 3.5783 0.6139 0.074852 20.727 0.6142 0.075874 20.611 15 40 58 83 102 115 109 109 119 118 132 
10 1 1000 3.5783 0.6139 0.074852 20.788 0.6142 0.075874 20.607 15 40 58 83 102 115 109 109 119 118 132 
10 1 2000 3.5783 0.6139 0.074852 20.852 0.6142 0.075874 20.56 15 40 58 83 102 115 109 109 119 118 132 
10 1 4000 3.5783 0.6262 0.075389 21.596 0.6238 0.075809 21.495 14 37 57 78 98 114 106 107 120 120 149 
10 1 10000 3.5783 0.8352 0.038259 42.685 0.8409 0.039897 43.017 1 1 8 10 47 42 64 92 145 181 409 
10 1 20000 3.5783 0.9386 0.015045 73.679 0.9352 0.015436 73.305 1 0 0 4 5 12 18 44 69 144 703 
10 1 40000 3.5783 0.9917 0.0017629 136.06 0.9924 0.00090314 140.79 0 0 0 0 1 1 2 2 7 44 943 
10 1 100000 3.5783 0.9999 1e-05 318.3 1 0 314.9 0 0 0 0 0 0 0 0 0 1 999 
10 1 200000 3.5783 0.9999 1e-05 313 1 0 313.67 0 0 0 0 0 0 0 0 0 1 999 
10 1 400000 3.5783 0.9999 1e-05 322.89 1 0 316.18 0 0 0 0 0 0 0 0 0 1 999 
10 5 25 7.66432 0.7911 0.048599 21.053 0.7833 0.051903 20.996 2 8 14 31 48 44 82 118 138 202 313 
10 5 50 7.6643 0.7911 0.048599 20.933 0.7833 0.051903 21.003 2 8 14 31 48 44 82 118 138 202 313 
10 5 100 7.6643 0.7911 0.048599 25.072 0.7833 0.051903 21.5 2 8 14 31 48 44 82 118 138 202 313 
10 5 200 7.6643 0.7911 0.048599 30.654 0.7833 0.051903 21.675 2 8 14 31 48 44 82 118 138 202 313 
10 5 400 7.6643 0.7911 0.048599 21.58 0.7833 0.051903 21.599 2 8 14 31 48 44 82 118 138 202 313 
10 5 1000 7.6643 0.7911 0.048599 21.612 0.7833 0.051903 21.609 2 8 14 31 48 44 82 118 138 202 313 
10 5 2000 7.6643 0.7911 0.048599 21.633 0.7833 0.051903 21.562 2 8 14 31 48 44 82 118 138 202 313 
10 5 4000 7.6643 0.7912 0.048591 21.556 0.7833 0.051903 21.619 2 8 14 31 48 44 82 117 139 202 313 
10 5 10000 7.6643 0.8929 0.024344 35.308 0.8867 0.02706 35.084 1 2 2 7 16 15 33 73 127 202 522 
10 5 20000 7.6643 0.9407 0.013567 50.365 0.9423 0.014255 50.422 0 0 0 5 6 11 11 35 81 156 695 
10 5 40000 7.6643 0.9792 0.0042516 82.476 0.9822 0.0045877 79.038 0 0 0 1 1 2 4 9 23 96 864 
10 5 100000 7.6643 0.9991 8.9279e-05 150.63 0.9982 0.00037714 150.57 0 0 0 0 0 0 0 0 0 9 991 
10 5 200000 7.6643 0.9998 1.998e-05 246.83 1 0 229.65 0 0 0 0 0 0 0 0 0 2 998 
10 5 400000 7.6643 0.9999 1e-05 334.91 1 0 330.37 0 0 0 0 0 0 0 0 0 1 999 
10 10 25 17.0447 0.8229 0.039665 25.064 0.8206 0.043139 25.157 2 4 8 19 33 43 68 108 150 209 356 
10 10 50 17.045 0.8229 0.039665 25.051 0.8206 0.043139 25.175 2 4 8 19 33 43 68 108 150 209 356 
10 10 100 17.045 0.8229 0.039665 24.973 0.8206 0.043139 25.253 2 4 8 19 33 43 68 108 150 209 356 
10 10 200 17.045 0.8229 0.039665 25.029 0.8206 0.043139 25.309 2 4 8 19 33 43 68 108 150 209 356 
10 10 400 17.045 0.8229 0.039665 24.972 0.8206 0.043139 25.274 2 4 8 19 33 43 68 108 150 209 356 
10 10 1000 17.045 0.8229 0.039665 25.082 0.8206 0.043139 25.17 2 4 8 19 33 43 68 108 150 209 356 
10 10 2000 17.045 0.8229 0.039665 25.115 0.8206 0.043139 26.016 2 4 8 19 33 43 68 108 150 209 356 
10 10 4000 17.045 0.8232 0.039621 26.704 0.8209 0.042856 22.942 2 4 8 19 33 43 67 108 150 210 356 
10 10 10000 17.045 0.9058 0.020807 33.147 0.9008 0.022822 32.785 0 0 1 6 15 13 34 63 110 192 566 
10 10 20000 17.045 0.9465 0.011479 45.747 0.9451 0.011828 45.099 0 0 0 3 3 8 15 34 69 156 712 
10 10 40000 17.045 0.976 0.0046486 85.872 0.9758 0.0052196 76.865 0 0 0 0 1 4 4 8 38 98 847 
10 10 100000 17.045 0.9941 0.0010763 130.45 0.9953 0.00082874 130.16 0 0 0 0 0 0 1 4 8 27 960 
10 10 200000 17.045 0.9997 2.994e-05 202.3 0.9996 3.988e-05 202.51 0 0 0 0 0 0 0 0 0 3 997 
10 10 400000 17.045 0.9999 1e-05 292.8 1 0 288.5 0 0 0 0 0 0 0 0 0 1 999 
10 25 25 32.0359 0.853 0.032904 21.11 0.854 0.034238 21.277 1 1 7 8 25 40 63 87 130 216 422 
10 25 50 32.036 0.853 0.032904 21.167 0.854 0.034238 21.297 1 1 7 8 25 40 63 87 130 216 422 
10 25 100 32.036 0.853 0.032904 31.134 0.854 0.034238 29.832 1 1 7 8 25 40 63 87 130 216 422 
10 25 200 32.036 0.853 0.032904 25.131 0.854 0.034238 23.612 1 1 7 8 25 40 63 87 130 216 422 
10 25 400 32.036 0.853 0.032904 22.147 0.854 0.034238 22.278 1 1 7 8 25 40 63 87 130 216 422 
10 25 1000 32.036 0.853 0.032904 30.403 0.854 0.034238 24.534 1 1 7 8 25 40 63 87 130 216 422 
10 25 2000 32.036 0.853 0.032904 24.073 0.854 0.034238 24.255 1 1 7 8 25 40 63 87 130 216 422 
10 25 4000 32.036 0.8531 0.032923 24.185 0.854 0.034238 24.344 1 1 7 8 25 40 63 87 130 215 423 
10 25 10000 32.036 0.9221 0.015657 35.588 0.9202 0.01795 35.658 0 0 0 5 2 14 22 63 100 185 609 
10 25 20000 32.036 0.9523 0.0088836 46.369 0.9514 0.010489 46.482 0 0 0 1 0 8 11 29 65 169 717 
10 25 40000 32.036 0.9773 0.0035583 63.118 0.9733 0.0051222 62.713 0 0 0 0 0 2 0 12 34 113 839 
10 25 100000 32.036 0.991 0.0013003 95.584 0.9926 0.0010663 95.546 0 0 0 0 0 0 0 4 12 54 930 
10 25 200000 32.036 0.9974 0.00037361 137.86 0.9983 0.00020732 137.9 0 0 0 0 0 0 0 1 3 17 979 
10 25 400000 32.036 0.9997 2.994e-05 206.67 0.9997 2.994e-05 206.54 0 0 0 0 0 0 0 0 0 3 997 
10 50 25 68.4295 0.8776 0.026685 22.493 0.8765 0.029687 22.49 0 2 5 9 12 25 43 84 129 224 467 
10 50 50 68.43 0.8776 0.026685 22.395 0.8765 0.029687 22.761 0 2 5 9 12 25 43 84 129 224 467 
10 50 100 68.43 0.8776 0.026685 32.965 0.8765 0.029687 29.968 0 2 5 9 12 25 43 84 129 224 467 
10 50 200 68.43 0.8776 0.026685 30.047 0.8765 0.029687 25.218 0 2 5 9 12 25 43 84 129 224 467 
10 50 400 68.43 0.8776 0.026685 31.661 0.8765 0.029687 25.325 0 2 5 9 12 25 43 84 129 224 467 
10 50 1000 68.43 0.8776 0.026685 24.341 0.8765 0.029687 24.157 0 2 5 9 12 25 43 84 129 224 467 
10 50 2000 68.43 0.8776 0.026685 32.894 0.8765 0.029687 26.205 0 2 5 9 12 25 43 84 129 224 467 
10 50 4000 68.43 0.8776 0.026685 27.908 0.8765 0.029687 26.137 0 2 5 9 12 25 43 84 129 224 467 
10 50 10000 68.43 0.9343 0.013567 35.556 0.9336 0.014706 35.042 0 0 3 0 3 12 14 46 94 173 655 
10 50 20000 68.43 0.9591 0.0083055 48.4 0.9592 0.0088442 44.68 0 0 1 1 1 6 10 17 59 149 756 
10 50 40000 68.43 0.9788 0.0037543 77.309 0.9781 0.0047151 56.688 0 0 0 1 0 1 4 9 22 113 850 
10 50 100000 68.43 0.9925 0.0010948 90.723 0.9918 0.0016744 83.268 0 0 0 0 0 0 0 4 8 47 941 
10 50 200000 68.43 0.9959 0.00055374 121.44 0.997 0.00035135 114.87 0 0 0 0 0 0 0 2 2 31 965 
10 50 400000 68.43 0.9988 0.0001387 162.49 0.9994 5.97e-05 162.49 0 0 0 0 0 0 0 0 1 10 989 
10 100 25 124.142 0.8963 0.023099 22.313 0.8937 0.023294 22.319 0 1 5 9 6 19 34 69 117 217 523 
10 100 50 124.14 0.8963 0.023099 22.41 0.8937 0.023294 22.282 0 1 5 9 6 19 34 69 117 217 523 
10 100 100 124.14 0.8963 0.023099 22.297 0.8937 0.023294 22.383 0 1 5 9 6 19 34 69 117 217 523 
10 100 200 124.14 0.8963 0.023099 27.821 0.8937 0.023294 22.931 0 1 5 9 6 19 34 69 117 217 523 
10 100 400 124.14 0.8963 0.023099 32.843 0.8937 0.023294 27.085 0 1 5 9 6 19 34 69 117 217 523 
10 100 1000 124.14 0.8963 0.023099 22.938 0.8937 0.023294 22.869 0 1 5 9 6 19 34 69 117 217 523 
10 100 2000 124.14 0.8963 0.023099 24.228 0.8937 0.023294 32.611 0 1 5 9 6 19 34 69 117 217 523 
10 100 4000 124.14 0.8963 0.023099 26.397 0.8937 0.023294 27.374 0 1 5 9 6 19 34 69 117 217 523 
10 100 10000 124.14 0.9439 0.012015 37.644 0.945 0.011547 33.463 0 0 2 5 2 4 13 33 69 189 683 
10 100 20000 124.14 0.9638 0.007417 42.242 0.9645 0.007217 41.95 0 0 1 2 0 5 6 18 45 147 776 
10 100 40000 124.14 0.9809 0.0035888 69.206 0.9802 0.004052 54.229 0 0 0 2 0 0 1 10 24 95 868 
10 100 100000 124.14 0.9926 0.0014267 76.485 0.9915 0.0017595 76.134 0 0 0 0 1 0 0 5 7 39 948 
10 100 200000 124.14 0.996 0.00054454 100.36 0.9959 0.00085404 99.826 0 0 0 0 0 0 0 0 8 24 968 
10 100 400000 124.14 0.9987 0.00014846 134.86 0.9989 0.0001089 134.45 0 0 0 0 0 0 0 0 1 11 988 
10 200 25 271.357 0.9063 0.020271 25.622 0.9068 0.021796 24.223 0 1 4 4 4 19 29 75 102 204 558 
10 200 50 271.36 0.9063 0.020271 34.306 0.9068 0.021796 29.42 0 1 4 4 4 19 29 75 102 204 558 
10 200 100 271.36 0.9063 0.020271 27.587 0.9068 0.021796 27.519 0 1 4 4 4 19 29 75 102 204 558 
10 200 200 271.36 0.9063 0.020271 27.505 0.9068 0.021796 27.472 0 1 4 4 4 19 29 75 102 204 558 
10 200 400 271.36 0.9063 0.020271 27.398 0.9068 0.021796 27.602 0 1 4 4 4 19 29 75 102 204 558 
10 200 1000 271.36 0.9063 0.020271 27.397 0.9068 0.021796 27.583 0 1 4 4 4 19 29 75 102 204 558 
10 200 2000 271.36 0.9063 0.020271 27.405 0.9068 0.021796 27.581 0 1 4 4 4 19 29 75 102 204 558 
10 200 4000 271.36 0.9063 0.020271 27.421 0.9068 0.021796 27.629 0 1 4 4 4 19 29 75 102 204 558 
10 200 10000 271.36 0.9531 0.008619 37.688 0.9514 0.010248 37.804 0 0 0 2 1 3 13 28 57 184 712 
10 200 20000 271.36 0.9687 0.005676 46.488 0.9706 0.0055212 46.356 0 0 0 1 1 1 5 19 43 132 798 
10 200 40000 271.36 0.9836 0.002994 58.944 0.9834 0.0034279 58.762 0 0 0 1 0 1 2 4 26 80 886 
10 200 100000 271.36 0.993 0.0011922 80.393 0.9912 0.0021847 79.955 0 0 0 0 0 0 1 3 12 33 951 
10 200 200000 271.36 0.9969 0.00046085 102.58 0.996 0.00066466 101.82 0 0 0 0 0 0 0 1 5 18 976 
10 200 400000 271.36 0.9981 0.00026666 132.85 0.9986 0.0001582 132.04 0 0 0 0 0 0 0 0 4 11 985 
10 400 25 489.482 0.9162 0.018556 24.826 0.9156 0.018936 25.114 0 0 5 1 9 11 26 67 96 185 600 
10 400 50 489.48 0.9162 0.018556 36.526 0.9156 0.018936 32.768 0 0 5 1 9 11 26 67 96 185 600 
10 400 100 489.48 0.9162 0.018556 29.525 0.9156 0.018936 25.759 0 0 5 1 9 11 26 67 96 185 600 
10 400 200 489.48 0.9162 0.018556 25.117 0.9156 0.018936 25.333 0 0 5 1 9 11 26 67 96 185 600 
10 400 400 489.48 0.9162 0.018556 33.285 0.9156 0.018936 26.85 0 0 5 1 9 11 26 67 96 185 600 
10 400 1000 489.48 0.9162 0.018556 26.393 0.9156 0.018936 26.648 0 0 5 1 9 11 26 67 96 185 600 
10 400 2000 489.48 0.9162 0.018556 26.259 0.9156 0.018936 26.428 0 0 5 1 9 11 26 67 96 185 600 
10 400 4000 489.48 0.9162 0.018556 26.293 0.9156 0.018936 26.419 0 0 5 1 9 11 26 67 96 185 600 
10 400 10000 489.48 0.9565 0.008226 35.459 0.9565 0.0085263 35.561 0 0 1 1 0 5 10 24 57 169 733 
10 400 20000 489.48 0.9725 0.0045383 57.914 0.9721 0.0050967 45.493 0 0 0 0 0 1 5 16 39 124 815 
10 400 40000 489.48 0.9843 0.0027463 52.942 0.985 0.0030981 52.605 0 0 0 0 0 1 3 7 22 75 892 
10 400 100000 489.48 0.9926 0.0014066 70.699 0.9923 0.001252 70.359 0 0 0 0 0 0 2 4 12 30 952 
10 400 200000 489.48 0.9964 0.00058763 92.45 0.9956 0.00072136 89.994 0 0 0 0 0 0 0 2 6 18 974 
10 400 400000 489.48 0.9984 0.00023768 114.88 0.9984 0.00017762 113.72 0 0 0 0 0 0 0 1 1 11 987 
