k probes k_factor build_time recall var_recall query_time val_recall val_var_recall val_query_time r0 r1 r2 r3 r4 r5 r6 r7 r8 r9 r10
10 1 1 92.5771 0.1312 0.017764 5.2862 0.1298 0.015628 4.9809 336 291 205 100 42 20 2 1 3 0 0 
10 1 2 92.577 0.1769 0.029486 5.1966 0.1778 0.027695 5.0972 267 260 198 129 74 35 20 6 6 5 0 
10 1 3 92.577 0.2018 0.036053 5.1274 0.2025 0.034378 5.0627 245 241 178 133 100 48 27 12 10 4 2 
10 1 4 92.577 0.2154 0.040824 5.1415 0.2173 0.03925 7.1565 238 231 170 135 92 61 38 16 9 7 3 
10 1 5 92.577 0.2249 0.043473 7.3451 0.2249 0.042232 6.8922 232 225 164 128 102 67 42 17 12 8 3 
10 1 8 92.577 0.2367 0.047791 7.0468 0.2388 0.048383 7.1435 229 215 161 119 101 77 48 20 17 10 3 
10 1 10 92.577 0.2399 0.049427 7.116 0.2423 0.050131 6.7076 227 215 161 116 100 78 49 23 14 13 4 
10 1 12 92.577 0.2415 0.050418 6.1026 0.2438 0.050932 6.0973 227 215 159 117 97 79 50 22 17 12 5 
10 1 20 92.577 0.2439 0.051995 6.3016 0.2461 0.052517 6.3403 226 214 161 116 96 74 52 25 16 14 6 
10 1 25 92.577 0.2444 0.052381 7.4351 0.2462 0.052538 7.4715 226 214 161 116 95 74 52 24 18 14 6 
10 1 50 92.577 0.2445 0.052502 7.7092 0.2465 0.052801 7.6019 226 214 161 116 95 74 52 24 17 15 6 
10 1 75 92.577 0.2445 0.052502 7.8151 0.2465 0.052801 7.5952 226 214 161 116 95 74 52 24 17 15 6 
10 1 100 92.577 0.2445 0.052502 7.5776 0.2465 0.052801 7.5266 226 214 161 116 95 74 52 24 17 15 6 
10 1 250 92.577 0.2445 0.052502 7.5276 0.2465 0.052801 7.5394 226 214 161 116 95 74 52 24 17 15 6 
10 1 500 92.577 0.2445 0.052502 7.6872 0.2465 0.052801 7.5845 226 214 161 116 95 74 52 24 17 15 6 
10 2 1 92.577 0.1626 0.020101 6.5451 0.1577 0.016657 6.5682 236 295 245 113 73 26 7 2 3 0 0 
10 2 2 92.577 0.2353 0.033257 6.1034 0.2313 0.03018 5.8879 152 208 241 168 104 65 37 11 7 7 0 
10 2 3 92.577 0.2834 0.042067 5.6999 0.2774 0.038288 5.8956 120 166 204 187 123 94 48 30 16 9 3 
10 2 4 92.577 0.314 0.048192 5.8141 0.306 0.044689 7.0397 104 156 180 161 146 105 68 40 22 12 6 
10 2 5 92.577 0.3362 0.053023 7.0476 0.3265 0.048136 6.8451 94 149 156 169 131 129 71 46 31 11 13 
10 2 8 92.577 0.3708 0.060588 7.0301 0.3607 0.056462 6.9786 88 133 133 143 143 130 86 66 41 18 19 
10 2 10 92.577 0.3814 0.063237 7.0923 0.3697 0.058991 7.0858 85 131 131 135 134 133 93 71 44 22 21 
10 2 12 92.577 0.3879 0.065389 7.1851 0.3771 0.060906 7.1824 85 129 128 132 135 120 103 75 46 23 24 
10 2 20 92.577 0.3973 0.068651 7.5714 0.3862 0.064734 7.5759 83 129 127 124 133 112 102 88 48 26 28 
10 2 25 92.577 0.3995 0.06996 7.7375 0.3877 0.065004 7.7964 83 128 128 124 132 112 97 85 54 28 29 
10 2 50 92.577 0.4005 0.07044 8.1839 0.3886 0.065476 8.2019 83 128 128 124 130 111 100 81 57 29 29 
10 2 75 92.577 0.4006 0.07051 8.3662 0.3886 0.065476 8.356 83 128 128 124 130 111 100 80 58 29 29 
10 2 100 92.577 0.4006 0.07051 8.5117 0.3886 0.065476 7.3735 83 128 128 124 130 111 100 80 58 29 29 
10 2 250 92.577 0.4006 0.07051 7.2959 0.3886 0.065476 7.2731 83 128 128 124 130 111 100 80 58 29 29 
10 2 500 92.577 0.4006 0.07051 7.3534 0.3886 0.065476 7.3323 83 128 128 124 130 111 100 80 58 29 29 
10 4 1 92.577 0.1782 0.020005 5.6078 0.1784 0.017651 5.623 185 293 266 132 79 32 9 1 3 0 0 
10 4 2 92.577 0.2727 0.032978 5.6539 0.2702 0.030162 5.6751 87 191 221 197 142 94 37 14 9 7 1 
10 4 3 92.577 0.3342 0.041332 5.7825 0.3318 0.038267 5.7106 61 120 197 198 164 113 73 38 19 13 4 
10 4 4 92.577 0.3825 0.04613 6.3421 0.3812 0.04393 5.7615 40 97 167 159 188 136 97 63 24 20 9 
10 4 5 92.577 0.4225 0.050274 5.8521 0.4171 0.047946 5.9972 29 75 142 156 177 138 119 84 41 20 19 
10 4 8 92.577 0.4917 0.055817 7.0621 0.4868 0.05402 7.0508 21 48 94 119 167 175 121 103 71 44 37 
10 4 10 92.577 0.5174 0.056414 7.1617 0.515 0.056672 7.1696 17 37 82 118 154 165 128 123 82 47 47 
10 4 12 92.577 0.534 0.057401 7.3598 0.5305 0.058358 7.4089 15 37 73 105 153 159 127 136 84 61 50 
10 4 20 92.577 0.5683 0.060786 6.9034 0.5665 0.061029 6.6163 14 33 59 91 134 159 118 130 117 76 69 
10 4 25 92.577 0.5752 0.062387 7.5847 0.5737 0.062 8.1564 14 32 58 91 131 152 118 129 118 78 79 
10 4 50 92.577 0.5816 0.063745 8.8166 0.5822 0.063427 8.862 14 32 57 91 122 155 113 127 117 89 83 
10 4 75 92.577 0.5819 0.063766 9.375 0.5829 0.063561 9.4592 14 32 57 90 123 155 113 125 119 89 83 
10 4 100 92.577 0.5819 0.063766 9.7278 0.5829 0.063561 9.8017 14 32 57 90 123 155 113 125 119 89 83 
10 4 250 92.577 0.5819 0.063766 10.264 0.5829 0.063561 10.316 14 32 57 90 123 155 113 125 119 89 83 
10 4 500 92.577 0.5819 0.063766 10.275 0.5829 0.063561 10.344 14 32 57 90 123 155 113 125 119 89 83 
10 8 1 92.577 0.1842 0.020531 6.5504 0.1855 0.018478 6.5349 175 282 272 142 78 35 12 1 3 0 0 
10 8 2 92.577 0.2923 0.033564 6.6233 0.2881 0.03196 6.6163 65 172 213 220 139 99 57 18 8 8 1 
10 8 3 92.577 0.3661 0.041122 6.7004 0.363 0.039711 6.7206 36 87 199 188 190 117 81 57 27 14 4 
10 8 4 92.577 0.4247 0.045545 6.7602 0.4213 0.044241 6.7551 26 56 139 170 195 138 117 82 46 21 10 
10 8 5 92.577 0.4694 0.048272 6.8141 0.4693 0.045953 6.8381 20 40 110 142 173 168 130 103 69 27 18 
10 8 8 92.577 0.5663 0.050885 6.9793 0.5628 0.047864 6.9751 5 22 52 102 137 172 149 126 116 71 48 
10 8 10 92.577 0.6119 0.049598 7.0792 0.6072 0.047956 7.0817 2 13 42 74 119 147 156 148 145 83 71 
10 8 12 92.577 0.6439 0.048291 7.2015 0.6378 0.047038 7.1757 2 8 30 57 117 131 147 148 166 109 85 
10 8 20 92.577 0.7179 0.042772 7.6188 0.7161 0.043254 7.6139 1 4 11 37 71 97 125 149 199 172 134 
10 8 25 92.577 0.7377 0.042231 7.8133 0.7379 0.042256 6.8393 1 4 10 27 61 94 120 148 183 182 170 
10 8 50 92.577 0.7664 0.040411 7.7867 0.7702 0.040172 7.784 1 3 8 23 45 80 114 128 176 212 210 
10 8 75 92.577 0.7689 0.040463 8.587 0.7745 0.04026 9.1307 1 3 8 23 43 81 109 131 174 209 218 
10 8 100 92.577 0.7691 0.040456 9.8119 0.775 0.040275 9.3896 1 3 8 23 43 81 108 132 173 210 218 
10 8 250 92.577 0.7692 0.040452 11.042 0.7751 0.04027 11.204 1 3 8 23 43 81 108 131 174 210 218 
10 8 500 92.577 0.7692 0.040452 11.373 0.7751 0.04027 12.744 1 3 8 23 43 81 108 131 174 210 218 
10 16 1 92.577 0.1865 0.020508 7.0089 0.1903 0.019015 6.6682 166 287 271 142 84 33 13 1 3 0 0 
10 16 2 92.577 0.2982 0.033991 6.2596 0.2956 0.031832 5.7092 62 159 222 213 144 105 54 23 9 8 1 
10 16 3 92.577 0.3768 0.040923 5.7499 0.3755 0.04005 6.0949 32 86 173 191 196 128 90 55 31 14 4 
10 16 4 92.577 0.44 0.044765 7.0039 0.4394 0.044232 7.108 23 45 116 185 183 151 129 83 50 24 11 
10 16 5 92.577 0.4897 0.047171 7.2373 0.4905 0.046126 6.8166 15 33 83 148 175 169 133 113 78 34 19 
10 16 8 92.577 0.6021 0.047333 6.9695 0.5973 0.045428 7.0188 2 18 26 81 139 153 156 145 138 88 54 
10 16 10 92.577 0.6532 0.045055 7.0844 0.6499 0.043704 7.0749 1 9 23 48 107 131 153 172 160 112 84 
10 16 12 92.577 0.6955 0.041271 7.1829 0.6901 0.041053 7.3736 0 5 17 31 78 110 151 168 188 145 107 
10 16 20 92.577 0.7958 0.029832 6.9055 0.7944 0.03114 6.5849 0 0 5 12 25 60 88 145 224 233 208 
10 16 25 92.577 0.8321 0.025165 6.79 0.8299 0.026783 6.7802 0 0 1 5 16 49 62 127 211 244 285 
10 16 50 92.577 0.8984 0.014892 7.8 0.896 0.017081 7.8009 0 0 1 0 2 10 35 72 168 254 458 
10 16 75 92.577 0.9122 0.013024 8.758 0.9104 0.015047 8.6601 0 0 1 0 2 7 22 64 145 253 506 
10 16 100 92.577 0.915 0.012608 9.5648 0.9141 0.014826 9.5906 0 0 1 0 2 7 16 69 135 254 516 
10 16 250 92.577 0.9166 0.012397 14.241 0.9155 0.014724 13.939 0 0 1 0 2 7 15 67 131 256 521 
10 16 500 92.577 0.9166 0.012397 16.369 0.9155 0.014724 16.573 0 0 1 0 2 7 15 67 131 256 521 
10 32 1 92.577 0.186 0.020344 5.8918 0.191 0.018838 5.668 166 285 278 139 81 35 12 1 3 0 0 
10 32 2 92.577 0.2973 0.034057 7.0391 0.2963 0.031828 6.7764 61 165 218 215 144 99 58 22 9 8 1 
10 32 3 92.577 0.378 0.041357 6.8848 0.3777 0.040053 6.8596 31 87 173 193 188 132 89 57 31 15 4 
10 32 4 92.577 0.4422 0.044303 7.1187 0.442 0.0442 7.0385 21 45 115 177 192 152 131 81 50 25 11 
10 32 5 92.577 0.4938 0.046868 6.8861 0.4943 0.045983 6.8498 15 32 73 149 184 162 136 117 75 38 19 
10 32 8 92.577 0.6088 0.046549 6.9755 0.605 0.0453 6.9745 3 15 19 83 138 147 157 149 142 92 55 
10 32 10 92.577 0.6628 0.04398 7.091 0.6597 0.042548 7.0738 1 6 20 49 94 129 164 170 152 126 89 
10 32 12 92.577 0.707 0.039951 7.3135 0.7013 0.039608 7.2763 0 5 11 33 59 113 158 169 172 164 116 
10 32 20 92.577 0.8161 0.027438 7.6077 0.8136 0.028484 7.5808 0 0 6 5 20 46 83 137 200 263 240 
10 32 25 92.577 0.8579 0.021799 7.8397 0.8553 0.022955 7.8462 0 0 1 4 9 33 51 110 175 282 335 
10 32 50 92.577 0.9428 0.0080963 9.0207 0.9394 0.0092369 9.0304 0 0 0 0 0 4 11 26 98 234 627 
10 32 75 92.577 0.9692 0.0040955 10.032 0.9644 0.0048175 9.2151 0 0 0 0 0 0 4 8 50 168 770 
10 32 100 92.577 0.9766 0.0029754 11.43 0.973 0.0034344 11.587 0 0 0 0 0 0 3 3 32 149 813 
10 32 250 92.577 0.9814 0.0023164 18.36 0.9789 0.0027876 18.401 0 0 0 0 0 0 1 2 28 120 849 
10 32 500 92.577 0.9816 0.0023037 27.382 0.9789 0.0027876 27.106 0 0 0 0 0 0 1 2 28 118 851 
10 64 1 92.577 0.1862 0.02035 5.777 0.1909 0.018786 5.7079 166 284 278 140 81 35 12 1 3 0 0 
10 64 2 92.577 0.2971 0.034096 6.6926 0.2966 0.03188 6.8515 61 165 221 211 145 99 58 22 9 8 1 
10 64 3 92.577 0.3782 0.041426 6.2969 0.3777 0.040093 4.9024 30 89 173 192 186 133 90 57 31 15 4 
10 64 4 92.577 0.4423 0.044425 5.0507 0.442 0.04442 4.9504 20 46 120 170 191 156 130 80 51 25 11 
10 64 5 92.577 0.4944 0.046675 5.3894 0.4947 0.046188 5.1335 14 32 75 147 182 162 141 115 75 38 19 
10 64 8 92.577 0.6092 0.046382 5.1953 0.6061 0.045078 6.2081 2 15 20 84 137 142 166 144 142 93 55 
10 64 10 92.577 0.6635 0.043802 5.4096 0.6607 0.042988 5.2815 0 7 20 48 95 125 170 167 151 128 89 
10 64 12 92.577 0.7076 0.040263 5.3348 0.703 0.03935 5.3102 0 5 12 33 59 109 163 163 173 166 117 
10 64 20 92.577 0.8182 0.026936 6.14 0.8169 0.027832 5.6953 0 0 6 5 21 36 89 135 202 264 242 
10 64 25 92.577 0.86 0.021321 6.316 0.8593 0.022176 5.9456 0 0 2 2 13 22 55 108 178 282 338 
10 64 50 92.577 0.9504 0.0070869 6.8604 0.9477 0.0081629 9.1067 0 0 0 0 0 3 8 23 82 216 668 
10 64 75 92.577 0.979 0.0026416 10.589 0.9773 0.0028776 10.596 0 0 0 0 0 0 0 5 34 127 834 
10 64 100 92.577 0.989 0.0013403 10.857 0.9872 0.0015177 9.7064 0 0 0 0 0 0 0 2 12 80 906 
10 64 250 92.577 0.9967 0.00043955 16.57 0.9974 0.00029353 16.442 0 0 0 0 0 0 0 0 6 21 973 
10 64 500 92.577 0.9973 0.00038309 27.301 0.9977 0.00026497 23.079 0 0 0 0 0 0 0 0 6 15 979 
10 128 1 92.577 0.1862 0.02035 4.9319 0.1909 0.018786 5.7253 166 284 278 140 81 35 12 1 3 0 0 
10 128 2 92.577 0.297 0.034145 6.9625 0.2967 0.031891 6.9598 62 164 221 211 145 99 58 22 9 8 1 
10 128 3 92.577 0.3783 0.041461 7.1378 0.3777 0.040093 7.0391 30 89 173 192 186 132 91 57 31 15 4 
10 128 4 92.577 0.4424 0.044467 6.249 0.4421 0.044422 6.0093 20 46 120 170 191 156 129 81 51 25 11 
10 128 5 92.577 0.4943 0.046764 6.0593 0.4949 0.04619 6.0505 14 33 74 147 182 163 139 116 75 38 19 
10 128 8 92.577 0.6092 0.046422 6.1897 0.6063 0.045055 6.1908 2 15 20 84 138 141 165 145 142 93 55 
10 128 10 92.577 0.6636 0.043859 6.2966 0.6608 0.042946 6.284 0 7 20 48 96 124 169 167 152 128 89 
10 128 12 92.577 0.7073 0.040217 6.399 0.7031 0.0394 6.3918 0 5 12 33 60 108 163 162 176 165 116 
10 128 20 92.577 0.818 0.027083 6.7738 0.8172 0.027812 6.7766 0 0 6 5 22 35 88 140 198 262 244 
10 128 25 92.577 0.8605 0.021311 6.9939 0.8596 0.02215 6.9939 0 0 2 1 14 23 53 110 175 281 341 
10 128 50 92.577 0.951 0.006966 7.9647 0.948 0.0083844 7.9516 0 0 0 0 0 2 9 23 80 215 671 
10 128 75 92.577 0.9799 0.0025886 8.9139 0.9775 0.0028866 8.9226 0 0 0 0 0 0 1 4 31 123 841 
10 128 100 92.577 0.9905 0.0010808 9.8342 0.9879 0.0014651 9.9368 0 0 0 0 0 0 0 1 8 76 915 
10 128 250 92.577 0.9989 0.00012892 15.183 0.9992 7.9439e-05 15.212 0 0 0 0 0 0 0 0 1 9 990 
10 128 500 92.577 0.9999 1e-05 24.151 0.9997 2.994e-05 24.087 0 0 0 0 0 0 0 0 0 1 999 
10 256 1 92.577 0.1862 0.02035 6.0218 0.1909 0.018786 6.0197 166 284 278 140 81 35 12 1 3 0 0 
10 256 2 92.577 0.297 0.034145 6.0832 0.2967 0.031891 6.0761 62 164 221 211 145 99 58 22 9 8 1 
10 256 3 92.577 0.3783 0.041461 6.1416 0.3777 0.040093 6.1466 30 89 173 192 186 132 91 57 31 15 4 
10 256 4 92.577 0.4424 0.044467 6.1767 0.4421 0.044422 6.1992 20 46 120 170 191 156 129 81 51 25 11 
10 256 5 92.577 0.4943 0.046764 6.2331 0.4949 0.04619 6.2354 14 33 74 147 182 163 139 116 75 38 19 
10 256 8 92.577 0.6092 0.046422 6.3908 0.6063 0.045055 6.3916 2 15 20 84 138 141 165 145 142 93 55 
10 256 10 92.577 0.6636 0.043859 6.4808 0.6608 0.042946 6.4747 0 7 20 48 96 124 169 167 152 128 89 
10 256 12 92.577 0.7073 0.040217 6.5914 0.703 0.03941 6.6094 0 5 12 33 60 108 163 162 176 165 116 
10 256 20 92.577 0.818 0.027083 6.9572 0.8172 0.027812 6.9545 0 0 6 5 22 35 88 140 198 262 244 
10 256 25 92.577 0.8605 0.021311 7.2133 0.8597 0.022068 7.1842 0 0 2 1 14 23 53 110 175 281 341 
10 256 50 92.577 0.9508 0.0070064 8.1719 0.9481 0.0082847 8.1502 0 0 0 0 0 2 9 23 82 213 671 
10 256 75 92.577 0.9798 0.0025946 9.1949 0.9777 0.0028355 9.1117 0 0 0 0 0 0 1 4 31 124 840 
10 256 100 92.577 0.9905 0.0010808 9.9951 0.9882 0.0014422 10.026 0 0 0 0 0 0 0 1 8 76 915 
10 256 250 92.577 0.9991 0.0001093 17.233 0.9995 4.98e-05 18.163 0 0 0 0 0 0 0 0 1 7 992 
10 256 500 92.577 0.9999 1e-05 30.045 1 0 25.125 0 0 0 0 0 0 0 0 0 1 999 
10 512 1 92.577 0.1862 0.02035 5.392 0.1909 0.018786 5.372 166 284 278 140 81 35 12 1 3 0 0 
10 512 2 92.577 0.297 0.034145 5.431 0.2967 0.031891 5.4258 62 164 221 211 145 99 58 22 9 8 1 
10 512 3 92.577 0.3783 0.041461 5.4859 0.3777 0.040093 5.4787 30 89 173 192 186 132 91 57 31 15 4 
10 512 4 92.577 0.4424 0.044467 5.8407 0.4421 0.044422 5.642 20 46 120 170 191 156 129 81 51 25 11 
10 512 5 92.577 0.4943 0.046764 5.6802 0.4949 0.04619 5.5993 14 33 74 147 182 163 139 116 75 38 19 
10 512 8 92.577 0.6092 0.046422 5.7348 0.6063 0.045055 5.7806 2 15 20 84 138 141 165 145 142 93 55 
10 512 10 92.577 0.6636 0.043859 5.8705 0.6608 0.042946 5.8127 0 7 20 48 96 124 169 167 152 128 89 
10 512 12 92.577 0.7073 0.040217 5.9209 0.703 0.03941 5.9105 0 5 12 33 60 108 163 162 176 165 116 
10 512 20 92.577 0.818 0.027083 6.2795 0.8172 0.027812 6.2931 0 0 6 5 22 35 88 140 198 262 244 
10 512 25 92.577 0.8605 0.021311 6.509 0.8597 0.022068 6.4979 0 0 2 1 14 23 53 110 175 281 341 
10 512 50 92.577 0.9508 0.0070064 8.9179 0.9481 0.0082847 8.5645 0 0 0 0 0 2 9 23 82 213 671 
10 512 75 92.577 0.9798 0.0025946 9.5362 0.9777 0.0028355 9.5392 0 0 0 0 0 0 1 4 31 124 840 
10 512 100 92.577 0.9905 0.0010808 10.562 0.9882 0.0014422 10.534 0 0 0 0 0 0 0 1 8 76 915 
10 512 250 92.577 0.9991 0.0001093 16.5 0.9995 4.98e-05 16.461 0 0 0 0 0 0 0 0 1 7 992 
10 512 500 92.577 0.9999 1e-05 26.475 1 0 26.462 0 0 0 0 0 0 0 0 0 1 999 
10 1024 1 92.577 0.1862 0.02035 6.8042 0.1909 0.018786 6.7978 166 284 278 140 81 35 12 1 3 0 0 
10 1024 2 92.577 0.297 0.034145 6.8407 0.2967 0.031891 6.8407 62 164 221 211 145 99 58 22 9 8 1 
10 1024 3 92.577 0.3783 0.041461 6.8945 0.3777 0.040093 6.9083 30 89 173 192 186 132 91 57 31 15 4 
10 1024 4 92.577 0.4424 0.044467 6.9898 0.4421 0.044422 6.9689 20 46 120 170 191 156 129 81 51 25 11 
10 1024 5 92.577 0.4943 0.046764 7.005 0.4949 0.04619 6.9975 14 33 74 147 182 163 139 116 75 38 19 
10 1024 8 92.577 0.6092 0.046422 7.1615 0.6063 0.045055 7.1536 2 15 20 84 138 141 165 145 142 93 55 
10 1024 10 92.577 0.6636 0.043859 7.261 0.6608 0.042946 7.2795 0 7 20 48 96 124 169 167 152 128 89 
10 1024 12 92.577 0.7073 0.040217 7.373 0.703 0.03941 7.3503 0 5 12 33 60 108 163 162 176 165 116 
10 1024 20 92.577 0.818 0.027083 8.0304 0.8172 0.027812 7.7198 0 0 6 5 22 35 88 140 198 262 244 
10 1024 25 92.577 0.8605 0.021311 7.9423 0.8597 0.022068 7.9437 0 0 2 1 14 23 53 110 175 281 341 
10 1024 50 92.577 0.9508 0.0070064 9.3614 0.9481 0.0082847 9.0101 0 0 0 0 0 2 9 23 82 213 671 
10 1024 75 92.577 0.9798 0.0025946 10.002 0.9777 0.0028355 10.03 0 0 0 0 0 0 1 4 31 124 840 
10 1024 100 92.577 0.9905 0.0010808 10.992 0.9882 0.0014422 11.007 0 0 0 0 0 0 0 1 8 76 915 
10 1024 250 92.577 0.9991 0.0001093 16.959 0.9995 4.98e-05 16.927 0 0 0 0 0 0 0 0 1 7 992 
10 1024 500 92.577 0.9999 1e-05 26.928 1 0 26.936 0 0 0 0 0 0 0 0 0 1 999 
10 2048 1 92.577 0.1862 0.02035 7.0101 0.1909 0.018786 7.0066 166 284 278 140 81 35 12 1 3 0 0 
10 2048 2 92.577 0.297 0.034145 7.0495 0.2967 0.031891 7.067 62 164 221 211 145 99 58 22 9 8 1 
10 2048 3 92.577 0.3783 0.041461 7.0966 0.3777 0.040093 7.0962 30 89 173 192 186 132 91 57 31 15 4 
10 2048 4 92.577 0.4424 0.044467 7.166 0.4421 0.044422 7.1464 20 46 120 170 191 156 129 81 51 25 11 
10 2048 5 92.577 0.4943 0.046764 7.4639 0.4949 0.04619 7.1967 14 33 74 147 182 163 139 116 75 38 19 
10 2048 8 92.577 0.6092 0.046422 7.3551 0.6063 0.045055 7.3714 2 15 20 84 138 141 165 145 142 93 55 
10 2048 10 92.577 0.6636 0.043859 7.4821 0.6608 0.042946 7.4479 0 7 20 48 96 124 169 167 152 128 89 
10 2048 12 92.577 0.7073 0.040217 7.5587 0.703 0.03941 7.5423 0 5 12 33 60 108 163 162 176 165 116 
10 2048 20 92.577 0.818 0.027083 7.9297 0.8172 0.027812 7.9103 0 0 6 5 22 35 88 140 198 262 244 
10 2048 25 92.577 0.8605 0.021311 8.1628 0.8597 0.022068 8.159 0 0 2 1 14 23 53 110 175 281 341 
10 2048 50 92.577 0.9508 0.0070064 9.2072 0.9481 0.0082847 9.1926 0 0 0 0 0 2 9 23 82 213 671 
10 2048 75 92.577 0.9798 0.0025946 10.656 0.9777 0.0028355 10.276 0 0 0 0 0 0 1 4 31 124 840 
10 2048 100 92.577 0.9905 0.0010808 11.185 0.9882 0.0014422 11.238 0 0 0 0 0 0 0 1 8 76 915 
10 2048 250 92.577 0.9991 0.0001093 17.146 0.9995 4.98e-05 17.156 0 0 0 0 0 0 0 0 1 7 992 
10 2048 500 92.577 0.9999 1e-05 27.119 1 0 27.139 0 0 0 0 0 0 0 0 0 1 999 
10 4096 1 92.577 0.1862 0.02035 7.0957 0.1909 0.018786 7.0749 166 284 278 140 81 35 12 1 3 0 0 
10 4096 2 92.577 0.297 0.034145 7.1373 0.2967 0.031891 7.1779 62 164 221 211 145 99 58 22 9 8 1 
10 4096 3 92.577 0.3783 0.041461 7.2087 0.3777 0.040093 7.1958 30 89 173 192 186 132 91 57 31 15 4 
10 4096 4 92.577 0.4424 0.044467 7.284 0.4421 0.044422 7.25 20 46 120 170 191 156 129 81 51 25 11 
10 4096 5 92.577 0.4943 0.046764 7.3149 0.4949 0.04619 7.2859 14 33 74 147 182 163 139 116 75 38 19 
10 4096 8 92.577 0.6092 0.046422 7.4441 0.6063 0.045055 7.4453 2 15 20 84 138 141 165 145 142 93 55 
10 4096 10 92.577 0.6636 0.043859 7.5343 0.6608 0.042946 7.5375 0 7 20 48 96 124 169 167 152 128 89 
10 4096 12 92.577 0.7073 0.040217 7.6419 0.703 0.03941 7.6266 0 5 12 33 60 108 163 162 176 165 116 
10 4096 20 92.577 0.818 0.027083 8.0099 0.8172 0.027812 8.0179 0 0 6 5 22 35 88 140 198 262 244 
10 4096 25 92.577 0.8605 0.021311 8.2385 0.8597 0.022068 8.2075 0 0 2 1 14 23 53 110 175 281 341 
10 4096 50 92.577 0.9508 0.0070064 9.2962 0.9481 0.0082847 9.3018 0 0 0 0 0 2 9 23 82 213 671 
10 4096 75 92.577 0.9798 0.0025946 10.322 0.9777 0.0028355 10.304 0 0 0 0 0 0 1 4 31 124 840 
10 4096 100 92.577 0.9905 0.0010808 11.29 0.9882 0.0014422 11.298 0 0 0 0 0 0 0 1 8 76 915 
10 4096 250 92.577 0.9991 0.0001093 17.232 0.9995 4.98e-05 17.304 0 0 0 0 0 0 0 0 1 7 992 
10 4096 500 92.577 0.9999 1e-05 27.266 1 0 27.237 0 0 0 0 0 0 0 0 0 1 999 
10 8192 1 92.577 0.1862 0.02035 7.5879 0.1909 0.018786 7.222 166 284 278 140 81 35 12 1 3 0 0 
10 8192 2 92.577 0.297 0.034145 7.2787 0.2967 0.031891 7.2787 62 164 221 211 145 99 58 22 9 8 1 
10 8192 3 92.577 0.3783 0.041461 7.3221 0.3777 0.040093 7.3473 30 89 173 192 186 132 91 57 31 15 4 
10 8192 4 92.577 0.4424 0.044467 7.3868 0.4421 0.044422 7.3887 20 46 120 170 191 156 129 81 51 25 11 
10 8192 5 92.577 0.4943 0.046764 7.5028 0.4949 0.04619 7.4386 14 33 74 147 182 163 139 116 75 38 19 
10 8192 8 92.577 0.6092 0.046422 7.5814 0.6063 0.045055 7.5827 2 15 20 84 138 141 165 145 142 93 55 
10 8192 10 92.577 0.6636 0.043859 7.6661 0.6608 0.042946 7.6698 0 7 20 48 96 124 169 167 152 128 89 
10 8192 12 92.577 0.7073 0.040217 7.7797 0.703 0.03941 7.7802 0 5 12 33 60 108 163 162 176 165 116 
10 8192 20 92.577 0.818 0.027083 8.1306 0.8172 0.027812 8.1501 0 0 6 5 22 35 88 140 198 262 244 
10 8192 25 92.577 0.8605 0.021311 8.3648 0.8597 0.022068 8.3835 0 0 2 1 14 23 53 110 175 281 341 
10 8192 50 92.577 0.9508 0.0070064 9.4302 0.9481 0.0082847 9.429 0 0 0 0 0 2 9 23 82 213 671 
10 8192 75 92.577 0.9798 0.0025946 10.575 0.9777 0.0028355 10.455 0 0 0 0 0 0 1 4 31 124 840 
10 8192 100 92.577 0.9905 0.0010808 11.478 0.9882 0.0014422 11.426 0 0 0 0 0 0 0 1 8 76 915 
10 8192 250 92.577 0.9991 0.0001093 17.431 0.9995 4.98e-05 17.53 0 0 0 0 0 0 0 0 1 7 992 
10 8192 500 92.577 0.9999 1e-05 27.517 1 0 27.404 0 0 0 0 0 0 0 0 0 1 999 
