	k	n_trees	depth	sparsity	k_build	b	v	build_time	recall	var_recall	query_time	projection_time	traversal_time	vote_time	exact_time	cs_size	n_train	val_recall	val_var_recall	val_query_time	r0	r1	r2	r3	r4	r5	r6	r7	r8	r9	r10
0	10	10	13	0.0104	10	1	1	3.0519	0.7849	0.043125	3.176	0	0.011271	0.070715	3.0936	747.02	98000	0.787	0.040632	3.2942	2	4	10	29	44	58	78	129	174	211	261
43	10	10	14	0.0104	10	1	1	4.03069	0.6949	0.059964	2.0293	0	0.02747	0.036062	1.9655	426.19	98000	0.6944	0.055084	2.1305	8	20	24	62	59	99	95	160	145	166	162
86	10	10	15	0.0104	10	1	1	4.28646	0.5828	0.070294	1.0186	0	0.017034	0.033094	0.96816	235.8	98000	0.589	0.063442	0.98701	23	42	58	96	94	117	148	121	110	104	87
129	10	15	13	0.0104	10	1	1	4.06858	0.8381	0.033412	4.4159	0	0.024091	0.0667	4.3247	1031.9	98000	0.8492	0.03083	4.6818	0	2	7	9	26	44	67	114	139	218	374
172	10	15	14	0.0104	10	1	1	4.57309	0.7653	0.047273	2.6995	0	0.030782	0.052293	2.6161	590.66	98000	0.7765	0.041619	2.9899	2	9	16	24	36	95	93	123	159	200	243
215	10	15	15	0.0104	10	1	1	4.6969	0.6669	0.061496	1.5925	0	0.022817	0.085044	1.4843	332.94	98000	0.6773	0.05499	1.6597	10	16	42	53	77	119	124	140	130	147	142
258	10	20	13	0.0104	10	1	1	4.93009	0.8759	0.025315	5.7877	0	0.031459	0.097049	5.6585	1275.4	98000	0.8834	0.021906	5.792	1	1	4	6	16	22	42	84	131	260	433
301	10	20	14	0.0104	10	1	1	5.35931	0.813	0.038009	3.4109	0	0.030745	0.056952	3.3229	745.57	98000	0.8164	0.032464	3.2688	2	4	8	13	39	46	72	107	183	220	306
344	10	20	15	0.0104	10	1	1	5.27012	0.726	0.054939	1.7499	0	0.024032	0.05115	1.6745	422.3	98000	0.7344	0.049006	1.7271	6	13	26	36	51	87	119	137	146	183	196
387	10	25	13	0.0104	10	1	1	6.23593	0.8916	0.023433	7.0303	0	0.043908	0.12071	6.8646	1506.5	98000	0.9039	0.018333	7.014	0	1	1	5	15	23	44	77	97	226	511
430	10	25	14	0.0104	10	1	1	6.25551	0.8418	0.032906	3.7321	0	0.026338	0.076246	3.6291	883.31	98000	0.8489	0.029528	3.9676	2	4	2	13	21	34	72	98	160	221	373
473	10	25	15	0.0104	10	1	1	6.34873	0.7663	0.046581	2.1504	0	0.030593	0.070722	2.0488	504.01	98000	0.7815	0.037806	2.1058	3	5	12	36	50	59	96	136	158	211	234
516	10	30	13	0.0104	10	1	1	7.33528	0.9146	0.016063	8.3885	0	0.050062	0.14664	8.1905	1718.4	98000	0.9208	0.014582	7.5854	0	1	1	0	0	16	43	54	96	231	558
559	10	30	14	0.0104	10	1	1	7.43966	0.863	0.027218	4.7001	0	0.044232	0.092425	4.563	1010.9	98000	0.8696	0.025421	4.4239	1	3	2	6	15	30	51	103	138	246	405
602	10	30	15	0.0104	10	1	1	7.9776	0.7917	0.042163	2.721	0	0.045066	0.066826	2.6088	583.11	98000	0.8051	0.036581	2.6685	1	3	11	26	38	53	101	123	152	206	286
645	10	40	13	0.0104	10	1	1	9.77628	0.9353	0.011555	9.9604	0	0.054742	0.17562	9.7291	2107.5	98000	0.939	0.011671	9.3029	0	0	1	1	1	10	15	39	92	215	626
688	10	40	14	0.0104	10	1	1	10.3325	0.8917	0.021142	5.7976	0	0.057909	0.14068	5.5985	1255.6	98000	0.9051	0.018583	5.4815	0	1	1	5	11	22	36	71	118	262	473
731	10	40	15	0.0104	10	1	1	10.4937	0.837	0.032664	3.1482	0	0.046373	0.11111	2.9904	728.96	98000	0.8516	0.028826	3.0801	1	1	3	12	27	45	75	92	147	246	351
774	10	50	13	0.0104	10	1	1	12.4116	0.9406	0.011463	10.773	0	0.070747	0.22836	10.473	2446.5	98000	0.9482	0.0097265	10.284	0	1	0	0	5	8	15	32	75	209	655
817	10	50	14	0.0104	10	1	1	13.7445	0.9124	0.017023	6.6129	0	0.069833	0.13272	6.4096	1469.9	98000	0.9174	0.016233	6.6001	0	1	1	3	5	10	35	56	116	218	555
860	10	50	15	0.0104	10	1	1	14.2305	0.8602	0.030266	4.0287	0	0.062244	0.10422	3.8618	861.51	98000	0.8725	0.023798	3.9653	0	1	8	9	21	31	52	89	137	232	420
903	10	60	13	0.0104	10	1	1	17.524	0.9524	0.0088831	13.11	0	0.097376	0.28393	12.727	2763.3	98000	0.9596	0.007115	13.007	1	0	1	0	0	4	10	29	59	193	703
946	10	60	14	0.0104	10	1	1	19.1047	0.9252	0.01474	7.7585	0	0.082636	0.2045	7.4705	1675.1	98000	0.9325	0.012746	7.2049	0	0	3	1	3	10	25	49	95	212	602
989	10	60	15	0.0104	10	1	1	20.3367	0.8789	0.023448	4.5186	0	0.083533	0.14416	4.2905	988.22	98000	0.8914	0.020446	4.5982	0	0	2	6	16	25	42	78	141	248	442
1032	10	70	13	0.0104	10	1	1	17.5131	0.9586	0.0076737	12.736	0	0.064905	0.31816	12.352	3069.9	98000	0.9646	0.0064333	12.088	0	1	0	0	2	3	9	19	55	175	736
1075	10	70	14	0.0104	10	1	1	19.4661	0.9355	0.012983	9.2982	0	0.10528	0.28948	8.9024	1864.3	98000	0.9394	0.011659	8.0289	0	1	0	3	3	7	17	47	77	199	646
1118	10	70	15	0.0104	10	1	1	20.1341	0.8972	0.020493	4.7651	0	0.089509	0.16358	4.5115	1104.4	98000	0.8977	0.019504	4.7808	1	0	0	6	9	23	31	63	127	240	500
1161	10	80	13	0.0104	10	1	1	19.2792	0.9616	0.0070325	15.195	0	0.085019	0.33729	14.771	3328.8	98000	0.9682	0.0053141	13.518	0	1	0	0	1	2	8	18	60	153	757
1204	10	80	14	0.0104	10	1	1	20.5582	0.9425	0.011095	10.388	0	0.11345	0.35393	9.9196	2038.9	98000	0.9497	0.009129	8.8083	1	0	1	0	2	6	16	33	74	204	663
1247	10	80	15	0.0104	10	1	1	21.72	0.9047	0.018767	5.5064	0	0.10748	0.21939	5.1791	1211.4	98000	0.9132	0.016502	5.3062	1	1	2	1	5	18	29	71	115	232	525
1290	10	90	13	0.0104	10	1	1	21.7455	0.9681	0.0054178	16.435	0	0.098904	0.35751	15.977	3600.5	98000	0.9745	0.0039837	14.61	0	0	1	0	0	1	8	10	46	152	782
1333	10	90	14	0.0104	10	1	1	22.3128	0.9491	0.0093886	9.5575	0	0.11061	0.27505	9.1709	2207.5	98000	0.9563	0.007728	9.7165	0	1	0	1	0	4	15	24	85	171	699
1376	10	90	15	0.0104	10	1	1	23.7802	0.9161	0.016427	6.8357	0	0.13901	0.30864	6.3874	1322.1	98000	0.9267	0.01293	6.2689	1	0	1	3	2	14	31	52	105	228	563
1419	10	100	13	0.0104	10	1	1	23.9558	0.969	0.005044	16.549	0	0.11115	0.42744	16.01	3848.3	98000	0.9732	0.0044262	16.233	0	0	0	1	0	2	3	12	50	145	787
1462	10	100	14	0.0104	10	1	1	25.5398	0.9511	0.0093682	10.574	0	0.10448	0.40549	10.063	2366.9	98000	0.9613	0.0070193	9.5557	0	1	0	0	2	4	13	31	66	171	712
1505	10	100	15	0.0104	10	1	1	27.0874	0.9248	0.014179	6.8362	0	0.13405	0.33278	6.3687	1425.3	98000	0.9307	0.013061	6.3384	0	1	0	0	5	13	21	47	107	209	597
1548	10	10	13	0.0104	50	1	1	3.79576	0.9419	0.01515	10.469	0	0.014009	0.13297	10.321	2515.4	98000	0.9492	0.012532	9.7578	1	0	0	4	7	14	14	39	60	138	723
1591	10	10	14	0.0104	50	1	1	4.72171	0.9081	0.023087	6.8827	0	0.02334	0.095716	6.7629	1564.8	98000	0.9194	0.019123	6.7258	0	1	2	5	16	21	38	52	85	180	600
1634	10	10	15	0.0104	50	1	1	5.30142	0.8521	0.038274	3.8071	0	0.014257	0.050669	3.7417	935.44	98000	0.851	0.037977	3.884	2	6	8	15	24	32	63	77	132	185	456
1677	10	15	13	0.0104	50	1	1	4.62297	0.9655	0.0071469	13.945	0	0.024777	0.17629	13.743	3292.9	98000	0.968	0.0072232	13.318	0	0	0	1	3	3	9	16	46	129	793
1720	10	15	14	0.0104	50	1	1	5.12488	0.9386	0.014805	8.9833	0	0.025445	0.15984	8.7963	2070.4	98000	0.944	0.015019	8.4211	1	0	1	1	4	11	27	39	78	129	709
1763	10	15	15	0.0104	50	1	1	6.49705	0.8955	0.025916	5.6227	0	0.031794	0.10138	5.4888	1262.6	98000	0.8998	0.026907	5.8568	0	2	4	9	12	17	49	66	103	175	563
1806	10	20	13	0.0104	50	1	1	6.56568	0.9734	0.0052777	17.485	0	0.036837	0.18402	17.262	3920.5	98000	0.977	0.0052563	15.858	0	0	0	1	0	3	6	14	37	104	835
1849	10	20	14	0.0104	50	1	1	6.1471	0.9551	0.010024	10.617	0	0.032766	0.17416	10.408	2490.4	98000	0.9599	0.0086306	10.157	0	1	1	0	3	7	11	22	66	137	752
1892	10	20	15	0.0104	50	1	1	7.32467	0.9177	0.019817	6.6639	0	0.039345	0.11339	6.5104	1539.3	98000	0.9283	0.017667	6.7001	1	2	1	3	8	16	30	49	102	167	621
1935	10	25	13	0.0104	50	1	1	6.57764	0.9785	0.0045123	18.349	0	0.027461	0.2367	18.083	4470.1	98000	0.9832	0.0036814	17.296	0	0	0	1	1	3	2	11	30	86	866
1978	10	25	14	0.0104	50	1	1	7.53487	0.9629	0.0082418	13.206	0	0.048603	0.18889	12.967	2878.9	98000	0.968	0.0069229	12.871	0	0	1	0	2	6	11	21	48	118	793
2021	10	25	15	0.0104	50	1	1	7.95983	0.9409	0.014011	7.6841	0	0.042909	0.14479	7.4955	1794.2	98000	0.9458	0.012415	7.3401	0	0	1	1	7	14	20	33	66	153	705
2064	10	30	13	0.0104	50	1	1	7.42196	0.9838	0.0030806	20.797	0	0.045201	0.25505	20.496	4984.1	98000	0.9869	0.0024809	20.455	0	0	0	2	0	0	0	6	26	78	888
2107	10	30	14	0.0104	50	1	1	8.43213	0.9718	0.0055103	13.96	0	0.038722	0.22662	13.693	3221.7	98000	0.9749	0.006006	13.547	0	0	0	0	2	3	3	20	36	111	825
2150	10	30	15	0.0104	50	1	1	8.83033	0.9502	0.010751	9.1206	0	0.052671	0.16554	8.9014	2027.3	98000	0.956	0.0091131	8.9589	0	0	0	2	5	6	18	22	61	164	722
2193	10	40	13	0.0104	50	1	1	10.0764	0.9869	0.0025409	23.917	0	0.051987	0.334	23.529	5842.1	98000	0.9893	0.0018173	26.012	0	0	0	1	0	0	3	5	16	65	910
2236	10	40	14	0.0104	50	1	1	10.3032	0.9767	0.0046518	16.48	0	0.050918	0.27897	16.148	3819.2	98000	0.982	0.0033994	15.029	0	0	1	0	0	0	8	11	34	92	854
2279	10	40	15	0.0104	50	1	1	11.3228	0.9636	0.0067017	10.511	0	0.059298	0.21301	10.238	2435.9	98000	0.9697	0.0067186	10.411	0	0	0	0	1	2	12	20	52	136	777
2322	10	50	13	0.0104	50	1	1	13.5441	0.9913	0.0014157	28.98	0	0.074387	0.36173	28.542	6573.5	98000	0.9918	0.0011339	26.922	0	0	0	0	0	0	2	3	10	50	935
2365	10	50	14	0.0104	50	1	1	13.6931	0.9832	0.0030208	18.045	0	0.059024	0.35086	17.633	4359.2	98000	0.9874	0.0021033	16.995	0	0	0	1	0	0	2	9	21	84	883
2408	10	50	15	0.0104	50	1	1	14.9495	0.9706	0.0061218	11.919	0	0.069283	0.2338	11.615	2792.4	98000	0.9778	0.0045517	12.06	0	0	1	0	1	3	7	15	42	108	823
2451	10	60	13	0.0104	50	1	1	17.7988	0.9926	0.0011264	29.79	0	0.060669	0.41959	29.308	7242.6	98000	0.9936	0.0011001	28.964	0	0	0	0	0	0	1	1	13	41	944
2494	10	60	14	0.0104	50	1	1	20.1642	0.989	0.0018609	20.37	0	0.076026	0.39503	19.896	4820.5	98000	0.9895	0.0016014	19.902	0	0	0	0	0	1	1	5	13	60	920
2537	10	60	15	0.0104	50	1	1	24.3789	0.9762	0.0052188	14.034	0	0.088252	0.34692	13.597	3115.4	98000	0.978	0.0045806	12.637	1	0	0	0	1	3	1	17	23	106	848
2580	10	70	13	0.0104	50	1	1	19.9884	0.9937	0.0008912	32.756	0	0.083212	0.46737	32.204	7816.8	98000	0.9948	0.00067363	30.857	0	0	0	0	0	0	1	1	6	44	948
2623	10	70	14	0.0104	50	1	1	22.8151	0.9881	0.0022506	23.22	0	0.10796	0.42271	22.687	5253.2	98000	0.9901	0.0017738	21.622	0	0	0	0	0	2	1	6	16	55	920
2666	10	70	15	0.0104	50	1	1	25.4264	0.9812	0.0029895	15.441	0	0.097763	0.39882	14.943	3416.8	98000	0.984	0.0027267	14.034	0	0	0	0	0	1	3	7	24	102	863
2709	10	80	13	0.0104	50	1	1	21.3969	0.994	0.0012052	35.566	0	0.087687	0.54558	34.931	8365.7	98000	0.9937	0.00095126	33.636	0	0	0	1	0	0	0	1	8	34	956
2752	10	80	14	0.0104	50	1	1	22.293	0.9924	0.0012635	24.425	0	0.087772	0.45406	23.881	5642.2	98000	0.9907	0.0015651	22.602	0	0	0	0	0	0	1	3	13	37	946
2795	10	80	15	0.0104	50	1	1	27.8709	0.9828	0.0035277	16.977	0	0.11725	0.41278	16.445	3694.4	98000	0.9865	0.00229	15.824	0	0	0	0	1	1	4	11	23	66	894
2838	10	90	13	0.0104	50	1	1	22.4933	0.996	0.00056456	35.615	0	0.075468	0.59415	34.944	8880.0	98000	0.996	0.00048448	34.786	0	0	0	0	0	0	1	0	3	30	966
2881	10	90	14	0.0104	50	1	1	24.0371	0.9911	0.0019127	24.562	0	0.086684	0.54921	23.923	6023.3	98000	0.9923	0.0012319	23.448	0	0	0	1	0	2	0	1	11	47	938
2924	10	90	15	0.0104	50	1	1	28.2864	0.9846	0.0027256	16.782	0	0.10589	0.51545	16.159	3955.2	98000	0.9872	0.0025187	15.629	0	0	0	0	0	1	2	10	19	73	895
2967	10	100	13	0.0104	50	1	1	25.1904	0.9954	0.00063948	38.918	0	0.11476	0.6439	38.157	9352.0	98000	0.9966	0.00036881	38.45	0	0	0	0	0	0	0	2	4	32	962
3010	10	100	14	0.0104	50	1	1	27.4743	0.9932	0.0010148	26.841	0	0.096693	0.46484	26.278	6353.0	98000	0.9941	0.00083603	26.713	0	0	0	0	0	0	0	4	7	42	947
3053	10	100	15	0.0104	50	1	1	30.8143	0.986	0.0024264	18.124	0	0.118	0.41463	17.59	4192.7	98000	0.9897	0.0016856	17.975	0	0	0	0	0	1	2	6	21	67	903
