	k	n_trees	depth	sparsity	v	build_time	recall	var_recall	query_time	cs_size	val_recall	val_var_recall	val_query_time	r0	r1	r2	r3	r4	r5	r6	r7	r8	r9	r10
0	10	1	6	0.0104	1	0.0966505	0.1776	0.044783	5.0473	1531.2	0.1862	0.049639	5.2567	362	231	144	79	67	36	30	29	13	5	4
1	10	1	7	0.0104	1	0.0953074	0.1373	0.032952	2.4008	765.61	0.1316	0.033755	2.4018	435	227	149	75	42	22	26	14	3	3	4
2	10	1	8	0.0104	1	0.168373	0.0912	0.021744	1.2246	382.79	0.0921	0.021029	1.3336	572	202	111	50	29	13	16	2	1	1	3
3	10	1	9	0.0104	1	0.30152	0.0641	0.012574	0.62555	191.4	0.0635	0.011669	0.62684	643	202	86	35	18	9	5	1	1	0	0
4	10	1	10	0.0104	1	0.575184	0.0447	0.007099	0.32865	95.681	0.0462	0.008474	0.3275	709	186	73	18	9	5	0	0	0	0	0
5	10	1	11	0.0104	1	1.00668	0.0311	0.0048076	0.17886	47.873	0.0317	0.0060912	0.17751	780	158	41	17	1	2	1	0	0	0	0
6	10	1	12	0.0104	1	1.39732	0.0219	0.0031736	0.10307	23.931	0.0233	0.003891	0.10139	836	124	28	9	3	0	0	0	0	0	0
7	10	5	6	0.0104	1	0.14658	0.5291	0.082065	21.614	6612.0	0.5297	0.087656	21.316	32	73	93	111	121	97	113	89	99	83	89
12	10	5	7	0.0104	1	0.223503	0.4004	0.081521	13.715	3406.5	0.4067	0.081807	11.141	99	123	135	149	113	85	75	70	53	57	41
17	10	5	8	0.0104	1	0.267064	0.3147	0.06616	6.637	1763.9	0.3097	0.068605	6.5642	140	187	159	147	104	64	66	50	43	25	15
22	10	5	9	0.0104	1	0.440491	0.2306	0.050875	3.7911	909.66	0.2329	0.055523	3.7771	246	226	149	129	90	45	49	30	22	10	4
27	10	5	10	0.0104	1	0.902762	0.1733	0.038195	3.1904	458.73	0.1735	0.039587	1.8845	332	254	151	101	58	41	28	18	11	5	1
32	10	5	11	0.0104	1	1.44883	0.1215	0.026374	1.3403	231.99	0.1205	0.025735	1.151	447	263	120	73	48	23	9	10	3	2	2
37	10	5	12	0.0104	1	2.01379	0.0826	0.015513	0.62987	117.17	0.088	0.016472	0.57355	558	228	123	48	24	10	6	1	0	1	1
42	10	10	6	0.0104	1	0.124648	0.6728	0.072152	39.483	11005.0	0.6715	0.075934	38.356	19	22	40	61	80	92	116	109	130	146	185
52	10	10	7	0.0104	1	0.223242	0.5596	0.085613	26.239	6053.4	0.5535	0.084853	20.276	40	65	71	93	107	102	102	119	97	89	115
62	10	10	8	0.0104	1	0.43769	0.4579	0.079237	11.92	3306.6	0.4496	0.077657	11.705	62	92	123	116	122	124	96	84	61	67	53
72	10	10	9	0.0104	1	0.683696	0.3512	0.074353	7.1325	1711.3	0.3494	0.069109	7.0457	118	165	157	133	107	88	64	56	41	48	23
82	10	10	10	0.0104	1	1.24288	0.2651	0.05801	4.0277	884.92	0.2618	0.056257	3.1215	189	214	186	117	76	79	47	37	30	16	9
92	10	10	11	0.0104	1	2.00206	0.2011	0.042371	2.0612	450.33	0.1887	0.042104	2.0186	277	241	165	104	82	59	37	12	11	9	3
102	10	10	12	0.0104	1	2.61849	0.1404	0.028476	1.1069	229.69	0.1342	0.027698	0.9756	397	240	159	89	58	25	16	8	4	2	2
112	10	25	6	0.0104	1	0.347261	0.8327	0.044405	68.324	20178.0	0.8222	0.051419	67.982	4	9	11	19	29	40	52	95	138	188	415
130	10	25	7	0.0104	1	0.607471	0.7566	0.057154	46.588	12447.0	0.7464	0.059647	45.454	5	15	19	36	52	69	93	126	141	156	288
148	10	25	8	0.0104	1	0.89385	0.6637	0.068381	27.26	7025.4	0.648	0.075672	27.21	6	31	44	65	86	93	114	125	127	151	158
166	10	25	9	0.0104	1	1.87115	0.5468	0.072963	16.202	3833.5	0.5378	0.077989	15.211	28	58	75	99	108	131	127	108	105	92	69
184	10	25	10	0.0104	1	2.86148	0.4422	0.074093	8.8143	2037.9	0.4357	0.078774	8.0412	56	99	129	142	119	110	96	88	66	57	38
202	10	25	11	0.0104	1	4.4418	0.3488	0.067806	5.3661	1058.0	0.3355	0.067017	4.9698	111	164	152	127	127	97	69	61	40	35	17
220	10	25	12	0.0104	1	5.3298	0.2641	0.051513	2.3011	546.29	0.253	0.052664	2.3003	178	219	168	119	110	73	56	49	11	13	4
238	10	50	6	0.0104	1	0.528869	0.8994	0.03009	112.97	29255.0	0.8919	0.033318	112.48	2	6	6	10	11	21	31	58	87	171	597
256	10	50	7	0.0104	1	0.982796	0.8541	0.040023	75.57	19009.0	0.8421	0.043601	74.492	3	10	8	17	17	32	54	75	134	185	465
274	10	50	8	0.0104	1	1.76252	0.7833	0.04892	46.988	11658.0	0.7771	0.053159	45.662	2	11	12	32	37	67	85	111	146	206	291
292	10	50	9	0.0104	1	3.3091	0.6965	0.063201	27.817	6697.0	0.6849	0.066068	26.541	10	19	37	36	72	104	113	128	137	154	190
310	10	50	10	0.0104	1	5.80088	0.5878	0.070982	17.259	3691.8	0.5776	0.075394	14.822	16	41	62	103	106	102	130	131	102	113	94
328	10	50	11	0.0104	1	9.39838	0.478	0.07373	8.6676	1957.9	0.4638	0.077267	8.9316	45	94	99	111	131	120	103	104	90	65	38
346	10	50	12	0.0104	1	12.0127	0.3757	0.068048	4.6303	1031.4	0.3683	0.069615	4.5639	97	127	142	161	111	102	91	65	45	42	17
364	10	75	6	0.0104	1	0.787755	0.9125	0.027982	131.42	33509.0	0.8992	0.033673	130.82	2	4	9	9	9	15	25	53	74	148	652
382	10	75	7	0.0104	1	1.50594	0.8856	0.032825	93.059	23321.0	0.8764	0.037901	97.736	3	4	9	14	9	27	31	68	102	187	546
400	10	75	8	0.0104	1	2.54169	0.8362	0.041171	56.242	14992.0	0.8308	0.043435	54.93	3	7	14	15	24	31	65	92	149	195	405
418	10	75	9	0.0104	1	4.60279	0.7634	0.052653	36.812	8976.0	0.7498	0.057818	35.433	2	13	25	33	37	71	79	136	148	201	255
436	10	75	10	0.0104	1	7.63515	0.6735	0.064012	21.047	5098.0	0.6575	0.067411	19.816	9	30	35	47	82	96	111	147	146	147	150
454	10	75	11	0.0104	1	12.8203	0.5554	0.072003	12.318	2772.6	0.5549	0.075031	12.315	28	48	81	88	112	122	126	132	101	86	76
472	10	75	12	0.0104	1	15.861	0.4615	0.069477	6.4785	1481.8	0.4475	0.073287	6.4496	44	91	114	122	137	118	113	86	96	46	33
490	10	100	6	0.0104	1	1.05455	0.925	0.02506	141.09	37128.0	0.9189	0.027741	119.31	3	3	7	10	5	10	26	38	64	141	693
508	10	100	7	0.0104	1	1.76097	0.901	0.029989	104.8	26635.0	0.894	0.034579	104.34	2	5	7	8	14	23	28	54	89	162	608
526	10	100	8	0.0104	1	3.11344	0.8652	0.035945	69.093	17733.0	0.8623	0.039889	68.663	2	7	8	13	20	26	45	80	121	198	480
544	10	100	9	0.0104	1	5.61338	0.8132	0.042728	44.902	10976.0	0.804	0.047632	43.147	2	7	16	15	25	57	74	100	151	219	334
562	10	100	10	0.0104	1	9.87136	0.7172	0.057562	27.316	6349.4	0.7095	0.064424	25.156	6	16	23	47	61	83	119	124	152	178	191
580	10	100	11	0.0104	1	16.1471	0.6216	0.067741	15.173	3513.6	0.6122	0.071823	15.071	13	29	50	79	104	113	127	132	115	117	121
598	10	100	12	0.0104	1	21.3363	0.5191	0.072037	8.8788	1901.7	0.504	0.07584	8.4805	28	63	87	123	134	108	114	114	94	75	60
616	10	125	6	0.0104	1	1.30763	0.927	0.023935	154.38	38931.0	0.917	0.02872	159.6	2	4	7	8	6	9	24	35	70	140	695
634	10	125	7	0.0104	1	2.25915	0.9106	0.028056	103.56	28852.0	0.9038	0.032258	102.52	3	4	7	8	10	19	28	41	80	166	634
652	10	125	8	0.0104	1	4.08676	0.8878	0.031443	86.944	19950.0	0.8778	0.035423	67.045	3	5	8	10	10	21	44	50	116	190	543
670	10	125	9	0.0104	1	6.74559	0.832	0.041497	49.939	12610.0	0.827	0.044856	48.854	3	7	11	17	29	35	60	102	141	203	392
688	10	125	10	0.0104	1	12.1114	0.7626	0.051953	30.657	7460.5	0.752	0.055752	30.457	7	8	19	35	47	55	90	132	165	192	250
706	10	125	11	0.0104	1	19.9439	0.6621	0.0661	17.579	4197.3	0.6516	0.067325	17.187	9	36	31	59	76	106	132	128	137	132	154
724	10	125	12	0.0104	1	26.9368	0.5599	0.071233	10.04	2295.9	0.549	0.077416	10.188	22	55	71	94	119	113	116	129	112	106	63
742	10	150	6	0.0104	1	1.55047	0.9304	0.023479	158.29	40686.0	0.9191	0.028654	157.66	2	4	7	7	6	10	22	36	60	133	713
760	10	150	7	0.0104	1	2.76978	0.9192	0.026077	124.27	31093.0	0.9122	0.029721	121.88	2	4	9	9	6	7	34	38	72	152	667
778	10	150	8	0.0104	1	4.70254	0.8978	0.028544	85.401	21826.0	0.8869	0.034273	84.535	2	6	7	8	5	19	40	51	109	180	573
796	10	150	9	0.0104	1	8.30347	0.8542	0.03734	55.802	14103.0	0.8536	0.039887	54.727	2	9	8	13	20	31	50	80	138	211	438
814	10	150	10	0.0104	1	13.6879	0.7824	0.04962	35.647	8432.9	0.7739	0.052461	33.104	4	12	20	29	30	57	75	115	162	231	265
832	10	150	11	0.0104	1	23.2961	0.6994	0.059019	19.649	4847.9	0.6859	0.063194	18.967	7	20	32	41	62	94	117	151	146	158	172
850	10	150	12	0.0104	1	31.1008	0.5976	0.070885	11.466	2666.6	0.5891	0.073204	11.493	15	44	66	76	106	116	117	110	140	124	86
868	10	200	6	0.0104	1	2.00485	0.934	0.022827	167.18	43031.0	0.9239	0.027286	166.67	2	4	7	7	6	7	24	30	57	128	728
886	10	200	7	0.0104	1	3.57596	0.9247	0.024504	136.28	34178.0	0.9185	0.028236	142.53	2	4	7	10	5	9	21	43	71	141	687
904	10	200	8	0.0104	1	5.88274	0.9065	0.027735	101.78	24630.0	0.8981	0.032739	106.15	2	4	8	7	11	18	27	51	90	169	613
922	10	200	9	0.0104	1	9.93568	0.8767	0.0328	68.284	16494.0	0.8679	0.038318	65.009	2	4	13	10	8	26	47	65	117	208	500
940	10	200	10	0.0104	1	16.8748	0.8208	0.04269	45.331	10279.0	0.8155	0.046496	42.18	4	5	16	17	27	42	60	114	150	206	359
958	10	200	11	0.0104	1	30.5004	0.7451	0.051808	24.383	5995.9	0.7393	0.056382	23.4	3	10	26	37	44	67	113	132	158	199	211
976	10	200	12	0.0104	1	41.1718	0.6536	0.06319	14.665	3367.2	0.6393	0.069015	13.954	10	29	37	74	65	109	114	147	150	157	108
994	10	250	6	0.0104	1	2.43202	0.9341	0.02273	175.35	45020.0	0.9269	0.026513	174.57	2	4	7	7	5	8	22	33	60	121	731
1012	10	250	7	0.0104	1	4.42059	0.9284	0.023957	145.31	36486.0	0.922	0.027363	151.65	2	4	7	9	6	9	23	29	71	139	701
1030	10	250	8	0.0104	1	6.93561	0.9148	0.026207	109.75	27159.0	0.9103	0.029393	107.9	2	4	8	7	10	12	27	42	83	163	642
1048	10	250	9	0.0104	1	12.2963	0.8878	0.031543	76.342	18527.0	0.8828	0.035019	73.461	3	5	8	12	10	17	41	61	104	199	540
1066	10	250	10	0.0104	1	21.0603	0.8448	0.038892	50.717	11748.0	0.837	0.043154	46.872	2	6	13	14	17	43	59	74	146	209	417
1084	10	250	11	0.0104	1	37.7296	0.775	0.049104	30.126	7016.2	0.7671	0.05242	28.147	3	10	24	21	46	53	81	125	170	211	256
1102	10	250	12	0.0104	1	50.6591	0.6913	0.060074	16.972	4006.1	0.676	0.064388	16.553	8	20	25	54	80	92	107	124	174	161	155
1120	10	300	6	0.0104	1	2.88645	0.9348	0.023232	171.54	46392.0	0.928	0.026102	149.36	2	4	7	7	8	6	25	29	53	120	739
1138	10	300	7	0.0104	1	4.85984	0.9331	0.022937	136.63	38263.0	0.9246	0.026782	122.75	2	4	7	7	6	7	23	32	64	121	727
1156	10	300	8	0.0104	1	8.33753	0.9221	0.025247	116.4	28924.0	0.9136	0.028804	113.97	2	4	8	8	6	12	25	41	66	152	676
1174	10	300	9	0.0104	1	14.4445	0.8991	0.028938	82.299	20213.0	0.8941	0.032328	79.205	2	6	6	9	9	20	31	59	89	191	578
1192	10	300	10	0.0104	1	25.4913	0.8624	0.035902	53.83	13054.0	0.8523	0.040936	53.316	4	4	11	13	17	29	48	60	134	234	446
1210	10	300	11	0.0104	1	44.8677	0.7974	0.045799	31.752	7934.7	0.792	0.049025	30.98	4	5	20	23	27	57	78	107	160	220	299
1228	10	300	12	0.0104	1	61.9878	0.7206	0.056572	20.594	4600.7	0.7167	0.058209	20.262	6	14	33	36	60	75	111	135	157	194	179
1246	10	350	6	0.0104	1	3.37085	0.9361	0.02285	188.59	47245.0	0.9278	0.025993	187.14	2	4	7	7	7	8	20	30	54	118	743
1264	10	350	7	0.0104	1	5.62974	0.9327	0.023004	165.03	39469.0	0.9246	0.027042	149.16	2	4	7	7	6	7	25	31	59	130	722
1282	10	350	8	0.0104	1	9.24334	0.9246	0.0247	123.39	30420.0	0.9156	0.028605	120.68	2	4	8	7	8	7	27	40	64	146	687
1300	10	350	9	0.0104	1	16.1129	0.9058	0.027294	86.778	21733.0	0.8998	0.031592	84.376	2	4	9	8	9	13	32	42	99	187	595
1318	10	350	10	0.0104	1	28.794	0.8759	0.032942	56.412	14291.0	0.8663	0.038313	55.635	3	3	11	8	14	30	44	65	107	221	494
1336	10	350	11	0.0104	1	52.5625	0.8232	0.042745	37.609	8821.9	0.8146	0.044071	35.511	2	7	19	18	24	36	63	112	128	239	352
1354	10	350	12	0.0104	1	71.9813	0.7483	0.054612	23.06	5155.8	0.7358	0.056175	21.265	4	13	23	35	53	75	88	130	147	202	230
1372	10	400	6	0.0104	1	3.71948	0.9363	0.022615	195.16	48080.0	0.9284	0.025959	190.36	2	4	7	7	6	7	22	29	58	114	744
1390	10	400	7	0.0104	1	6.31618	0.9339	0.022784	162.63	40646.0	0.9254	0.026301	175.81	2	4	7	8	4	8	22	31	63	122	729
1408	10	400	8	0.0104	1	10.8182	0.9269	0.02391	125.11	31805.0	0.9171	0.028006	123.44	2	4	7	8	5	11	22	37	70	139	695
1426	10	400	9	0.0104	1	17.8773	0.9134	0.026687	95.498	23068.0	0.9033	0.03051	90.934	2	4	9	8	6	14	29	47	76	167	638
1444	10	400	10	0.0104	1	33.0742	0.8803	0.031854	65.853	15392.0	0.8768	0.034696	61.404	3	5	7	11	11	23	38	73	125	187	517
1462	10	400	11	0.0104	1	61.3638	0.8339	0.039901	42.304	9589.6	0.8286	0.044807	38.605	3	5	13	16	25	30	69	106	120	236	377
1480	10	400	12	0.0104	1	82.7762	0.7588	0.050393	24.239	5678.5	0.7485	0.054012	23.682	3	12	21	27	51	62	91	139	150	220	224
1498	10	500	6	0.0104	1	4.51477	0.9367	0.022566	198.07	49422.0	0.9294	0.025821	204.57	2	4	7	7	6	7	22	29	55	116	745
1516	10	500	7	0.0104	1	7.40081	0.9339	0.023004	166.54	42389.0	0.9265	0.026554	165.35	2	4	7	7	7	7	21	34	57	123	731
1534	10	500	8	0.0104	1	12.0213	0.9304	0.023559	137.1	34018.0	0.9231	0.026763	134.19	2	4	8	7	5	9	23	34	61	136	711
1552	10	500	9	0.0104	1	22.921	0.9175	0.02607	98.882	25219.0	0.912	0.029025	98.035	2	4	8	10	5	11	31	41	68	167	653
1570	10	500	10	0.0104	1	40.103	0.8931	0.029732	71.519	17171.0	0.8864	0.033829	67.091	2	5	6	10	13	18	34	65	100	187	560
1588	10	500	11	0.0104	1	73.6346	0.8538	0.035141	46.779	10966.0	0.8466	0.042351	46.806	2	5	10	9	26	28	47	85	147	221	420
1606	10	500	12	0.0104	1	103.005	0.7927	0.046323	29.033	6636.5	0.7826	0.050588	26.887	4	10	18	19	30	58	73	118	161	228	281
