	k	n_trees	depth	sparsity	k_build	b	v	build_time	recall	var_recall	query_time	projection_time	traversal_time	vote_time	exact_time	cs_size	n_train	val_recall	val_var_recall	val_query_time	r0	r1	r2	r3	r4	r5	r6	r7	r8	r9	r10
0	10	10	13	0.0104	10	1	1	3.48774	0.9312	0.011218	2.3057	0	0.090227	0.037034	2.1781	540.45	98000	0.9315	0.01239	2.4228	0	0	0	0	5	8	16	35	97	255	584
43	10	10	14	0.0104	10	1	1	4.36674	0.8859	0.020352	1.392	0	0.08668	0.033309	1.2717	322.77	98000	0.894	0.018963	1.3723	0	0	2	1	8	27	36	91	141	236	458
86	10	10	15	0.0104	10	1	1	4.54782	0.8223	0.029322	0.85907	0	0.087354	0.037694	0.73372	190.96	98000	0.8286	0.02775	0.81682	0	0	3	10	23	45	85	121	193	231	289
129	10	15	13	0.0104	10	1	1	4.12075	0.9582	0.0065193	3.2327	0	0.13507	0.050411	3.0467	720.63	98000	0.9618	0.0070878	3.4799	0	0	0	1	1	1	6	19	65	189	718
172	10	15	14	0.0104	10	1	1	4.71366	0.9272	0.013253	1.8926	0	0.13824	0.039655	1.7143	436.04	98000	0.932	0.012028	2.0634	0	0	1	1	3	8	20	58	95	211	603
215	10	15	15	0.0104	10	1	1	5.31621	0.8753	0.020941	1.2433	0	0.13323	0.044241	1.0655	260.25	98000	0.8808	0.019991	1.1968	0	0	1	4	9	25	44	97	148	269	403
258	10	20	13	0.0104	10	1	1	4.49674	0.9712	0.0045751	3.6196	0	0.14224	0.063683	3.4133	876.2	98000	0.9695	0.0050648	3.6932	0	0	0	0	0	4	0	13	47	135	801
301	10	20	14	0.0104	10	1	1	5.20532	0.9476	0.008723	2.5414	0	0.21076	0.042404	2.2878	534.64	98000	0.9495	0.0089487	2.5755	0	0	0	0	3	4	11	29	73	209	671
344	10	20	15	0.0104	10	1	1	5.90485	0.9119	0.014563	1.5904	0	0.19983	0.040036	1.3502	321.45	98000	0.915	0.01501	1.6394	0	0	1	2	3	10	27	60	118	267	512
387	10	25	13	0.0104	10	1	1	5.31385	0.9752	0.0041291	4.2844	0	0.18685	0.066938	4.0301	1018.1	98000	0.9794	0.0029986	4.351	0	0	0	0	1	1	4	12	28	129	825
430	10	25	14	0.0104	10	1	1	5.8866	0.9556	0.0067554	2.6616	0	0.19589	0.055819	2.4095	622.36	98000	0.9606	0.0065742	2.6792	0	0	0	0	1	3	4	28	61	201	702
473	10	25	15	0.0104	10	1	1	6.66515	0.9308	0.011703	1.8672	0	0.23867	0.039635	1.5886	376.86	98000	0.934	0.011816	1.9719	0	0	0	1	3	8	19	42	92	241	594
516	10	30	13	0.0104	10	1	1	6.06256	0.9832	0.00222	4.8487	0	0.23258	0.093799	4.5217	1145.9	98000	0.9809	0.0032084	5.0739	0	0	0	0	0	0	1	5	20	109	865
559	10	30	14	0.0104	10	1	1	6.87067	0.9686	0.004959	3.3352	0	0.24694	0.067323	3.0205	703.96	98000	0.9682	0.0048536	3.5766	0	0	0	0	0	3	5	14	38	161	779
602	10	30	15	0.0104	10	1	1	7.74166	0.9429	0.0092789	1.9201	0	0.24553	0.072223	1.602	427.39	98000	0.9436	0.010129	2.0875	0	0	0	0	3	6	8	33	89	214	647
645	10	40	13	0.0104	10	1	1	8.1683	0.989	0.0014004	5.9686	0	0.41839	0.15418	5.3951	1366.5	98000	0.9891	0.0017129	5.7767	0	0	0	0	0	0	2	0	9	84	905
688	10	40	14	0.0104	10	1	1	8.92184	0.9781	0.0032536	3.7982	0	0.38298	0.092782	3.322	850.62	98000	0.9783	0.0035627	3.7141	0	0	0	0	0	2	2	5	30	126	835
731	10	40	15	0.0104	10	1	1	10.2005	0.9601	0.0062442	2.557	0	0.38812	0.065559	2.1028	521.12	98000	0.9615	0.006274	2.5155	0	0	0	0	0	4	6	22	50	189	729
774	10	50	13	0.0104	10	1	1	10.6902	0.9906	0.0012329	6.8481	0	0.45885	0.15326	6.235	1568.4	98000	0.9914	0.0012673	6.7292	0	0	0	0	0	0	0	3	10	65	922
817	10	50	14	0.0104	10	1	1	11.0435	0.98	0.003023	5.1542	0	0.55864	0.097045	4.4978	977.34	98000	0.985	0.002037	4.6881	0	0	0	0	0	1	2	6	31	107	853
860	10	50	15	0.0104	10	1	1	12.7502	0.9678	0.0047479	3.3419	0	0.64605	0.074689	2.6207	604.16	98000	0.9693	0.0052528	3.5401	0	0	0	0	0	1	5	15	43	166	770
903	10	60	13	0.0104	10	1	1	13.9303	0.9935	0.00076852	8.7582	0	0.70406	0.25408	7.7985	1745.6	98000	0.9929	0.0010206	8.2703	0	0	0	0	0	0	0	1	5	52	942
946	10	60	14	0.0104	10	1	1	15.554	0.9856	0.0020547	5.5501	0	0.63227	0.17953	4.7376	1096.0	98000	0.9887	0.0015439	5.5003	0	0	0	0	0	0	1	5	20	85	889
989	10	60	15	0.0104	10	1	1	17.3661	0.9753	0.0033433	3.6473	0	0.66105	0.14277	2.843	680.52	98000	0.975	0.0041992	3.5729	0	0	0	0	0	0	2	8	38	139	813
1032	10	70	13	0.0104	10	1	1	15.8208	0.994	0.00074474	9.5212	0	0.80325	0.29316	8.4235	1903.7	98000	0.9943	0.00095847	8.9302	0	0	0	0	0	0	0	1	6	45	948
1075	10	70	14	0.0104	10	1	1	15.8123	0.9888	0.001456	5.9301	0	0.78361	0.17427	4.9713	1205.4	98000	0.9884	0.001607	6.0962	0	0	0	0	0	0	1	3	8	83	905
1118	10	70	15	0.0104	10	1	1	19.5674	0.9776	0.0034817	4.5253	0	0.9237	0.2512	3.3498	751.72	98000	0.9789	0.0031079	4.2414	0	0	0	0	0	2	2	11	22	129	834
1161	10	80	13	0.0104	10	1	1	17.1439	0.9959	0.00047366	10.29	0	0.9307	0.30898	9.0488	2059.0	98000	0.9958	0.00058294	9.5963	0	0	0	0	0	0	0	1	1	36	962
1204	10	80	14	0.0104	10	1	1	17.8601	0.9908	0.0010164	7.2035	0	1.0591	0.27327	5.8703	1303.8	98000	0.9903	0.0013973	6.7332	0	0	0	0	0	0	0	0	9	74	917
1247	10	80	15	0.0104	10	1	1	20.5768	0.9801	0.0028168	4.7958	0	0.89056	0.23973	3.665	815.74	98000	0.984	0.0020661	4.5692	0	0	0	0	0	0	2	6	31	111	850
1290	10	90	13	0.0104	10	1	1	18.6207	0.9969	0.00040079	9.9114	0	0.83794	0.27251	8.7997	2205.8	98000	0.9964	0.00044749	10.409	0	0	0	0	0	0	0	1	2	24	973
1333	10	90	14	0.0104	10	1	1	19.5955	0.9927	0.00087759	6.8658	0	0.93213	0.26656	5.6661	1400.5	98000	0.9918	0.0011339	6.4869	0	0	0	0	0	0	0	2	4	59	935
1376	10	90	15	0.0104	10	1	1	22.7633	0.9861	0.0019187	4.6101	0	0.9515	0.15212	3.5058	879.22	98000	0.9857	0.0021276	4.3789	0	0	0	0	0	0	1	4	18	87	890
1419	10	100	13	0.0104	10	1	1	17.8665	0.997	0.00035135	11.87	0	1.158	0.32399	10.386	2325.3	98000	0.9972	0.00039255	11.941	0	0	0	0	0	0	0	0	3	24	973
1462	10	100	14	0.0104	10	1	1	19.6417	0.9938	0.00078234	7.6828	0	1.0868	0.20147	6.3929	1486.2	98000	0.9931	0.0010034	7.5035	0	0	0	0	0	0	0	1	7	45	947
1505	10	100	15	0.0104	10	1	1	23.4206	0.9865	0.0018096	4.8555	0	0.99725	0.2263	3.6313	936.89	98000	0.9867	0.001915	5.3343	0	0	0	0	0	0	0	7	11	92	890
1548	10	10	13	0.0104	50	1	1	4.34892	0.987	0.0021932	6.6777	0	0.10077	0.098085	6.4781	1603.7	98000	0.989	0.0020611	7.4501	0	0	0	0	0	0	3	4	23	60	910
1591	10	10	14	0.0104	50	1	1	5.34313	0.9795	0.0035333	4.5771	0	0.11998	0.070465	4.3859	1059.3	98000	0.9816	0.0043858	4.7903	0	0	0	0	0	0	7	8	29	95	861
1634	10	10	15	0.0104	50	1	1	6.02108	0.9643	0.0063018	2.9056	0	0.11471	0.045948	2.7445	682.73	98000	0.967	0.0062372	3.0045	0	0	0	0	1	1	10	21	52	139	776
1677	10	15	13	0.0104	50	1	1	4.8821	0.9948	0.00079375	9.4999	0	0.17505	0.13405	9.1895	2034.5	98000	0.9938	0.0012028	8.8273	0	0	0	0	0	0	1	0	9	30	960
1720	10	15	14	0.0104	50	1	1	5.41622	0.9881	0.0018903	5.6753	0	0.17002	0.1016	5.4029	1353.1	98000	0.9881	0.0027912	5.6796	0	0	0	0	0	1	2	2	14	72	909
1763	10	15	15	0.0104	50	1	1	6.86235	0.9791	0.0036368	4.0771	0	0.20229	0.090879	3.7835	884.19	98000	0.9788	0.0042949	4.0341	0	0	0	0	2	0	1	11	30	100	856
1806	10	20	13	0.0104	50	1	1	5.92396	0.9953	0.00060852	11.475	0	0.22711	0.16972	11.077	2379.2	98000	0.9938	0.0010226	10.221	0	0	0	0	0	0	0	1	5	34	960
1849	10	20	14	0.0104	50	1	1	6.32777	0.993	0.00095195	7.5164	0	0.30528	0.14539	7.0649	1591.8	98000	0.9924	0.0010032	6.8379	0	0	0	0	0	0	0	2	9	46	943
1892	10	20	15	0.0104	50	1	1	7.56057	0.9852	0.0023233	4.5019	0	0.22394	0.10784	4.1696	1050.2	98000	0.9866	0.0024229	4.438	0	0	0	0	0	0	3	5	20	81	891
1935	10	25	13	0.0104	50	1	1	6.4452	0.9971	0.00038197	11.874	0	0.30529	0.20952	11.358	2674.6	98000	0.9962	0.00052609	11.687	0	0	0	0	0	0	0	1	2	22	975
1978	10	25	14	0.0104	50	1	1	7.35308	0.9942	0.00068705	8.7759	0	0.36032	0.17907	8.2351	1807.1	98000	0.9936	0.00089994	7.9744	0	0	0	0	0	0	0	0	7	44	949
2021	10	25	15	0.0104	50	1	1	8.89088	0.9917	0.0011423	5.6232	0	0.30737	0.094599	5.2205	1190.3	98000	0.9901	0.0015736	5.8581	0	0	0	0	0	0	0	4	7	57	932
2064	10	30	13	0.0104	50	1	1	7.21111	0.998	0.00021622	11.921	0	0.32302	0.22554	11.371	2942.1	98000	0.9972	0.00039255	11.608	0	0	0	0	0	0	0	0	1	18	981
2107	10	30	14	0.0104	50	1	1	7.91789	0.9951	0.00056656	9.0893	0	0.3626	0.18075	8.5447	1994.2	98000	0.9965	0.00041817	9.067	0	0	0	0	0	0	0	0	5	39	956
2150	10	30	15	0.0104	50	1	1	9.85337	0.9932	0.00081457	6.1826	0	0.37401	0.10894	5.6988	1322.3	98000	0.9903	0.0017577	6.2213	0	0	0	0	0	0	0	0	9	50	941
2193	10	40	13	0.0104	50	1	1	9.69526	0.9991	8.9279e-05	15.812	0	0.46414	0.26056	15.085	3393.4	98000	0.9983	0.00022734	15.022	0	0	0	0	0	0	0	0	0	9	991
2236	10	40	14	0.0104	50	1	1	10.4569	0.9975	0.00028403	9.6899	0	0.44826	0.21104	9.0294	2314.2	98000	0.9961	0.00055535	9.5219	0	0	0	0	0	0	0	0	2	21	977
2279	10	40	15	0.0104	50	1	1	12.1967	0.9946	0.00081165	7.4891	0	0.57143	0.16469	6.7516	1548.6	98000	0.9943	0.00097849	7.2653	0	0	0	0	0	0	1	0	9	32	958
2322	10	50	13	0.0104	50	1	1	11.8402	0.9991	0.0001093	17.294	0	0.62193	0.37034	16.3	3781.9	98000	0.9986	0.0001582	16.167	0	0	0	0	0	0	0	0	1	7	992
2365	10	50	14	0.0104	50	1	1	13.3092	0.9985	0.00018794	11.038	0	0.5772	0.27232	10.186	2575.8	98000	0.9979	0.00024584	11.633	0	0	0	0	0	0	0	0	2	11	987
2408	10	50	15	0.0104	50	1	1	14.6067	0.9954	0.00067952	8.6905	0	0.70104	0.21347	7.7748	1750.2	98000	0.9955	0.00059034	8.4338	0	0	0	0	0	0	1	0	6	30	963
2451	10	60	13	0.0104	50	1	1	17.4666	0.9991	0.00012932	18.845	0	0.76079	0.49255	17.589	4101.9	98000	0.9994	5.97e-05	17.353	0	0	0	0	0	0	0	0	2	5	993
2494	10	60	14	0.0104	50	1	1	19.3166	0.9988	0.0001387	12.792	0	0.70948	0.33507	11.745	2823.6	98000	0.9986	0.0001582	13.059	0	0	0	0	0	0	0	0	1	10	989
2537	10	60	15	0.0104	50	1	1	20.9821	0.9968	0.00039015	9.4514	0	0.82299	0.28509	8.3421	1923.6	98000	0.9966	0.00048893	9.2541	0	0	0	0	0	0	0	0	4	24	972
2580	10	70	13	0.0104	50	1	1	18.5246	0.9994	5.97e-05	20.328	0	0.82204	0.52824	18.975	4409.2	98000	0.9991	0.0001093	19.396	0	0	0	0	0	0	0	0	0	6	994
2623	10	70	14	0.0104	50	1	1	20.9577	0.9995	4.98e-05	14.883	0	0.89176	0.36079	13.629	3032.9	98000	0.9984	0.00019764	13.872	0	0	0	0	0	0	0	0	0	5	995
2666	10	70	15	0.0104	50	1	1	23.6216	0.9986	0.00013818	10.511	0	1.0323	0.29674	9.1801	2080.6	98000	0.9977	0.00028499	10.87	0	0	0	0	0	0	0	0	0	14	986
2709	10	80	13	0.0104	50	1	1	19.7868	0.9998	1.998e-05	22.438	0	1.0819	0.49609	20.858	4676.5	98000	0.9994	7.972e-05	20.193	0	0	0	0	0	0	0	0	0	2	998
2752	10	80	14	0.0104	50	1	1	22.3416	0.999	0.00013914	16.028	0	1.1774	0.49826	14.35	3238.6	98000	0.9986	0.00013818	15.074	0	0	0	0	0	0	0	0	2	6	992
2795	10	80	15	0.0104	50	1	1	25.2076	0.9985	0.00016792	11.356	0	1.2122	0.47399	9.6677	2227.1	98000	0.9979	0.00028588	10.476	0	0	0	0	0	0	0	0	1	13	986
2838	10	90	13	0.0104	50	1	1	21.4379	0.9999	1e-05	23.146	0	1.068	0.64752	21.428	4922.1	98000	0.9995	4.98e-05	22.462	0	0	0	0	0	0	0	0	0	1	999
2881	10	90	14	0.0104	50	1	1	23.146	0.9995	4.98e-05	17.227	0	1.3223	0.44795	15.455	3426.3	98000	0.9989	0.0001089	16.554	0	0	0	0	0	0	0	0	0	5	995
2924	10	90	15	0.0104	50	1	1	27.6121	0.9984	0.00017762	10.704	0	1.1394	0.40062	9.1627	2352.3	98000	0.998	0.00027628	10.651	0	0	0	0	0	0	0	0	1	14	985
2967	10	100	13	0.0104	50	1	1	23.3029	0.9998	1.998e-05	21.481	0	0.9726	0.50893	19.998	5157.0	98000	0.9996	3.988e-05	24.903	0	0	0	0	0	0	0	0	0	2	998
3010	10	100	14	0.0104	50	1	1	22.9905	0.9995	6.982e-05	17.709	0	1.2366	0.47724	15.993	3582.1	98000	0.9991	0.0001093	16.744	0	0	0	0	0	0	0	0	1	3	996
3053	10	100	15	0.0104	50	1	1	28.867	0.9993	6.958e-05	11.312	0	1.3505	0.44291	9.5167	2482.2	98000	0.9986	0.00013818	11.272	0	0	0	0	0	0	0	0	0	7	993
