	k	n_trees	depth	sparsity	v	build_time	recall	var_recall	query_time	cs_size	val_recall	val_var_recall	val_query_time	r0	r1	r2	r3	r4	r5	r6	r7	r8	r9	r10
0	10	1	6	0.0104	1	0.99292	0.3524	0.066701	4.8137	1531.2	0.352	0.071848	4.8032	119	136	157	130	132	104	76	57	39	31	19
1	10	1	7	0.0104	1	1.17335	0.2673	0.055116	2.6024	765.64	0.2603	0.049083	2.6086	188	201	176	122	102	78	51	34	28	12	8
2	10	1	8	0.0104	1	1.26724	0.2034	0.039528	1.2177	382.81	0.1928	0.04141	1.2099	255	244	174	122	82	53	32	21	12	2	3
3	10	1	9	0.0104	1	1.43204	0.1505	0.028548	0.63408	191.41	0.147	0.031983	0.76248	339	285	155	103	55	27	19	11	1	3	2
4	10	1	10	0.0104	1	1.56411	0.1052	0.020393	0.33139	95.697	0.1037	0.020977	0.36193	469	270	139	49	41	14	11	3	2	0	2
5	10	1	11	0.0104	1	1.64173	0.0709	0.012416	0.1797	47.865	0.0693	0.011199	0.17735	593	227	108	43	18	7	1	2	0	0	1
6	10	1	12	0.0104	1	1.85896	0.0501	0.0074074	0.10594	23.921	0.0481	0.0077241	0.1044	666	222	75	23	11	2	1	0	0	0	0
7	10	5	6	0.0104	1	1.46623	0.8014	0.038737	20.684	5895.6	0.8061	0.03769	20.08	1	5	6	17	30	62	83	151	143	203	299
12	10	5	7	0.0104	1	1.67091	0.7001	0.051181	14.207	3177.0	0.6915	0.055934	10.393	2	14	21	36	71	117	135	137	160	151	156
17	10	5	8	0.0104	1	1.88946	0.5816	0.061523	6.6661	1658.0	0.5878	0.061413	6.2905	11	30	58	101	107	142	155	120	99	103	74
22	10	5	9	0.0104	1	2.07307	0.4634	0.066707	3.7947	861.09	0.459	0.066085	3.6024	29	86	115	131	162	135	99	76	72	50	45
27	10	5	10	0.0104	1	2.27275	0.364	0.058683	1.8215	443.21	0.3641	0.056998	1.7559	75	139	153	162	142	110	71	72	39	21	16
32	10	5	11	0.0104	1	2.78403	0.2681	0.04792	1.3812	226.02	0.2599	0.045768	1.0431	146	200	210	157	95	72	54	27	21	11	7
37	10	5	12	0.0104	1	2.61763	0.194	0.034519	0.53702	114.65	0.1799	0.032138	0.50361	227	287	194	116	72	49	19	22	11	2	1
42	10	10	6	0.0104	1	1.64553	0.929	0.012351	36.734	9439.7	0.9251	0.013894	36.663	0	0	0	1	2	7	27	43	102	215	603
52	10	10	7	0.0104	1	1.89282	0.8595	0.025555	21.433	5313.0	0.8568	0.025159	17.265	0	0	3	6	13	35	59	98	158	240	388
62	10	10	8	0.0104	1	2.1144	0.7622	0.041933	11.633	2902.1	0.7565	0.043521	11.255	1	1	7	26	52	86	102	171	145	168	241
72	10	10	9	0.0104	1	2.54375	0.6564	0.057096	6.8011	1551.7	0.6533	0.059388	6.7009	6	14	30	55	100	142	142	124	124	127	136
82	10	10	10	0.0104	1	2.43897	0.5379	0.06614	3.6823	819.46	0.527	0.066778	3.397	17	41	85	120	138	127	132	104	85	89	62
92	10	10	11	0.0104	1	3.05828	0.4132	0.062749	1.8566	425.36	0.4041	0.063096	1.8508	41	108	155	156	134	127	85	74	56	41	23
102	10	10	12	0.0104	1	3.15143	0.3202	0.056969	1.011	219.39	0.304	0.052276	0.96563	101	170	193	164	113	79	56	61	36	14	13
112	10	25	6	0.0104	1	2.67658	0.9894	0.0015292	60.632	15559.0	0.9888	0.001416	61.626	0	0	0	0	0	0	1	3	14	65	917
130	10	25	7	0.0104	1	2.7836	0.9653	0.0052912	37.032	9439.4	0.9666	0.0050695	36.479	0	0	0	0	0	3	5	13	52	169	758
148	10	25	8	0.0104	1	3.28562	0.9286	0.011494	22.103	5498.0	0.9177	0.015692	21.299	0	0	0	1	3	6	18	44	106	243	579
166	10	25	9	0.0104	1	3.71044	0.8524	0.027402	14.569	3117.1	0.8445	0.028118	12.652	0	0	3	3	22	34	71	107	156	212	392
184	10	25	10	0.0104	1	3.70859	0.7549	0.041277	7.3158	1722.1	0.7489	0.046926	7.1129	1	2	6	26	47	93	137	133	153	193	209
202	10	25	11	0.0104	1	3.90448	0.633	0.060712	4.3758	929.34	0.6241	0.063673	4.295	1	21	42	84	117	115	131	127	119	127	116
220	10	25	12	0.0104	1	4.37224	0.5122	0.069361	2.2788	494.64	0.5026	0.066239	2.4372	15	72	106	118	109	139	141	88	75	79	58
238	10	50	6	0.0104	1	5.12935	0.9977	0.00022493	81.437	20708.0	0.9979	0.00024584	79.997	0	0	0	0	0	0	0	0	0	23	977
256	10	50	7	0.0104	1	5.36149	0.9919	0.00092532	52.838	13345.0	0.9923	0.00097168	51.527	0	0	0	0	0	0	0	0	9	63	928
274	10	50	8	0.0104	1	5.8423	0.9757	0.0030025	36.197	8233.5	0.9752	0.004029	33.346	0	0	0	0	0	0	2	4	34	155	805
292	10	50	9	0.0104	1	6.39043	0.9428	0.0093976	21.123	4897.7	0.9403	0.0096155	20.499	0	0	0	0	1	8	13	29	87	213	649
310	10	50	10	0.0104	1	6.82706	0.8748	0.023248	12.313	2814.5	0.87	0.023984	11.546	0	0	2	2	14	27	47	106	141	215	446
328	10	50	11	0.0104	1	7.5844	0.7863	0.036719	7.5452	1589.7	0.7739	0.043893	7.6299	1	1	6	16	40	61	104	153	171	196	251
346	10	50	12	0.0104	1	7.91253	0.6637	0.05803	4.3549	874.25	0.6637	0.05783	4.306	4	14	36	55	100	126	118	139	140	125	143
364	10	75	6	0.0104	1	7.31975	0.9994	7.972e-05	99.847	23868.0	0.9996	3.988e-05	99.67	0	0	0	0	0	0	0	0	1	4	995
382	10	75	7	0.0104	1	8.9587	0.9972	0.00033249	63.813	15888.0	0.9955	0.00053028	58.267	0	0	0	0	0	0	0	0	3	22	975
400	10	75	8	0.0104	1	8.78451	0.9914	0.00098703	42.807	10082.0	0.9882	0.0016224	42.664	0	0	0	0	0	0	0	0	10	66	924
418	10	75	9	0.0104	1	9.67482	0.9664	0.0050161	25.555	6177.5	0.9652	0.0052342	24.224	0	0	0	0	0	1	5	16	51	161	766
436	10	75	10	0.0104	1	10.7759	0.9264	0.012496	17.314	3671.7	0.9214	0.013616	15.224	0	0	0	2	1	7	23	50	112	215	590
454	10	75	11	0.0104	1	11.0541	0.8514	0.027145	10.842	2117.7	0.8423	0.02973	9.308	0	2	3	7	8	32	80	105	179	194	390
472	10	75	12	0.0104	1	12.0685	0.7591	0.041619	6.5637	1191.1	0.7417	0.051903	5.8782	0	6	4	21	58	84	112	153	166	169	227
490	10	100	6	0.0104	1	8.98786	0.9995	4.98e-05	103.89	26125.0	0.9993	6.958e-05	102.49	0	0	0	0	0	0	0	0	0	5	995
508	10	100	7	0.0104	1	10.6608	0.9986	0.00013818	73.964	17681.0	0.998	0.00021622	80.118	0	0	0	0	0	0	0	0	0	14	986
526	10	100	8	0.0104	1	11.7449	0.992	0.000997	47.523	11574.0	0.9951	0.00058658	45.296	0	0	0	0	0	0	0	1	10	57	932
544	10	100	9	0.0104	1	11.7011	0.9818	0.0027115	29.897	7217.2	0.9794	0.0031188	31.812	0	0	0	0	0	1	0	7	30	96	866
562	10	100	10	0.0104	1	12.8217	0.9494	0.0085081	20.028	4355.2	0.9424	0.0098921	19.609	0	0	0	0	1	6	12	26	75	194	686
580	10	100	11	0.0104	1	13.1084	0.8901	0.01837	11.695	2562.6	0.8854	0.021989	11.479	0	0	2	0	6	19	40	79	159	237	458
598	10	100	12	0.0104	1	13.799	0.8025	0.036941	7.1268	1469.9	0.7941	0.042177	7.1601	2	1	7	17	24	57	105	134	167	186	300
616	10	125	6	0.0104	1	11.7171	0.9999	1e-05	109.2	27838.0	0.9997	2.994e-05	107.95	0	0	0	0	0	0	0	0	0	1	999
634	10	125	7	0.0104	1	12.8041	0.9995	4.98e-05	81.862	19309.0	0.999	0.00011912	77.322	0	0	0	0	0	0	0	0	0	5	995
652	10	125	8	0.0104	1	14.1697	0.996	0.0004044	54.173	12678.0	0.9965	0.00041817	53.748	0	0	0	0	0	0	0	0	1	38	961
670	10	125	9	0.0104	1	15.2535	0.9864	0.0016967	32.898	8085.6	0.9871	0.0018054	31.98	0	0	0	0	0	0	0	2	20	90	888
688	10	125	10	0.0104	1	16.8297	0.964	0.0053894	22.558	4952.5	0.9575	0.0068706	20.665	0	0	0	0	1	1	4	15	60	168	751
706	10	125	11	0.0104	1	17.761	0.9172	0.014859	13.382	2952.0	0.9097	0.016132	12.19	0	0	1	1	1	13	33	58	105	226	562
724	10	125	12	0.0104	1	18.6856	0.8423	0.028589	9.36	1718.3	0.8296	0.032917	8.6511	0	0	4	5	24	41	65	109	179	216	357
742	10	150	6	0.0104	1	13.5612	0.9999	1e-05	120.53	29356.0	1.0	0.0	117.5	0	0	0	0	0	0	0	0	0	1	999
760	10	150	7	0.0104	1	14.1186	0.9994	5.97e-05	82.584	20476.0	0.9997	4.996e-05	80.421	0	0	0	0	0	0	0	0	0	6	994
778	10	150	8	0.0104	1	15.9212	0.9973	0.00032303	60.319	13685.0	0.9979	0.00028588	47.334	0	0	0	0	0	0	0	0	3	21	976
796	10	150	9	0.0104	1	16.7035	0.9894	0.001369	37.856	8775.1	0.9895	0.0015213	37.369	0	0	0	0	0	0	0	2	15	70	913
814	10	150	10	0.0104	1	17.5825	0.9721	0.0038755	24.29	5474.8	0.9706	0.0046603	24.566	0	0	0	0	0	2	2	8	37	163	788
832	10	150	11	0.0104	1	19.1868	0.928	0.012669	16.495	3298.4	0.926	0.013357	14.473	0	0	0	1	3	7	26	49	93	223	598
850	10	150	12	0.0104	1	20.6008	0.8683	0.023148	9.8573	1937.7	0.8564	0.026486	8.6098	0	0	3	5	14	18	51	107	159	241	402
868	10	200	6	0.0104	1	17.048	1.0	0.0	133.73	31534.0	1.0	0.0	136.68	0	0	0	0	0	0	0	0	0	0	1000
886	10	200	7	0.0104	1	18.2411	0.9997	2.994e-05	89.788	22427.0	0.9999	1e-05	87.318	0	0	0	0	0	0	0	0	0	3	997
904	10	200	8	0.0104	1	20.0813	0.9988	0.0001387	62.438	15241.0	0.9995	4.98e-05	59.423	0	0	0	0	0	0	0	0	1	10	989
922	10	200	9	0.0104	1	22.4226	0.9956	0.0006613	41.119	10015.0	0.9935	0.0007485	39.505	0	0	0	0	0	0	1	0	6	28	965
940	10	200	10	0.0104	1	22.8771	0.9804	0.0029188	28.39	6348.2	0.9798	0.003015	27.899	0	0	0	0	0	0	4	5	28	109	854
958	10	200	11	0.0104	1	24.6557	0.9523	0.0072019	17.825	3894.9	0.9493	0.0086281	19.132	0	0	0	0	0	1	9	30	81	184	695
976	10	200	12	0.0104	1	26.2589	0.896	0.018142	11.601	2335.6	0.8967	0.018978	10.459	0	0	1	3	3	18	36	85	140	224	490
994	10	250	6	0.0104	1	20.4836	0.9998	1.998e-05	137.43	33177.0	1.0	0.0	129.71	0	0	0	0	0	0	0	0	0	2	998
1012	10	250	7	0.0104	1	21.9813	0.9999	1e-05	95.834	23924.0	0.9998	1.998e-05	98.223	0	0	0	0	0	0	0	0	0	1	999
1030	10	250	8	0.0104	1	24.4347	0.9996	3.988e-05	70.566	16535.0	0.9992	7.9439e-05	67.799	0	0	0	0	0	0	0	0	0	4	996
1048	10	250	9	0.0104	1	27.0951	0.9965	0.00039815	48.528	10981.0	0.9971	0.00046205	52.405	0	0	0	0	0	0	0	1	0	32	967
1066	10	250	10	0.0104	1	28.1353	0.9891	0.0014326	31.467	7045.7	0.9865	0.0017695	30.188	0	0	0	0	0	0	0	3	14	72	911
1084	10	250	11	0.0104	1	30.4776	0.9697	0.004136	22.587	4408.9	0.962	0.0056817	19.322	0	0	0	0	0	0	4	11	44	166	775
1102	10	250	12	0.0104	1	32.1038	0.9175	0.014959	14.41	2676.0	0.9153	0.016052	12.982	0	0	1	2	4	9	27	57	122	211	567
1120	10	300	6	0.0104	1	23.9676	1.0	0.0	137.03	34448.0	1.0	0.0	134.28	0	0	0	0	0	0	0	0	0	0	1000
1138	10	300	7	0.0104	1	26.4437	1.0	0.0	101.32	25195.0	1.0	0.0	98.453	0	0	0	0	0	0	0	0	0	0	1000
1156	10	300	8	0.0104	1	30.0318	0.9999	1e-05	75.983	17551.0	0.9994	5.97e-05	75.127	0	0	0	0	0	0	0	0	0	1	999
1174	10	300	9	0.0104	1	31.7813	0.9972	0.00029245	52.366	11829.0	0.9982	0.0003371	50.013	0	0	0	0	0	0	0	0	1	26	973
1192	10	300	10	0.0104	1	34.1525	0.9913	0.0011555	35.246	7697.6	0.9898	0.0013573	31.385	0	0	0	0	0	0	1	1	9	62	927
1210	10	300	11	0.0104	1	36.4242	0.9731	0.0037702	25.107	4852.5	0.9716	0.0042777	21.698	0	0	0	0	0	1	2	9	41	147	800
1228	10	300	12	0.0104	1	38.6729	0.9378	0.0092004	15.718	2981.8	0.9309	0.011907	15.53	0	0	0	0	1	1	11	48	107	209	623
1246	10	350	6	0.0104	1	28.4535	0.9999	1e-05	155.85	35812.0	1.0	0.0	146.72	0	0	0	0	0	0	0	0	0	1	999
1264	10	350	7	0.0104	1	31.5332	0.9999	1e-05	105.67	26142.0	0.9999	1e-05	102.42	0	0	0	0	0	0	0	0	0	1	999
1282	10	350	8	0.0104	1	33.462	0.9997	2.994e-05	73.664	18490.0	1.0	0.0	72.36	0	0	0	0	0	0	0	0	0	3	997
1300	10	350	9	0.0104	1	36.0876	0.9976	0.00029453	53.795	12543.0	0.9983	0.00016728	53.946	0	0	0	0	0	0	0	0	3	18	979
1318	10	350	10	0.0104	1	39.7257	0.9939	0.00067346	38.475	8230.6	0.9917	0.0010622	34.583	0	0	0	0	0	0	0	0	5	51	944
1336	10	350	11	0.0104	1	41.4178	0.9763	0.0036119	23.664	5250.3	0.9768	0.0030848	22.378	0	0	0	0	0	1	4	7	35	125	828
1354	10	350	12	0.0104	1	45.1513	0.9497	0.0083082	17.44	3258.3	0.941	0.01125	17.386	0	0	0	0	1	7	6	30	79	190	687
1372	10	400	6	0.0104	1	31.1817	1.0	0.0	160.06	36693.0	1.0	0.0	158.08	0	0	0	0	0	0	0	0	0	0	1000
1390	10	400	7	0.0104	1	35.3621	0.9999	1e-05	116.11	27111.0	1.0	0.0	112.99	0	0	0	0	0	0	0	0	0	1	999
1408	10	400	8	0.0104	1	38.0784	0.9998	1.998e-05	84.025	19291.0	0.9999	1e-05	83.484	0	0	0	0	0	0	0	0	0	2	998
1426	10	400	9	0.0104	1	42.7074	0.9988	0.00011868	57.742	13184.0	0.9989	0.0001089	54.388	0	0	0	0	0	0	0	0	0	12	988
1444	10	400	10	0.0104	1	45.0126	0.9947	0.00060251	40.459	8730.9	0.9943	0.00061813	37.821	0	0	0	0	0	0	0	0	5	43	952
1462	10	400	11	0.0104	1	47.981	0.9825	0.0024862	26.974	5605.1	0.9805	0.0027325	24.97	0	0	0	0	0	0	2	4	28	99	867
1480	10	400	12	0.0104	1	50.7981	0.9541	0.0075708	18.342	3510.9	0.9502	0.0088488	18.267	0	0	0	0	1	3	8	25	86	159	718
1498	10	500	6	0.0104	1	38.0609	0.9999	1e-05	162.3	38399.0	1.0	0.0	158.71	0	0	0	0	0	0	0	0	0	1	999
1516	10	500	7	0.0104	1	41.1934	1.0	0.0	123.78	28654.0	1.0	0.0	112.64	0	0	0	0	0	0	0	0	0	0	1000
1534	10	500	8	0.0104	1	46.1995	0.9999	1e-05	88.847	20561.0	1.0	0.0	86.055	0	0	0	0	0	0	0	0	0	1	999
1552	10	500	9	0.0104	1	50.2349	0.9993	6.958e-05	64.765	14254.0	0.9993	8.96e-05	60.912	0	0	0	0	0	0	0	0	0	7	993
1570	10	500	10	0.0104	1	52.6448	0.997	0.00033133	43.888	9566.2	0.9957	0.00047198	45.688	0	0	0	0	0	0	0	0	2	26	972
1588	10	500	11	0.0104	1	57.0861	0.9864	0.0017368	30.966	6233.8	0.9869	0.0017001	29.972	0	0	0	0	0	0	0	3	19	89	889
1606	10	500	12	0.0104	1	60.5232	0.9703	0.0039719	21.264	3961.3	0.9615	0.0058736	21.729	0	0	0	0	0	1	2	9	45	167	776
