	k	n_trees	depth	sparsity	k_build	b	v	build_time	recall	var_recall	query_time	projection_time	traversal_time	vote_time	exact_time	cs_size	n_train	val_recall	val_var_recall	val_query_time	r0	r1	r2	r3	r4	r5	r6	r7	r8	r9	r10
0	10	10	13	0.0104	10	1	1	0.775123	0.6829	0.055853	3.5032	0.016313	0.0038858	0.063165	3.4193	906.45	98000	0.6929	0.05001	3.4024	4	21	31	55	64	83	141	157	166	143	135
43	10	10	14	0.0104	10	1	1	0.986831	0.5746	0.063258	1.8042	0.012565	0.0051628	0.032109	1.754	492.17	98000	0.5838	0.060598	1.8328	13	44	62	79	127	126	142	128	116	103	60
86	10	10	15	0.0104	10	1	1	0.967955	0.4507	0.07045	0.98763	0.012619	0.0054477	0.024496	0.9447	263.71	98000	0.4525	0.065739	1.1078	48	87	126	137	135	125	94	85	68	61	34
129	10	15	13	0.0104	10	1	1	0.916602	0.7919	0.036921	4.783	0.021326	0.0072201	0.10419	4.6497	1249.4	98000	0.7998	0.035395	4.7459	1	4	8	16	35	59	82	140	193	220	242
172	10	15	14	0.0104	10	1	1	0.994873	0.6645	0.056226	2.8747	0.019484	0.0081595	0.062468	2.7842	699.79	98000	0.6778	0.053701	2.9455	4	15	35	55	93	114	131	148	139	141	125
215	10	15	15	0.0104	10	1	1	1.20598	0.5497	0.066907	1.4146	0.016968	0.0101	0.027309	1.3599	381.47	98000	0.5638	0.063113	1.472	22	48	75	97	123	116	148	122	115	66	68
258	10	20	13	0.0104	10	1	1	1.04795	0.8224	0.03151	6.7111	0.036496	0.010569	0.15431	6.509	1591.2	98000	0.8349	0.028621	6.5528	0	1	5	10	27	42	83	130	164	235	303
301	10	20	14	0.0104	10	1	1	0.876065	0.7319	0.045618	3.9723	0.032818	0.011364	0.081688	3.846	889.87	98000	0.7474	0.043777	3.6999	2	10	15	32	52	88	110	165	175	190	161
344	10	20	15	0.0104	10	1	1	1.22904	0.6215	0.058206	2.0441	0.023972	0.013204	0.056167	1.9504	490.55	98000	0.6343	0.055969	2.0431	7	33	38	63	105	121	153	151	132	109	88
387	10	25	13	0.0104	10	1	1	1.02446	0.8607	0.025891	7.3587	0.034924	0.014003	0.18575	7.1232	1891.7	98000	0.8667	0.024325	8.7371	0	0	1	9	11	40	63	81	164	233	398
430	10	25	14	0.0104	10	1	1	1.19687	0.7754	0.040455	4.6735	0.034746	0.015381	0.14063	4.4823	1072.2	98000	0.7966	0.037426	4.4999	1	2	10	22	44	73	107	116	181	217	227
473	10	25	15	0.0104	10	1	1	1.3975	0.6532	0.057047	2.8883	0.031989	0.014937	0.10245	2.7385	602.07	98000	0.6723	0.051774	2.2086	5	21	30	60	108	103	139	138	150	136	110
516	10	30	13	0.0104	10	1	1	1.26535	0.8722	0.023631	9.3022	0.048204	0.016108	0.18678	9.05	2190.2	98000	0.8823	0.021378	8.97	0	0	2	8	10	29	43	93	157	236	422
559	10	30	14	0.0104	10	1	1	1.19147	0.8094	0.036048	4.8942	0.03871	0.018962	0.19087	4.645	1245.5	98000	0.8177	0.030667	5.4358	0	2	7	20	27	48	88	125	188	187	308
602	10	30	15	0.0104	10	1	1	1.44459	0.693	0.051362	2.9843	0.034384	0.020223	0.13579	2.7935	699.72	98000	0.7097	0.047583	2.9912	3	9	27	47	70	107	141	142	149	171	134
645	10	40	13	0.0104	10	1	1	1.33282	0.9089	0.015666	10.878	0.053858	0.022082	0.25821	10.543	2753.3	98000	0.9075	0.01643	10.782	0	0	0	2	6	13	22	74	126	234	523
688	10	40	14	0.0104	10	1	1	1.36469	0.8447	0.02844	6.8501	0.059129	0.02728	0.21926	6.5435	1585.6	98000	0.8552	0.026339	6.5768	0	1	3	5	20	47	62	111	150	249	352
731	10	40	15	0.0104	10	1	1	1.4402	0.7631	0.042451	4.106	0.043056	0.022567	0.20287	3.8369	885.44	98000	0.7749	0.037838	3.3593	1	4	15	18	51	79	100	143	171	205	213
774	10	50	13	0.0104	10	1	1	1.42979	0.9259	0.012932	12.698	0.064055	0.028074	0.30979	12.295	3244.7	98000	0.9314	0.011946	12.565	0	1	0	1	4	6	21	46	109	231	581
817	10	50	14	0.0104	10	1	1	1.46551	0.8737	0.023262	9.0476	0.092115	0.037197	0.24292	8.6743	1886.8	98000	0.881	0.021581	6.7	0	0	2	8	12	18	57	85	147	252	419
860	10	50	15	0.0104	10	1	1	1.699	0.7977	0.0356	5.2283	0.078927	0.040971	0.24108	4.8667	1068.2	98000	0.8064	0.034053	4.3756	0	1	6	13	42	62	90	124	174	233	255
903	10	60	13	0.0104	10	1	1	2.5143	0.9347	0.011557	14.785	0.075484	0.029613	0.35482	14.324	3698.5	98000	0.9422	0.009869	14.371	0	0	0	1	5	7	15	40	88	225	619
946	10	60	14	0.0104	10	1	1	3.03868	0.8953	0.019007	9.7406	0.086054	0.042567	0.36085	9.2501	2171.1	98000	0.8943	0.019397	9.1003	0	1	0	7	3	17	34	72	156	222	488
989	10	60	15	0.0104	10	1	1	2.88472	0.8321	0.03017	5.2079	0.081789	0.039616	0.31601	4.7698	1227.3	98000	0.8374	0.027669	4.836	0	1	3	14	20	37	82	112	165	249	317
1032	10	70	13	0.0104	10	1	1	4.01577	0.9501	0.0076877	18.177	0.13242	0.043742	0.39037	17.609	4082.1	98000	0.9554	0.0072581	16.995	0	0	0	0	1	2	13	27	65	220	672
1075	10	70	14	0.0104	10	1	1	2.6476	0.9127	0.015584	10.004	0.094503	0.038482	0.39832	9.4718	2413.5	98000	0.9233	0.01326	9.5309	0	0	0	2	8	11	23	62	127	224	543
1118	10	70	15	0.0104	10	1	1	5.46017	0.8453	0.028026	6.32	0.10002	0.056257	0.19682	5.9662	1399.8	98000	0.8531	0.025656	6.223	0	0	5	8	22	26	68	119	160	240	352
1161	10	80	13	0.0104	10	1	1	3.90518	0.9562	0.0071687	19.594	0.10733	0.045956	0.43223	19.007	4499.3	98000	0.9615	0.0059137	18.334	0	0	0	0	1	1	14	21	63	182	718
1204	10	80	14	0.0104	10	1	1	3.33992	0.9278	0.011278	11.265	0.10806	0.05234	0.4498	10.653	2659.4	98000	0.9299	0.012609	11.163	0	0	0	0	3	6	16	53	103	245	574
1247	10	80	15	0.0104	10	1	1	6.96285	0.8647	0.025029	7.244	0.11944	0.06415	0.22276	6.8369	1547.6	98000	0.874	0.023888	6.6016	1	1	1	1	20	25	64	88	161	232	406
1290	10	90	13	0.0104	10	1	1	5.56148	0.9635	0.005223	22.773	0.12491	0.053947	0.37565	22.217	4918.0	98000	0.9675	0.0045583	20.137	0	0	0	0	0	2	3	18	53	183	741
1333	10	90	14	0.0104	10	1	1	3.52208	0.927	0.013004	12.781	0.12329	0.061811	0.49722	12.097	2934.5	98000	0.9342	0.010501	12.108	0	0	0	2	5	6	22	48	98	228	591
1376	10	90	15	0.0104	10	1	1	3.60416	0.8814	0.020495	7.6955	0.12685	0.072381	0.4696	7.0257	1706.6	98000	0.8866	0.020481	6.977	0	0	1	3	9	23	40	99	141	249	435
1419	10	100	13	0.0104	10	1	1	5.51155	0.9667	0.004926	23.089	0.13053	0.056797	0.39171	22.509	5302.9	98000	0.966	0.0053894	21.455	0	0	0	0	0	1	5	16	47	166	765
1462	10	100	14	0.0104	10	1	1	3.88706	0.9383	0.011134	13.202	0.135	0.063783	0.47626	12.526	3165.0	98000	0.9436	0.0091482	12.57	0	0	1	1	4	4	15	36	91	208	640
1505	10	100	15	0.0104	10	1	1	10.5769	0.8882	0.019	8.8527	0.16903	0.086511	0.32745	8.2685	1839.3	98000	0.8946	0.01927	8.5907	0	0	0	0	11	20	44	80	146	244	455
1548	10	10	13	0.0104	50	1	1	1.86911	0.9146	0.018986	13.294	0.050917	0.0052329	0.14729	13.089	3233.4	98000	0.923	0.018009	10.922	0	0	1	5	7	25	22	55	101	189	595
1591	10	10	14	0.0104	50	1	1	2.17326	0.8618	0.034155	7.7378	0.023605	0.0084052	0.13918	7.5653	1911.8	98000	0.8733	0.031048	6.9146	1	1	10	14	20	34	51	82	123	199	465
1634	10	10	15	0.0104	50	1	1	2.25951	0.7583	0.058209	4.6751	0.023458	0.0070528	0.10295	4.541	1126.0	98000	0.764	0.055079	4.5132	8	17	21	30	44	74	88	118	148	170	282
1677	10	15	13	0.0104	50	1	1	2.33901	0.9462	0.011817	16.708	0.026885	0.0091163	0.25125	16.419	4317.4	98000	0.954	0.0098138	16.528	0	1	0	0	5	14	9	31	68	164	708
1720	10	15	14	0.0104	50	1	1	2.34204	0.9002	0.023864	11.128	0.056673	0.0094012	0.14413	10.916	2625.0	98000	0.9165	0.018316	8.8922	0	2	6	4	13	16	32	72	104	194	557
1763	10	15	15	0.0104	50	1	1	2.60644	0.8315	0.040638	6.0678	0.027722	0.014249	0.19617	5.8288	1557.2	98000	0.8361	0.037644	5.9837	2	2	11	20	34	39	65	98	133	200	396
1806	10	20	13	0.0104	50	1	1	2.3243	0.964	0.0069109	20.015	0.064899	0.010493	0.2239	19.714	5212.3	98000	0.967	0.0062372	17.243	0	0	0	0	0	6	8	21	59	117	789
1849	10	20	14	0.0104	50	1	1	2.71695	0.9282	0.016261	12.929	0.039516	0.016753	0.22513	12.646	3275.0	98000	0.9357	0.013329	12.093	0	0	1	4	5	11	32	50	72	175	650
1892	10	20	15	0.0104	50	1	1	2.81449	0.8717	0.029078	8.1831	0.03999	0.019329	0.24495	7.8774	1937.8	98000	0.8775	0.029313	7.8662	0	0	2	16	18	28	49	90	128	185	484
1935	10	25	13	0.0104	50	1	1	2.44161	0.9699	0.0057898	24.549	0.044539	0.013287	0.36365	24.126	6008.4	98000	0.9738	0.005439	26.664	0	0	0	1	1	4	5	10	48	122	809
1978	10	25	14	0.0104	50	1	1	2.74047	0.9455	0.011291	15.675	0.04562	0.019021	0.26672	15.342	3789.1	98000	0.9507	0.01033	15.276	0	0	0	2	5	5	17	32	75	162	702
2021	10	25	15	0.0104	50	1	1	3.02548	0.9026	0.020934	9.6447	0.049905	0.024763	0.25807	9.3105	2282.2	98000	0.9121	0.019703	9.2601	0	0	3	3	4	29	41	59	113	193	555
2064	10	30	13	0.0104	50	1	1	2.71896	0.98	0.0032833	26.097	0.043284	0.017747	0.36726	25.667	6740.6	98000	0.982	0.003019	29.159	0	0	0	0	0	0	4	10	30	94	862
2107	10	30	14	0.0104	50	1	1	2.90479	0.9587	0.0078121	17.59	0.05087	0.024381	0.29565	17.218	4245.5	98000	0.9619	0.0083267	16.965	0	0	0	0	1	8	8	22	60	149	752
2150	10	30	15	0.0104	50	1	1	3.22694	0.9201	0.016963	10.308	0.04848	0.02027	0.33533	9.9025	2612.5	98000	0.9305	0.014734	10.199	0	0	2	2	7	11	31	57	97	183	610
2193	10	40	13	0.0104	50	1	1	3.88477	0.9836	0.0025136	34.977	0.06439	0.024563	0.46689	34.419	8114.7	98000	0.9875	0.0021159	31.562	0	0	0	0	0	0	2	5	30	81	882
2236	10	40	14	0.0104	50	1	1	4.15362	0.9688	0.0050316	21.326	0.064526	0.033103	0.29723	20.929	5198.7	98000	0.9727	0.0048496	20.728	0	0	0	0	0	2	3	20	46	138	791
2279	10	40	15	0.0104	50	1	1	4.78069	0.9408	0.011447	13.437	0.071095	0.038649	0.25804	13.067	3219.7	98000	0.9463	0.010577	12.835	0	0	0	1	2	8	21	36	86	169	677
2322	10	50	13	0.0104	50	1	1	4.91785	0.9874	0.0019632	38.344	0.080039	0.034493	0.43509	37.792	9280.9	98000	0.9881	0.0019704	40.633	0	0	0	0	0	0	1	7	16	69	907
2365	10	50	14	0.0104	50	1	1	6.95336	0.9764	0.0043474	24.586	0.076158	0.041588	0.40014	24.066	6008.9	98000	0.9781	0.0041946	24.118	0	0	0	0	0	2	4	19	26	101	848
2408	10	50	15	0.0104	50	1	1	6.33561	0.9555	0.0086384	15.575	0.084654	0.042388	0.35849	15.087	3736.3	98000	0.9573	0.0083751	16.244	0	0	0	0	2	5	12	33	57	147	744
2451	10	60	13	0.0104	50	1	1	7.63991	0.9909	0.0011283	40.634	0.078693	0.042207	0.54683	39.964	10111.0	98000	0.9927	0.0010778	38.987	0	0	0	0	0	0	0	2	9	67	922
2494	10	60	14	0.0104	50	1	1	9.70132	0.9845	0.0025923	26.004	0.078514	0.042191	0.42891	25.452	6622.0	98000	0.9848	0.0026116	24.882	0	0	0	0	0	0	5	5	19	82	889
2537	10	60	15	0.0104	50	1	1	10.885	0.9656	0.0056423	19.423	0.10767	0.052543	0.39434	18.867	4146.4	98000	0.9688	0.0066933	16.926	0	0	0	0	2	1	4	14	63	143	773
2580	10	70	13	0.0104	50	1	1	8.41295	0.9928	0.00088905	47.563	0.10467	0.054796	0.63567	46.765	11099.0	98000	0.9933	0.0010462	42.155	0	0	0	0	0	0	0	1	8	53	938
2623	10	70	14	0.0104	50	1	1	12.2038	0.9856	0.002395	32.38	0.10643	0.051696	0.46304	31.757	7318.8	98000	0.9873	0.0020307	31.411	0	0	0	0	0	2	1	4	20	78	895
2666	10	70	15	0.0104	50	1	1	13.3486	0.97	0.0057658	20.565	0.12197	0.061653	0.36298	20.016	4666.6	98000	0.9739	0.0048336	21.525	0	0	0	0	0	4	8	18	41	112	817
2709	10	80	13	0.0104	50	1	1	12.145	0.9944	0.00064929	47.192	0.10882	0.053898	0.65041	46.377	12030.0	98000	0.9955	0.00059034	39.703	0	0	0	0	0	0	0	0	6	44	950
2752	10	80	14	0.0104	50	1	1	10.6731	0.9872	0.0018981	30.933	0.10571	0.053103	0.49897	30.273	7899.7	98000	0.9903	0.0015174	34.728	0	0	0	0	0	0	0	5	24	65	906
2795	10	80	15	0.0104	50	1	1	10.9587	0.9741	0.0042434	20.263	0.11108	0.064318	0.38964	19.696	5068.5	98000	0.9781	0.0042747	21.085	0	0	0	0	0	2	5	9	39	124	821
2838	10	90	13	0.0104	50	1	1	14.9	0.9952	0.00069766	52.356	0.1221	0.058442	0.60059	51.574	12775.0	98000	0.9957	0.00067218	50.442	0	0	0	0	0	0	0	1	9	27	963
2881	10	90	14	0.0104	50	1	1	12.1351	0.9898	0.0014574	33.557	0.12008	0.052649	0.58059	32.801	8503.9	98000	0.9904	0.0017095	33.16	0	0	0	0	0	0	1	2	15	62	920
2924	10	90	15	0.0104	50	1	1	19.9966	0.9774	0.0034127	23.312	0.12948	0.08088	0.48252	22.618	5442.7	98000	0.9801	0.0035375	22.369	0	0	0	0	0	0	3	7	44	105	841
2967	10	100	13	0.0104	50	1	1	11.0705	0.9948	0.00069365	53.786	0.1227	0.050674	0.69894	52.911	13599.0	98000	0.9964	0.00042747	53.74	0	0	0	0	0	0	0	0	10	32	958
3010	10	100	14	0.0104	50	1	1	21.7848	0.9906	0.001353	38.452	0.14773	0.080901	0.56197	37.659	9117.9	98000	0.9918	0.0011139	36.627	0	0	0	0	0	0	0	3	16	53	928
3053	10	100	15	0.0104	50	1	1	23.337	0.9815	0.0028706	25.294	0.14784	0.088552	0.43393	24.621	5867.1	98000	0.9835	0.0029607	24.515	0	0	0	0	0	1	1	6	34	90	868
