	k	n_trees	depth	sparsity	v	build_time	recall	var_recall	query_time	projection_time	traversal_time	vote_time	exact_time	cs_size	val_recall	val_var_recall	val_query_time	r0	r1	r2	r3	r4	r5	r6	r7	r8	r9	r10
0	10	1	6	0.0104	1	0.259424	0.1155	0.023313	7.5459	0.029816	0.0004039	0.044515	7.4703	1531.2	0.1146	0.024451	5.2853	457	244	140	90	28	22	7	5	3	2	2
1	10	1	7	0.0104	1	0.300523	0.0782	0.017382	2.5945	0.0041917	0.00023762	0.021251	2.5684	765.62	0.0807	0.017135	2.6403	580	249	84	43	20	6	8	5	3	1	1
2	10	1	8	0.0104	1	0.312192	0.0593	0.011545	1.2277	0.0035421	0.00024296	0.017308	1.2063	382.82	0.0584	0.013783	1.3987	653	208	84	29	11	11	1	1	1	0	1
3	10	1	9	0.0104	1	0.318241	0.0313	0.0057961	0.61355	0.0035619	0.00020992	0.016684	0.59283	191.4	0.0317	0.0055507	0.61567	782	164	33	11	6	2	1	0	0	0	1
4	10	1	10	0.0104	1	0.374031	0.0256	0.0046092	0.32093	0.0037839	0.00023496	0.016071	0.30059	95.694	0.0248	0.0039489	0.32147	819	132	35	9	3	1	0	0	0	0	1
5	10	1	11	0.0104	1	0.347649	0.0135	0.0016694	0.17563	0.0037949	0.00024144	0.016339	0.155	47.871	0.0146	0.0025894	0.17442	887	94	16	3	0	0	0	0	0	0	0
6	10	1	12	0.0104	1	0.384011	0.0128	0.0022985	0.10443	0.0041925	0.00024517	0.017395	0.082338	23.925	0.0104	0.0013332	0.10229	900	85	9	4	0	1	0	0	1	0	0
7	10	5	6	0.0104	1	0.366274	0.4371	0.065219	29.08	0.01632	0.00075217	0.099778	28.962	7243.3	0.4185	0.065954	28.234	41	94	120	161	155	112	94	81	64	49	29
12	10	5	7	0.0104	1	0.379838	0.3155	0.052262	14.258	0.0090995	0.00069431	0.074599	14.172	3708.6	0.3009	0.049178	14.182	98	186	173	153	123	106	62	48	31	14	6
17	10	5	8	0.0104	1	0.308907	0.2243	0.039599	7.3405	0.013946	0.0010228	0.054615	7.2701	1877.7	0.2128	0.036513	6.9961	184	265	185	136	95	63	37	15	7	8	5
22	10	5	9	0.0104	1	0.35314	0.1628	0.032148	3.6278	0.0087266	0.0011032	0.032004	3.5855	945.02	0.1534	0.028597	3.6158	322	271	174	92	57	38	20	19	3	2	2
27	10	5	10	0.0104	1	0.358499	0.0978	0.018253	1.8923	0.0077305	0.001016	0.018984	1.8641	475.38	0.0984	0.018076	2.0359	488	271	126	59	30	9	10	5	1	0	1
32	10	5	11	0.0104	1	0.385572	0.0736	0.012896	0.96602	0.0082618	0.0012246	0.018722	0.93743	238.05	0.0699	0.010895	0.93854	582	231	111	44	19	7	5	0	0	0	1
37	10	5	12	0.0104	1	0.500622	0.0453	0.0080259	0.48861	0.0081668	0.0016339	0.017091	0.46138	119.27	0.0454	0.0070859	0.48992	701	216	42	24	10	4	0	3	0	0	0
42	10	10	6	0.0104	1	0.549128	0.6515	0.056955	53.642	0.021084	0.00099837	0.15698	53.462	13563.0	0.6599	0.058541	55.189	6	11	36	69	104	121	111	161	133	133	115
52	10	10	7	0.0104	1	0.537499	0.4868	0.06463	25.374	0.011655	0.0013581	0.10277	25.257	7166.0	0.4799	0.061548	25.09	19	67	102	173	113	125	128	96	74	61	42
62	10	10	8	0.0104	1	0.596937	0.3863	0.061504	15.084	0.020483	0.0018886	0.078603	14.983	3667.4	0.363	0.055947	14.47	64	109	174	152	131	124	90	61	39	33	23
72	10	10	9	0.0104	1	0.333271	0.2617	0.049453	7.1607	0.015047	0.0021547	0.060815	7.082	1867.8	0.2481	0.0441	7.0919	160	221	174	164	103	64	47	24	22	12	9
82	10	10	10	0.0104	1	0.468509	0.1788	0.033084	3.9056	0.014966	0.0019654	0.036185	3.8521	942.93	0.1747	0.032162	3.9617	275	258	210	102	71	33	19	23	2	6	1
92	10	10	11	0.0104	1	0.494303	0.1269	0.025192	1.8785	0.011071	0.0023856	0.021388	1.8433	474.03	0.1213	0.021858	1.8458	388	311	141	71	41	21	11	5	7	3	1
102	10	10	12	0.0104	1	0.7391	0.0913	0.01587	0.97219	0.012262	0.0028169	0.01993	0.93684	237.73	0.0902	0.015479	1.1027	495	281	129	47	26	12	4	3	3	0	0
112	10	25	6	0.0104	1	0.554939	0.8932	0.020294	118.06	0.030171	0.0019905	0.39216	117.63	28705.0	0.8861	0.021178	101.99	0	0	2	2	6	16	53	88	120	206	507
130	10	25	7	0.0104	1	0.680441	0.7702	0.042555	64.008	0.034389	0.0026393	0.2051	63.765	16202.0	0.7475	0.047741	62.955	0	3	7	20	65	73	107	126	168	178	253
148	10	25	8	0.0104	1	0.703804	0.6415	0.060568	34.411	0.031345	0.0041875	0.16547	34.208	8619.0	0.621	0.061581	30.784	1	16	52	69	110	121	125	133	124	120	129
166	10	25	9	0.0104	1	0.732895	0.4788	0.064595	18.396	0.034831	0.004084	0.10807	18.248	4496.8	0.4776	0.067346	17.69	21	71	111	162	114	134	137	86	62	57	45
184	10	25	10	0.0104	1	0.532767	0.3589	0.065767	8.8916	0.029882	0.0051323	0.082801	8.7729	2299.1	0.3541	0.064287	8.8964	80	162	175	132	129	93	78	46	55	30	20
202	10	25	11	0.0104	1	0.399799	0.2545	0.04985	4.9702	0.029551	0.0075153	0.056093	4.8766	1167.5	0.2539	0.046952	4.8225	165	224	204	148	85	62	41	28	17	19	7
220	10	25	12	0.0104	1	0.814633	0.1825	0.034238	2.392	0.022808	0.009296	0.0394	2.3201	588.66	0.173	0.030802	2.3144	268	270	191	103	78	38	26	11	8	5	2
238	10	50	6	0.0104	1	0.690493	0.9784	0.0034369	177.41	0.044409	0.0034583	0.59801	176.76	45479.0	0.978	0.002979	176.09	0	0	0	0	0	1	3	5	44	96	851
256	10	50	7	0.0104	1	0.741604	0.9228	0.013394	98.824	0.038365	0.005229	0.35193	98.427	27988.0	0.9166	0.01526	98.008	0	0	0	0	2	9	23	74	101	199	592
274	10	50	8	0.0104	1	0.58926	0.8306	0.033537	59.867	0.044901	0.0077791	0.23651	59.577	15612.0	0.8293	0.035487	64.605	0	3	2	11	21	55	87	113	142	202	364
292	10	50	9	0.0104	1	0.821884	0.7021	0.05488	33.578	0.054816	0.0096046	0.16824	33.345	8454.7	0.6901	0.060773	33.076	1	7	24	44	99	108	118	128	139	138	194
310	10	50	10	0.0104	1	1.02754	0.5463	0.071798	16.87	0.088952	0.014022	0.122	16.645	4442.3	0.5302	0.068456	14.664	14	44	85	139	125	112	115	109	85	81	91
328	10	50	11	0.0104	1	0.964563	0.4057	0.069967	9.4507	0.062407	0.018545	0.10968	9.2593	2280.7	0.4036	0.065633	9.1068	55	111	169	167	109	107	86	70	42	46	38
346	10	50	12	0.0104	1	1.15227	0.2952	0.056814	4.6084	0.050874	0.02242	0.073613	4.4609	1160.7	0.2853	0.054629	4.5712	130	215	170	141	91	98	56	43	30	17	9
364	10	75	6	0.0104	1	1.30846	0.9931	0.00078317	221.6	0.057015	0.0048426	0.83262	220.7	56952.0	0.9929	0.00088047	220.5	0	0	0	0	0	0	0	0	7	55	938
382	10	75	7	0.0104	1	1.53062	0.9662	0.0056432	143.59	0.056999	0.008169	0.5198	143.0	37225.0	0.9629	0.0063199	143.48	0	0	0	0	1	2	5	18	51	146	777
400	10	75	8	0.0104	1	1.29294	0.9013	0.020969	85.149	0.069752	0.011147	0.32267	84.744	21786.0	0.8993	0.019669	84.362	0	0	2	5	6	21	42	76	100	199	549
418	10	75	9	0.0104	1	1.20663	0.7983	0.040688	49.799	0.067495	0.016461	0.23509	49.478	12077.0	0.7887	0.040062	49.085	0	1	8	20	46	63	91	120	152	185	314
436	10	75	10	0.0104	1	1.78153	0.6653	0.059706	23.642	0.077469	0.026838	0.18437	23.352	6433.1	0.6516	0.063221	27.381	2	16	35	59	103	115	140	120	130	117	163
454	10	75	11	0.0104	1	1.48224	0.5325	0.072666	13.688	0.086899	0.032642	0.14351	13.423	3343.4	0.5233	0.072279	13.429	17	45	112	121	128	125	97	105	91	79	80
472	10	75	12	0.0104	1	1.91994	0.3966	0.067856	6.9948	0.085679	0.036327	0.11453	6.7574	1717.0	0.3903	0.06456	6.781	61	121	159	154	132	103	91	65	39	41	34
490	10	100	6	0.0104	1	1.9602	0.9978	0.0002354	251.46	0.071171	0.0064073	1.0377	250.34	64754.0	0.9981	0.0002066	249.95	0	0	0	0	0	0	0	0	1	20	979
508	10	100	7	0.0104	1	1.64735	0.9851	0.0024104	169.34	0.069946	0.011842	0.64818	168.6	44180.0	0.9846	0.0020649	168.84	0	0	0	0	0	1	1	7	20	79	892
526	10	100	8	0.0104	1	1.52296	0.9433	0.009865	107.15	0.08959	0.016573	0.40244	106.64	27129.0	0.9347	0.012839	105.53	0	0	0	0	0	10	11	42	78	191	668
544	10	100	9	0.0104	1	1.6263	0.8545	0.029269	58.813	0.084186	0.023545	0.27345	58.43	15367.0	0.8466	0.03128	58.806	0	0	0	9	24	39	72	89	155	188	424
562	10	100	10	0.0104	1	1.97806	0.7469	0.050721	33.589	0.10733	0.031473	0.20637	33.243	8303.9	0.7398	0.051187	32.437	1	4	21	38	60	78	113	130	148	163	244
580	10	100	11	0.0104	1	2.05274	0.6111	0.067354	17.361	0.10688	0.042926	0.17652	17.034	4372.2	0.5963	0.07347	16.953	10	25	59	84	115	123	135	115	106	102	126
598	10	100	12	0.0104	1	1.93285	0.4649	0.072851	9.2407	0.10826	0.043522	0.15063	8.9374	2257.9	0.4574	0.071697	8.8323	24	92	135	142	142	110	99	83	53	56	64
616	10	125	6	0.0104	1	1.90508	0.9993	8.96e-05	232.05	0.1183	0.0073941	1.2003	230.72	70890.0	0.9995	4.98e-05	227.63	0	0	0	0	0	0	0	0	1	5	994
634	10	125	7	0.0104	1	2.0887	0.9914	0.0011672	192.32	0.085609	0.013217	0.76052	191.46	50120.0	0.9924	0.00090314	193.03	0	0	0	0	0	0	1	0	13	56	930
652	10	125	8	0.0104	1	2.33363	0.965	0.0059209	120.55	0.096883	0.019756	0.49115	119.94	31438.0	0.9651	0.0059179	120.0	0	0	0	0	0	1	10	21	49	144	775
670	10	125	9	0.0104	1	3.14566	0.9016	0.019397	73.821	0.11555	0.029016	0.33662	73.339	18300.0	0.9009	0.019108	71.178	0	0	0	3	8	23	37	65	131	195	538
688	10	125	10	0.0104	1	2.74024	0.7913	0.043498	42.531	0.12889	0.039329	0.31512	42.046	10128.0	0.7795	0.047978	40.592	0	3	10	26	44	59	105	119	136	190	308
706	10	125	11	0.0104	1	2.69534	0.6729	0.063679	21.602	0.13202	0.056283	0.21934	21.193	5364.9	0.6559	0.066552	20.868	1	18	41	64	104	97	111	132	118	138	176
724	10	125	12	0.0104	1	2.00482	0.5272	0.074435	12.218	0.14311	0.061253	0.16972	11.843	2787.5	0.5267	0.07313	11.431	18	61	117	108	108	125	118	107	82	77	79
742	10	150	6	0.0104	1	3.09234	0.9996	3.988e-05	297.26	0.13662	0.0095295	1.4028	295.71	75094.0	0.9996	3.988e-05	301.23	0	0	0	0	0	0	0	0	0	4	996
760	10	150	7	0.0104	1	2.53973	0.9959	0.00047366	212.97	0.10348	0.02011	0.94888	211.9	54707.0	0.995	0.00057558	209.04	0	0	0	0	0	0	0	0	4	33	963
778	10	150	8	0.0104	1	2.17399	0.9795	0.003213	136.09	0.11441	0.025017	0.57572	135.38	35436.0	0.9769	0.0036	135.44	0	0	0	0	0	1	1	13	24	109	852
796	10	150	9	0.0104	1	6.52183	0.9293	0.013825	83.544	0.13818	0.035672	0.3813	82.988	21001.0	0.9293	0.013125	81.916	0	0	1	1	1	13	23	50	105	169	637
814	10	150	10	0.0104	1	2.23538	0.8354	0.036143	45.77	0.13662	0.049886	0.28555	45.296	11825.0	0.8293	0.036808	45.463	0	4	6	17	22	43	73	108	146	188	393
832	10	150	11	0.0104	1	3.92627	0.7136	0.060355	26.254	0.163	0.077334	0.22696	25.785	6324.9	0.7085	0.059297	25.352	1	15	29	54	66	100	106	134	125	137	233
850	10	150	12	0.0104	1	2.46338	0.5793	0.075577	13.774	0.16492	0.069829	0.21204	13.326	3309.0	0.5645	0.074144	12.961	17	46	75	94	110	118	134	98	98	89	121
868	10	200	6	0.0104	1	5.9172	0.9999	1e-05	318.63	0.12304	0.013639	1.7036	316.79	80793.0	0.9999	1e-05	316.17	0	0	0	0	0	0	0	0	0	1	999
886	10	200	7	0.0104	1	2.81617	0.9988	0.00011868	241.2	0.13084	0.020039	1.1333	239.91	62221.0	0.9986	0.00013818	240.49	0	0	0	0	0	0	0	0	0	12	988
904	10	200	8	0.0104	1	4.92086	0.9897	0.0015655	170.52	0.19585	0.034784	0.78472	169.5	42360.0	0.9886	0.0016117	166.99	0	0	0	0	0	0	1	3	17	56	923
922	10	200	9	0.0104	1	3.25851	0.9616	0.0066521	104.79	0.17025	0.048245	0.51661	104.05	26033.0	0.9551	0.0079219	104.25	0	0	0	0	2	0	11	22	52	158	755
940	10	200	10	0.0104	1	3.21041	0.8898	0.02358	57.408	0.18301	0.065602	0.35572	56.803	14864.0	0.8897	0.022627	57.072	0	0	2	6	13	29	32	84	123	195	516
958	10	200	11	0.0104	1	6.62583	0.784	0.043487	33.684	0.21414	0.09274	0.2659	33.11	8158.4	0.773	0.04874	32.067	0	3	11	19	44	82	107	117	137	185	295
976	10	200	12	0.0104	1	8.97442	0.6621	0.063817	18.723	0.23695	0.12004	0.15211	18.212	4303.1	0.6533	0.067837	18.861	2	19	43	75	88	105	132	122	126	120	168
994	10	250	6	0.0104	1	4.36018	1.0	0.0	325.7	0.13541	0.01757	2.0078	323.54	84910.0	1.0	0.0	324.1	0	0	0	0	0	0	0	0	0	0	1000
1012	10	250	7	0.0104	1	3.79101	0.9994	5.97e-05	276.51	0.1643	0.026685	1.3805	274.94	67807.0	0.9998	1.998e-05	274.9	0	0	0	0	0	0	0	0	0	6	994
1030	10	250	8	0.0104	1	3.83642	0.9962	0.00044601	183.38	0.17846	0.043238	0.8572	182.3	47784.0	0.9949	0.00076475	182.55	0	0	0	0	0	0	0	1	1	33	965
1048	10	250	9	0.0104	1	3.31214	0.9748	0.0041491	116.13	0.2026	0.062813	0.59948	115.26	30283.0	0.9743	0.0042337	115.72	0	0	0	0	0	3	1	10	47	109	830
1066	10	250	10	0.0104	1	12.3675	0.9265	0.014342	73.705	0.24556	0.078651	0.42797	72.952	17712.0	0.9198	0.015784	69.275	0	0	0	0	5	16	19	56	102	177	625
1084	10	250	11	0.0104	1	15.8525	0.8327	0.037258	42.591	0.29631	0.12752	0.29855	41.867	9839.0	0.8309	0.036832	43.519	0	1	3	20	31	54	75	99	132	183	402
1102	10	250	12	0.0104	1	4.55595	0.7153	0.061277	21.822	0.26334	0.11125	0.30293	21.144	5276.5	0.7066	0.061818	20.865	3	14	28	46	83	103	85	126	138	138	236
1120	10	300	6	0.0104	1	5.59566	1.0	0.0	327.9	0.1714	0.019796	2.5199	325.19	87240.0	1.0	0.0	310.96	0	0	0	0	0	0	0	0	0	0	1000
1138	10	300	7	0.0104	1	4.14939	1.0	0.0	294.72	0.20234	0.03378	1.5984	292.88	71942.0	0.9999	1e-05	291.26	0	0	0	0	0	0	0	0	0	0	1000
1156	10	300	8	0.0104	1	13.3188	0.9978	0.0002354	213.82	0.24104	0.058201	1.0011	212.52	52110.0	0.9972	0.00033249	217.47	0	0	0	0	0	0	0	0	1	20	979
1174	10	300	9	0.0104	1	15.5996	0.9849	0.0021041	139.23	0.26001	0.077052	0.63163	138.26	33983.0	0.9837	0.0023066	132.29	0	0	0	0	0	0	1	5	20	92	882
1192	10	300	10	0.0104	1	17.5599	0.9475	0.0098236	88.339	0.29482	0.1252	0.44215	87.475	20281.0	0.943	0.011262	80.051	0	0	0	0	2	4	18	41	65	168	702
1210	10	300	11	0.0104	1	14.482	0.8721	0.026178	48.453	0.3183	0.13047	0.29307	47.71	11428.0	0.8661	0.02885	48.24	0	0	1	8	17	30	56	91	126	214	457
1228	10	300	12	0.0104	1	9.61122	0.7547	0.052971	27.702	0.34465	0.15251	0.33387	26.87	6201.9	0.759	0.05073	25.468	0	8	18	40	43	98	115	122	115	153	288
1246	10	350	6	0.0104	1	4.80977	1.0	0.0	364.96	0.20259	0.023303	2.7399	361.99	89246.0	1.0	0.0	368.41	0	0	0	0	0	0	0	0	0	0	1000
1264	10	350	7	0.0104	1	4.99112	1.0	0.0	286.9	0.22167	0.034994	1.7386	284.91	74755.0	1.0	0.0	299.74	0	0	0	0	0	0	0	0	0	0	1000
1282	10	350	8	0.0104	1	4.85117	0.9983	0.00020732	214.94	0.24988	0.060442	1.1172	213.51	56069.0	0.9992	7.9439e-05	214.05	0	0	0	0	0	0	0	0	2	13	985
1300	10	350	9	0.0104	1	19.574	0.9919	0.0010855	153.13	0.29434	0.095476	0.71885	152.03	37374.0	0.9908	0.0011165	148.09	0	0	0	0	0	0	0	2	11	53	934
1318	10	350	10	0.0104	1	4.8741	0.9629	0.0067003	87.998	0.31218	0.10503	0.58044	86.999	22704.0	0.9585	0.0073551	87.141	0	0	0	0	1	2	10	25	48	144	770
1336	10	350	11	0.0104	1	5.23109	0.896	0.020545	50.998	0.34583	0.13129	0.45662	50.063	13001.0	0.8929	0.022242	50.125	0	0	1	2	4	25	46	92	115	179	536
1354	10	350	12	0.0104	1	5.11944	0.7942	0.047234	28.333	0.35259	0.15701	0.36726	27.455	7086.6	0.7842	0.04922	27.629	1	5	11	28	47	63	91	100	146	166	342
1372	10	400	6	0.0104	1	5.98608	0.9999	1e-05	352.0	0.22122	0.029583	2.963	348.78	90594.0	1.0	0.0	350.16	0	0	0	0	0	0	0	0	0	1	999
1390	10	400	7	0.0104	1	5.02917	0.9999	1e-05	313.16	0.261	0.036187	1.9205	310.94	77481.0	1.0	0.0	318.74	0	0	0	0	0	0	0	0	0	1	999
1408	10	400	8	0.0104	1	5.84214	0.9994	5.97e-05	228.67	0.29201	0.069812	1.2571	227.05	59385.0	0.9999	1e-05	226.74	0	0	0	0	0	0	0	0	0	6	994
1426	10	400	9	0.0104	1	17.6508	0.9942	0.00080717	165.49	0.32279	0.098876	0.82263	164.25	40247.0	0.9924	0.0010233	156.91	0	0	0	0	0	0	0	2	7	38	953
1444	10	400	10	0.0104	1	13.3348	0.9706	0.0047604	102.29	0.35867	0.14517	0.56216	101.22	25039.0	0.9667	0.005907	98.068	0	0	0	0	0	0	6	18	44	128	804
1462	10	400	11	0.0104	1	5.7822	0.9156	0.016593	57.132	0.38206	0.15823	0.51156	56.079	14463.0	0.9097	0.018394	55.839	0	0	0	0	6	13	40	65	108	172	596
1480	10	400	12	0.0104	1	18.7963	0.8183	0.039935	33.626	0.47399	0.22251	0.29788	32.63	7969.0	0.8144	0.040753	33.875	0	2	6	15	40	60	85	118	118	176	380
1498	10	500	6	0.0104	1	19.0994	1.0	0.0	376.53	0.28701	0.034618	3.6641	372.54	92582.0	1.0	0.0	361.24	0	0	0	0	0	0	0	0	0	0	1000
1516	10	500	7	0.0104	1	5.44614	1.0	0.0	329.05	0.3161	0.054841	2.4908	326.18	82246.0	1.0	0.0	329.89	0	0	0	0	0	0	0	0	0	0	1000
1534	10	500	8	0.0104	1	6.31734	0.9998	1.998e-05	263.01	0.3556	0.088695	1.5433	261.02	64545.0	0.9999	1e-05	261.61	0	0	0	0	0	0	0	0	0	2	998
1552	10	500	9	0.0104	1	26.4807	0.9979	0.0002058	189.16	0.41525	0.11153	1.0215	187.61	45680.0	0.9969	0.00038077	179.97	0	0	0	0	0	0	0	0	0	21	979
1570	10	500	10	0.0104	1	21.4345	0.9843	0.0020656	119.42	0.4621	0.17797	0.69246	118.09	28978.0	0.9836	0.0028739	118.11	0	0	0	0	0	0	0	6	19	101	874
1588	10	500	11	0.0104	1	27.298	0.9415	0.011279	72.41	0.52853	0.22079	0.52969	71.129	17155.0	0.9385	0.01234	73.101	0	0	1	0	3	5	22	34	85	174	676
1606	10	500	12	0.0104	1	10.1226	0.8606	0.030338	41.209	0.50967	0.25889	0.51499	39.924	9641.5	0.8613	0.028721	38.651	0	0	6	7	20	44	52	96	135	191	449
