k n_trees search_k build_time recall var_recall query_time val_recall val_var_recall val_query_time r0 r1 r2 r3 r4 r5 r6 r7 r8 r9 r10
10 1 25 0.212284 0.6162 0.077895 0.18114 0.6089 0.079931 0.18457 18 47 54 82 93 104 124 103 113 120 142 
10 1 50 0.21228 0.6162 0.077895 0.18248 0.6089 0.079931 0.18535 18 47 54 82 93 104 124 103 113 120 142 
10 1 100 0.21228 0.6162 0.077895 0.18264 0.6089 0.079931 0.18618 18 47 54 82 93 104 124 103 113 120 142 
10 1 200 0.21228 0.6162 0.077895 0.18191 0.6089 0.079931 0.18941 18 47 54 82 93 104 124 103 113 120 142 
10 1 400 0.21228 0.6337 0.076871 0.19745 0.6279 0.07805 0.19937 15 45 48 75 88 100 126 104 115 125 159 
10 1 1000 0.21228 0.832 0.042859 0.4163 0.8327 0.040361 0.4207 0 6 10 21 32 46 72 96 115 171 431 
10 1 2000 0.21228 0.9401 0.013776 0.7869 0.9374 0.013835 0.75245 0 0 0 2 3 14 29 33 68 146 705 
10 1 4000 0.21228 0.9828 0.0031673 1.4072 0.9809 0.0045898 1.4088 0 0 0 0 0 0 5 10 27 68 890 
10 1 10000 0.21228 0.9978 0.00029546 3.4145 0.9986 0.00023828 3.406 0 0 0 0 0 0 0 0 4 14 982 
10 1 20000 0.21228 0.9999 1e-05 6.7467 0.9998 1.998e-05 6.7349 0 0 0 0 0 0 0 0 0 1 999 
10 1 40000 0.21228 1 0 13.105 1 0 12.935 0 0 0 0 0 0 0 0 0 0 1000 
10 1 100000 0.21228 1 0 17.572 1 0 17.485 0 0 0 0 0 0 0 0 0 0 1000 
10 1 200000 0.21228 1 0 17.562 1 0 17.492 0 0 0 0 0 0 0 0 0 0 1000 
10 1 400000 0.21228 1 0 17.556 1 0 17.495 0 0 0 0 0 0 0 0 0 0 1000 
10 5 25 0.677023 0.7714 0.056619 0.189 0.7694 0.05674 0.19213 5 10 27 26 48 65 100 100 141 153 325 
10 5 50 0.67702 0.7714 0.056619 0.28258 0.7694 0.05674 0.26409 5 10 27 26 48 65 100 100 141 153 325 
10 5 100 0.67702 0.7714 0.056619 0.28308 0.7694 0.05674 0.25316 5 10 27 26 48 65 100 100 141 153 325 
10 5 200 0.67702 0.7714 0.056619 0.25941 0.7694 0.05674 0.19316 5 10 27 26 48 65 100 100 141 153 325 
10 5 400 0.67702 0.7755 0.056146 0.1957 0.7773 0.05577 0.20691 5 10 26 26 46 64 95 101 140 156 331 
10 5 1000 0.67702 0.8784 0.029363 0.33586 0.8817 0.028604 0.34863 0 1 7 9 16 31 46 79 114 188 509 
10 5 2000 0.67702 0.9347 0.015421 0.52759 0.938 0.013409 0.52282 0 0 1 6 3 14 18 43 81 152 682 
10 5 4000 0.67702 0.9761 0.0051439 0.85453 0.9781 0.0048753 0.85717 0 0 0 0 1 4 4 20 27 83 861 
10 5 10000 0.67702 0.9968 0.00051027 1.8798 0.9972 0.00039255 1.8674 0 0 0 0 0 0 0 3 1 21 975 
10 5 20000 0.67702 0.9994 0.00011976 3.5251 0.9995 6.982e-05 3.4916 0 0 0 0 0 0 0 1 0 3 996 
10 5 40000 0.67702 1 0 6.5375 0.9999 1e-05 6.5274 0 0 0 0 0 0 0 0 0 0 1000 
10 5 100000 0.67702 1 0 13.919 1 0 13.97 0 0 0 0 0 0 0 0 0 0 1000 
10 5 200000 0.67702 1 0 23.497 1 0 23.457 0 0 0 0 0 0 0 0 0 0 1000 
10 5 400000 0.67702 1 0 29.121 1 0 33.686 0 0 0 0 0 0 0 0 0 0 1000 
10 10 25 1.2435 0.835 0.038473 0.19279 0.8339 0.0395 0.1974 1 5 8 12 27 53 65 99 135 193 402 
10 10 50 1.2435 0.835 0.038473 0.20162 0.8339 0.0395 0.20725 1 5 8 12 27 53 65 99 135 193 402 
10 10 100 1.2435 0.835 0.038473 0.29978 0.8339 0.0395 0.27268 1 5 8 12 27 53 65 99 135 193 402 
10 10 200 1.2435 0.835 0.038473 0.22638 0.8339 0.0395 0.22977 1 5 8 12 27 53 65 99 135 193 402 
10 10 400 1.2435 0.8397 0.037331 0.24001 0.841 0.037897 0.23857 0 5 8 11 27 51 63 97 129 199 410 
10 10 1000 1.2435 0.9222 0.016524 0.3867 0.9211 0.017502 0.39 0 0 3 1 7 14 27 41 104 196 607 
10 10 2000 1.2435 0.9601 0.008046 0.56573 0.9629 0.0077413 0.55718 0 0 0 1 2 8 5 26 43 156 759 
10 10 4000 1.2435 0.9826 0.0030203 0.75129 0.9857 0.0023078 0.76075 0 0 0 0 0 1 2 11 24 80 882 
10 10 10000 1.2435 0.9981 0.00022662 1.5148 0.998 0.00027628 1.5016 0 0 0 0 0 0 0 0 2 15 983 
10 10 20000 1.2435 0.9998 1.998e-05 2.7983 0.9996 3.988e-05 2.7613 0 0 0 0 0 0 0 0 0 2 998 
10 10 40000 1.2435 1 0 5.2101 1 0 5.1838 0 0 0 0 0 0 0 0 0 0 1000 
10 10 100000 1.2435 1 0 11.489 1 0 11.527 0 0 0 0 0 0 0 0 0 0 1000 
10 10 200000 1.2435 1 0 20.125 1 0 20.239 0 0 0 0 0 0 0 0 0 0 1000 
10 10 400000 1.2435 1 0 34.665 1 0 34.166 0 0 0 0 0 0 0 0 0 0 1000 
10 25 25 2.92888 0.8663 0.032727 0.21495 0.8718 0.032437 0.22305 0 6 3 10 23 34 52 77 122 198 475 
10 25 50 2.9289 0.8663 0.032727 0.21539 0.8718 0.032437 0.21603 0 6 3 10 23 34 52 77 122 198 475 
10 25 100 2.9289 0.8663 0.032727 0.21395 0.8718 0.032437 0.21817 0 6 3 10 23 34 52 77 122 198 475 
10 25 200 2.9289 0.8663 0.032727 0.21434 0.8718 0.032437 0.21591 0 6 3 10 23 34 52 77 122 198 475 
10 25 400 2.9289 0.8704 0.031435 0.21908 0.8759 0.0312 0.22147 0 6 3 8 21 31 54 73 126 194 484 
10 25 1000 2.9289 0.941 0.013292 0.34202 0.9361 0.014081 0.34795 0 0 3 2 4 9 16 33 72 176 685 
10 25 2000 2.9289 0.9671 0.0077553 0.48032 0.967 0.0068378 0.48483 0 0 1 2 3 4 5 17 41 116 811 
10 25 4000 2.9289 0.9852 0.0028638 0.6935 0.9849 0.0028849 0.69953 0 0 0 0 0 3 3 5 17 72 900 
10 25 10000 2.9289 0.995 0.00075576 1.2203 0.9967 0.00041953 1.2378 0 0 0 0 0 0 1 1 5 33 960 
10 25 20000 2.9289 0.9995 4.98e-05 2.0706 0.9996 3.988e-05 2.071 0 0 0 0 0 0 0 0 0 5 995 
10 25 40000 2.9289 1 0 3.8434 1 0 3.8248 0 0 0 0 0 0 0 0 0 0 1000 
10 25 100000 2.9289 1 0 8.9787 1 0 8.9401 0 0 0 0 0 0 0 0 0 0 1000 
10 25 200000 2.9289 1 0 16.406 1 0 16.53 0 0 0 0 0 0 0 0 0 0 1000 
10 25 400000 2.9289 1 0 30.016 1 0 32.831 0 0 0 0 0 0 0 0 0 0 1000 
10 50 25 6.22707 0.8865 0.027375 0.24696 0.8907 0.027231 0.24971 0 2 1 8 22 34 35 64 104 211 519 
10 50 50 6.2271 0.8865 0.027375 0.243 0.8907 0.027231 0.24511 0 2 1 8 22 34 35 64 104 211 519 
10 50 100 6.2271 0.8865 0.027375 0.24874 0.8907 0.027231 0.25375 0 2 1 8 22 34 35 64 104 211 519 
10 50 200 6.2271 0.8865 0.027375 0.24337 0.8907 0.027231 0.24562 0 2 1 8 22 34 35 64 104 211 519 
10 50 400 6.2271 0.8903 0.026142 0.24885 0.8935 0.026835 0.251 0 2 1 7 20 31 35 63 103 212 526 
10 50 1000 6.2271 0.9464 0.011799 0.36819 0.9477 0.011646 0.36779 0 0 0 3 5 9 13 33 60 169 708 
10 50 2000 6.2271 0.9709 0.0066298 0.50235 0.9717 0.0064155 0.50346 0 0 0 2 2 4 5 15 41 98 833 
10 50 4000 6.2271 0.9849 0.0032653 0.69593 0.9863 0.0027851 0.69865 0 0 0 1 1 1 2 7 20 64 904 
10 50 10000 6.2271 0.9948 0.00095391 1.1681 0.996 0.00062462 1.1684 0 0 0 0 0 1 1 1 4 32 961 
10 50 20000 6.2271 0.998 0.00037638 1.8352 0.9991 0.0001093 1.8468 0 0 0 0 0 0 1 0 3 10 986 
10 50 40000 6.2271 0.9999 1e-05 3.1879 1 0 3.1938 0 0 0 0 0 0 0 0 0 1 999 
10 50 100000 6.2271 1 0 7.4332 1 0 7.3734 0 0 0 0 0 0 0 0 0 0 1000 
10 50 200000 6.2271 1 0 14.101 1 0 14.142 0 0 0 0 0 0 0 0 0 0 1000 
10 50 400000 6.2271 1 0 26.368 1 0 28.019 0 0 0 0 0 0 0 0 0 0 1000 
10 100 25 11.5636 0.9067 0.022367 0.29694 0.909 0.022622 0.29976 0 1 2 5 14 24 31 48 109 183 583 
10 100 50 11.564 0.9067 0.022367 0.2963 0.909 0.022622 0.29984 0 1 2 5 14 24 31 48 109 183 583 
10 100 100 11.564 0.9067 0.022367 0.29646 0.909 0.022622 0.29939 0 1 2 5 14 24 31 48 109 183 583 
10 100 200 11.564 0.9067 0.022367 0.29795 0.909 0.022622 0.30163 0 1 2 5 14 24 31 48 109 183 583 
10 100 400 11.564 0.91 0.021001 0.30011 0.911 0.022001 0.30241 0 1 2 4 12 21 31 48 108 186 587 
10 100 1000 11.564 0.9531 0.010161 0.41934 0.9528 0.010723 0.42401 0 0 0 4 3 4 12 27 61 152 737 
10 100 2000 11.564 0.9751 0.0052953 0.54577 0.975 0.0049199 0.55295 0 0 0 2 2 0 4 14 33 99 846 
10 100 4000 11.564 0.9859 0.0028941 0.73649 0.9882 0.0019227 0.7385 0 0 0 1 0 2 1 5 22 61 908 
10 100 10000 11.564 0.994 0.0011451 1.1682 0.9962 0.00060617 1.1764 0 0 0 0 0 1 1 2 7 31 958 
10 100 20000 11.564 0.9974 0.00059383 1.7668 0.9989 0.0001089 1.7719 0 0 0 0 0 1 0 1 4 10 984 
10 100 40000 11.564 0.999 0.00017918 2.8678 0.9996 3.988e-05 2.8753 0 0 0 0 0 0 0 1 1 5 993 
10 100 100000 11.564 1 0 6.3189 1 0 6.2561 0 0 0 0 0 0 0 0 0 0 1000 
10 100 200000 11.564 1 0 12.202 1 0 12.132 0 0 0 0 0 0 0 0 0 0 1000 
10 100 400000 11.564 1 0 23.622 1 0 24.064 0 0 0 0 0 0 0 0 0 0 1000 
10 200 25 23.5267 0.9148 0.020642 0.41574 0.9218 0.019504 0.41904 0 2 1 3 10 25 26 48 105 162 618 
10 200 50 23.527 0.9148 0.020642 0.40817 0.9218 0.019504 0.40645 0 2 1 3 10 25 26 48 105 162 618 
10 200 100 23.527 0.9148 0.020642 0.40219 0.9218 0.019504 0.4038 0 2 1 3 10 25 26 48 105 162 618 
10 200 200 23.527 0.9148 0.020642 0.54728 0.9218 0.019504 0.51149 0 2 1 3 10 25 26 48 105 162 618 
10 200 400 23.527 0.9174 0.019697 0.51755 0.9234 0.019232 0.51783 0 1 1 4 9 23 26 47 102 163 624 
10 200 1000 23.527 0.9558 0.0099163 0.67865 0.956 0.010635 0.6817 0 0 0 3 3 4 18 19 59 136 758 
10 200 2000 23.527 0.9765 0.0049427 0.84804 0.9773 0.0043991 0.85415 0 0 0 2 1 2 3 8 38 93 853 
10 200 4000 23.527 0.9869 0.0029013 1.0887 0.9869 0.0024408 1.0918 0 0 0 2 0 1 1 4 18 60 914 
10 200 10000 23.527 0.9941 0.0011964 1.6146 0.9954 0.0005594 1.6117 0 0 0 0 0 2 1 0 6 33 958 
10 200 20000 23.527 0.9966 0.00058903 2.2799 0.9979 0.00022582 2.2878 0 0 0 0 0 0 1 1 4 19 975 
10 200 40000 23.527 0.9983 0.00026738 3.4527 0.9992 7.9439e-05 3.433 0 0 0 0 0 0 0 1 2 10 987 
10 200 100000 23.527 0.9998 1.998e-05 6.6223 0.9999 1e-05 6.8191 0 0 0 0 0 0 0 0 0 2 998 
10 200 200000 23.527 1 0 11.949 1 0 11.515 0 0 0 0 0 0 0 0 0 0 1000 
10 200 400000 23.527 1 0 21.994 1 0 22.833 0 0 0 0 0 0 0 0 0 0 1000 
10 400 25 46.2214 0.9226 0.019228 0.6222 0.9274 0.018728 0.61773 0 1 3 3 10 16 26 42 98 154 647 
10 400 50 46.221 0.9226 0.019228 0.61755 0.9274 0.018728 0.61534 0 1 3 3 10 16 26 42 98 154 647 
10 400 100 46.221 0.9226 0.019228 0.61672 0.9274 0.018728 0.61929 0 1 3 3 10 16 26 42 98 154 647 
10 400 200 46.221 0.9226 0.019228 0.61661 0.9274 0.018728 0.6231 0 1 3 3 10 16 26 42 98 154 647 
10 400 400 46.221 0.9243 0.019039 0.80691 0.9284 0.018692 0.7699 0 1 3 3 10 16 26 39 93 156 653 
10 400 1000 46.221 0.9589 0.0090899 0.98277 0.9621 0.0085622 0.98379 0 0 0 3 2 4 15 18 56 132 770 
10 400 2000 46.221 0.9746 0.0056605 1.1289 0.9799 0.0038498 1.1257 0 0 0 3 1 1 5 11 37 95 847 
10 400 4000 46.221 0.9864 0.0028379 1.3712 0.9899 0.0016296 1.3751 0 0 0 1 1 2 0 3 18 68 907 
10 400 10000 46.221 0.994 0.0011051 1.9001 0.9949 0.00074473 1.8908 0 0 0 0 0 2 0 0 7 36 955 
10 400 20000 46.221 0.997 0.00055155 2.562 0.9976 0.00029453 2.5591 0 0 0 0 0 1 0 0 3 19 977 
10 400 40000 46.221 0.9979 0.00036596 3.6643 0.9991 8.9279e-05 3.7126 0 0 0 0 0 0 1 0 2 13 984 
10 400 100000 46.221 0.9992 0.00011948 6.6486 0.9997 2.994e-05 6.6516 0 0 0 0 0 0 0 0 2 4 994 
10 400 200000 46.221 0.9998 1.998e-05 11.389 0.9999 1e-05 11.324 0 0 0 0 0 0 0 0 0 2 998 
10 400 400000 46.221 1 0 20.907 1 0 20.666 0 0 0 0 0 0 0 0 0 0 1000 
