k m efc search build_time recall var_recall query_time val_recall val_var_recall val_query_time r0 r1 r2 r3 r4 r5 r6 r7 r8 r9 r10
10 4 100 10 1.09843 0.5817 0.11893 0.042863 0.5913 0.11957 0.042225 161 35 39 36 44 60 89 99 154 169 114 
10 4 100 20 1.0984 0.8006 0.08076 0.070865 0.7802 0.089938 0.071015 63 12 8 14 22 32 44 73 107 193 432 
10 4 100 40 1.0984 0.9158 0.034345 0.10891 0.9175 0.034638 0.11388 24 0 2 4 2 13 19 31 62 188 655 
10 4 100 60 1.0984 0.9501 0.01958 0.15241 0.9494 0.019839 0.15396 11 1 3 1 2 4 6 25 36 146 765 
10 4 100 80 1.0984 0.9628 0.01391 0.18833 0.9633 0.012756 0.19128 7 0 1 2 2 4 7 17 30 109 821 
10 4 100 100 1.0984 0.9717 0.008858 0.22616 0.9737 0.0070253 0.22987 4 0 1 0 0 3 5 16 25 102 844 
10 4 100 120 1.0984 0.9744 0.0080327 0.26424 0.9792 0.0053928 0.26515 3 1 1 0 0 2 3 15 24 94 857 
10 4 100 200 1.0984 0.9832 0.0033411 0.41907 0.9855 0.0031229 0.42127 0 0 1 0 0 1 2 9 20 80 887 
10 4 100 400 1.0984 0.987 0.0021131 0.86009 0.9892 0.0018052 0.84772 0 0 0 0 0 1 1 5 18 70 905 
10 4 100 600 1.0984 0.9893 0.0016772 1.3476 0.99 0.0016817 1.3682 0 0 0 0 0 1 1 2 14 64 918 
10 4 100 800 1.0984 0.9897 0.0015254 1.9626 0.9911 0.0013922 2.0118 0 0 0 0 0 0 2 2 12 65 919 
10 4 100 1000 1.0984 0.9901 0.0014534 2.7032 0.9916 0.0012907 2.7142 0 0 0 0 0 0 2 2 10 65 921 
10 4 100 1200 1.0984 0.9903 0.0014373 3.522 0.9916 0.0012907 3.5313 0 0 0 0 0 0 2 2 10 63 923 
10 4 100 1500 1.0984 0.9905 0.0013811 4.9315 0.9922 0.0011603 4.9541 0 0 0 0 0 0 2 1 11 62 924 
10 4 100 2000 1.0984 0.991 0.0013203 7.7162 0.9922 0.0011603 7.8018 0 0 0 0 0 0 2 1 10 59 928 
10 4 500 10 3.30981 0.5883 0.11731 0.04674 0.6024 0.11471 0.047617 156 33 35 39 45 59 91 104 146 174 118 
10 4 500 20 3.3098 0.8221 0.067429 0.073209 0.808 0.070787 0.073623 50 5 6 11 22 34 40 65 127 198 442 
10 4 500 40 3.3098 0.9372 0.022158 0.1209 0.9364 0.023338 0.1216 10 1 5 1 3 8 17 22 50 180 703 
10 4 500 60 3.3098 0.9673 0.0095503 0.16258 0.9676 0.0095598 0.16492 4 1 0 0 0 3 9 12 31 129 811 
10 4 500 80 3.3098 0.9781 0.0060965 0.20306 0.9771 0.0068925 0.20453 3 0 0 0 0 1 3 9 29 87 868 
10 4 500 100 3.3098 0.9819 0.0052476 0.24352 0.9842 0.0035739 0.24841 3 0 0 0 0 0 2 6 23 79 887 
10 4 500 120 3.3098 0.9851 0.0046326 0.28469 0.988 0.0026787 0.28758 3 0 0 0 0 0 1 3 18 70 905 
10 4 500 200 3.3098 0.9927 0.00091763 0.45265 0.9912 0.0021647 0.4572 0 0 0 0 0 0 0 2 6 55 937 
10 4 500 400 3.3098 0.9948 0.00059355 0.9268 0.9939 0.00089368 0.91564 0 0 0 0 0 0 0 0 5 42 953 
10 4 500 600 3.3098 0.9959 0.00045364 1.4118 0.9948 0.00061357 1.436 0 0 0 0 0 0 0 0 3 35 962 
10 4 500 800 3.3098 0.9964 0.00040745 2.0546 0.9957 0.00047198 2.0409 0 0 0 0 0 0 0 0 3 30 967 
10 4 500 1000 3.3098 0.9966 0.00036881 2.8125 0.9961 0.00041521 2.8079 0 0 0 0 0 0 0 0 2 30 968 
10 4 500 1200 3.3098 0.9967 0.00035947 3.6804 0.9963 0.00039671 3.6745 0 0 0 0 0 0 0 0 2 29 969 
10 4 500 1500 3.3098 0.9968 0.00035011 5.0982 0.9966 0.00036881 5.0769 0 0 0 0 0 0 0 0 2 28 970 
10 4 500 2000 3.3098 0.9971 0.00030189 8.0143 0.9967 0.00035947 7.9384 0 0 0 0 0 0 0 0 1 27 972 
10 8 100 10 1.51753 0.8443 0.040908 0.063684 0.83 0.043163 0.062792 13 5 11 8 19 34 36 82 149 266 377 
10 8 100 20 1.5175 0.9525 0.014628 0.096664 0.9465 0.012901 0.096736 6 0 1 1 6 4 10 20 37 170 745 
10 8 100 40 1.5175 0.9879 0.0031868 0.15615 0.9858 0.003662 0.1558 1 0 1 0 0 0 2 2 15 59 920 
10 8 100 60 1.5175 0.9936 0.0010201 0.20625 0.9933 0.0017068 0.20893 0 0 0 0 0 1 0 0 11 37 951 
10 8 100 80 1.5175 0.996 0.00048448 0.25868 0.9957 0.00061212 0.25968 0 0 0 0 0 0 0 0 5 30 965 
10 8 100 100 1.5175 0.9971 0.00034193 0.30507 0.9972 0.00033249 0.30906 0 0 0 0 0 0 0 0 3 23 974 
10 8 100 120 1.5175 0.9973 0.00032303 0.38089 0.9975 0.00028403 0.38591 0 0 0 0 0 0 0 0 3 21 976 
10 8 100 200 1.5175 0.9984 0.00017762 0.5885 0.9984 0.00017762 0.56035 0 0 0 0 0 0 0 0 1 14 985 
10 8 100 400 1.5175 0.9991 8.9279e-05 1.0369 0.9989 0.00012892 1.0455 0 0 0 0 0 0 0 0 0 9 991 
10 8 100 600 1.5175 0.9992 7.9439e-05 1.6259 0.9991 8.9279e-05 1.6216 0 0 0 0 0 0 0 0 0 8 992 
10 8 100 800 1.5175 0.9994 5.97e-05 2.3073 0.9992 7.9439e-05 2.3335 0 0 0 0 0 0 0 0 0 6 994 
10 8 100 1000 1.5175 0.9994 5.97e-05 3.071 0.9992 7.9439e-05 3.1006 0 0 0 0 0 0 0 0 0 6 994 
10 8 100 1200 1.5175 0.9995 4.98e-05 3.9853 0.9993 6.958e-05 3.9915 0 0 0 0 0 0 0 0 0 5 995 
10 8 100 1500 1.5175 0.9996 3.988e-05 5.5303 0.9993 6.958e-05 5.5573 0 0 0 0 0 0 0 0 0 4 996 
10 8 100 2000 1.5175 0.9997 2.994e-05 8.5657 0.9993 6.958e-05 8.6146 0 0 0 0 0 0 0 0 0 3 997 
10 8 500 10 4.3416 0.8484 0.035513 0.072034 0.8388 0.036151 0.071864 7 4 8 12 20 28 40 88 146 286 361 
10 8 500 20 4.3416 0.9555 0.01036 0.11444 0.9524 0.009804 0.11408 2 1 1 1 1 4 8 21 53 174 734 
10 8 500 40 4.3416 0.9906 0.0012329 0.18415 0.9885 0.0030808 0.18524 0 0 0 0 0 0 0 1 16 59 924 
10 8 500 60 4.3416 0.9953 0.00062854 0.24931 0.9942 0.0015479 0.24957 0 0 0 0 0 0 0 0 9 29 962 
10 8 500 80 4.3416 0.9973 0.00034305 0.30581 0.9973 0.00032303 0.31059 0 0 0 0 0 0 0 0 4 19 977 
10 8 500 100 4.3416 0.9985 0.00018794 0.36469 0.9981 0.00024664 0.36927 0 0 0 0 0 0 0 0 2 11 987 
10 8 500 120 4.3416 0.9989 0.00014894 0.42086 0.9986 0.00019824 0.4247 0 0 0 0 0 0 0 0 2 7 991 
10 8 500 200 4.3416 0.9997 2.994e-05 0.64126 0.9995 4.98e-05 0.64596 0 0 0 0 0 0 0 0 0 3 997 
10 8 500 400 4.3416 0.9998 1.998e-05 1.1879 0.9997 2.994e-05 1.1756 0 0 0 0 0 0 0 0 0 2 998 
10 8 500 600 4.3416 0.9998 1.998e-05 1.8958 0.9997 2.994e-05 1.8359 0 0 0 0 0 0 0 0 0 2 998 
10 8 500 800 4.3416 0.9998 1.998e-05 2.432 0.9997 2.994e-05 2.4536 0 0 0 0 0 0 0 0 0 2 998 
10 8 500 1000 4.3416 0.9998 1.998e-05 3.3068 0.9997 2.994e-05 3.2529 0 0 0 0 0 0 0 0 0 2 998 
10 8 500 1200 4.3416 0.9998 1.998e-05 4.2018 0.9997 2.994e-05 4.1771 0 0 0 0 0 0 0 0 0 2 998 
10 8 500 1500 4.3416 0.9999 1e-05 5.801 0.9997 2.994e-05 5.8148 0 0 0 0 0 0 0 0 0 1 999 
10 8 500 2000 4.3416 1 0 8.9914 0.9997 2.994e-05 8.9612 0 0 0 0 0 0 0 0 0 0 1000 
10 12 100 10 1.58854 0.8797 0.029427 0.082316 0.8804 0.026743 0.083145 5 4 2 5 16 25 46 56 128 237 476 
10 12 100 20 1.5885 0.9633 0.010013 0.12617 0.9633 0.0086317 0.12622 4 0 0 0 2 2 14 11 37 142 788 
10 12 100 40 1.5885 0.9904 0.003131 0.1955 0.9897 0.003107 0.21531 2 0 0 0 1 0 0 0 8 54 935 
10 12 100 60 1.5885 0.9951 0.0014274 0.28638 0.9953 0.00060852 0.28181 1 0 0 0 0 0 0 0 3 33 963 
10 12 100 80 1.5885 0.9974 0.00025349 0.33455 0.9977 0.00026497 0.34012 0 0 0 0 0 0 0 0 0 26 974 
10 12 100 100 1.5885 0.9985 0.0001479 0.36665 0.9981 0.0002066 0.36678 0 0 0 0 0 0 0 0 0 15 985 
10 12 100 120 1.5885 0.9989 0.0001089 0.41788 0.9986 0.00013818 0.42794 0 0 0 0 0 0 0 0 0 11 989 
10 12 100 200 1.5885 0.9995 4.98e-05 0.66254 0.9993 6.958e-05 0.61784 0 0 0 0 0 0 0 0 0 5 995 
10 12 100 400 1.5885 0.9998 1.998e-05 1.1363 0.9997 2.994e-05 1.1081 0 0 0 0 0 0 0 0 0 2 998 
10 12 100 600 1.5885 0.9998 1.998e-05 1.7116 0.9998 1.998e-05 1.7166 0 0 0 0 0 0 0 0 0 2 998 
10 12 100 800 1.5885 1 0 2.6516 0.9999 1e-05 2.4246 0 0 0 0 0 0 0 0 0 0 1000 
10 12 100 1000 1.5885 1 0 3.2343 0.9999 1e-05 3.2353 0 0 0 0 0 0 0 0 0 0 1000 
10 12 100 1200 1.5885 1 0 4.2756 0.9999 1e-05 4.2099 0 0 0 0 0 0 0 0 0 0 1000 
10 12 100 1500 1.5885 1 0 5.7012 0.9999 1e-05 5.7061 0 0 0 0 0 0 0 0 0 0 1000 
10 12 100 2000 1.5885 1 0 8.8594 0.9999 1e-05 8.8103 0 0 0 0 0 0 0 0 0 0 1000 
10 12 500 10 4.77948 0.8941 0.021957 0.087751 0.8864 0.0248 0.088005 4 1 1 2 12 17 29 56 150 247 481 
10 12 500 20 4.7795 0.9703 0.0067947 0.13655 0.9707 0.0061577 0.13882 2 0 0 0 1 2 6 12 38 125 814 
10 12 500 40 4.7795 0.9938 0.0017833 0.22153 0.9939 0.0024953 0.22166 0 1 0 1 0 0 0 0 3 40 955 
10 12 500 60 4.7795 0.9978 0.0002354 0.29307 0.9974 0.00053377 0.29825 0 0 0 0 0 0 0 0 1 20 979 
10 12 500 80 4.7795 0.9989 0.0001089 0.36434 0.9992 7.9439e-05 0.36697 0 0 0 0 0 0 0 0 0 11 989 
10 12 500 100 4.7795 0.9996 3.988e-05 0.43252 0.9995 4.98e-05 0.43387 0 0 0 0 0 0 0 0 0 4 996 
10 12 500 120 4.7795 0.9998 1.998e-05 0.49454 0.9997 2.994e-05 0.49678 0 0 0 0 0 0 0 0 0 2 998 
10 12 500 200 4.7795 1 0 0.73532 0.9999 1e-05 0.74332 0 0 0 0 0 0 0 0 0 0 1000 
10 12 500 400 4.7795 1 0 1.3755 0.9999 1e-05 1.4317 0 0 0 0 0 0 0 0 0 0 1000 
10 12 500 600 4.7795 1 0 2.0924 0.9999 1e-05 2.1027 0 0 0 0 0 0 0 0 0 0 1000 
10 12 500 800 4.7795 1 0 2.8679 1 0 2.8858 0 0 0 0 0 0 0 0 0 0 1000 
10 12 500 1000 4.7795 1 0 3.6531 1 0 3.436 0 0 0 0 0 0 0 0 0 0 1000 
10 12 500 1200 4.7795 1 0 4.954 1 0 4.4985 0 0 0 0 0 0 0 0 0 0 1000 
10 12 500 1500 4.7795 1 0 5.7815 1 0 5.8316 0 0 0 0 0 0 0 0 0 0 1000 
10 12 500 2000 4.7795 1 0 9.0216 1 0 8.9312 0 0 0 0 0 0 0 0 0 0 1000 
10 16 100 10 1.69041 0.9062 0.021483 0.088575 0.8998 0.021822 0.089038 5 2 2 3 6 13 25 48 114 260 522 
10 16 100 20 1.6904 0.9751 0.0065966 0.1333 0.971 0.0053644 0.13506 2 0 1 0 2 1 6 6 24 114 844 
10 16 100 40 1.6904 0.9941 0.00093613 0.22841 0.993 0.0017728 0.22758 0 0 0 0 0 0 0 4 7 33 956 
10 16 100 60 1.6904 0.9975 0.00026401 0.28443 0.9954 0.0014403 0.27545 0 0 0 0 0 0 0 0 1 23 976 
10 16 100 80 1.6904 0.9981 0.0002066 0.32917 0.9973 0.0011839 0.33106 0 0 0 0 0 0 0 0 1 17 982 
10 16 100 100 1.6904 0.9989 0.0001089 0.38865 0.9979 0.0011067 0.39055 0 0 0 0 0 0 0 0 0 11 989 
10 16 100 120 1.6904 0.9989 0.0001089 0.44279 0.998 0.0010971 0.45047 0 0 0 0 0 0 0 0 0 11 989 
10 16 100 200 1.6904 0.9994 5.97e-05 0.65894 0.9996 3.988e-05 0.66775 0 0 0 0 0 0 0 0 0 6 994 
10 16 100 400 1.6904 0.9998 1.998e-05 1.1597 0.9999 1e-05 1.2587 0 0 0 0 0 0 0 0 0 2 998 
10 16 100 600 1.6904 0.9998 1.998e-05 2.0337 0.9999 1e-05 1.9768 0 0 0 0 0 0 0 0 0 2 998 
10 16 100 800 1.6904 0.9999 1e-05 2.5892 0.9999 1e-05 2.4837 0 0 0 0 0 0 0 0 0 1 999 
10 16 100 1000 1.6904 0.9999 1e-05 3.3338 1 0 3.3012 0 0 0 0 0 0 0 0 0 1 999 
10 16 100 1200 1.6904 0.9999 1e-05 4.2895 1 0 4.2152 0 0 0 0 0 0 0 0 0 1 999 
10 16 100 1500 1.6904 0.9999 1e-05 6.018 1 0 5.9252 0 0 0 0 0 0 0 0 0 1 999 
10 16 100 2000 1.6904 0.9999 1e-05 8.9762 1 0 8.9719 0 0 0 0 0 0 0 0 0 1 999 
10 16 500 10 4.82575 0.9144 0.01757 0.10261 0.9091 0.016564 0.10398 2 1 0 5 9 11 17 40 118 259 538 
10 16 500 20 4.8258 0.9797 0.004062 0.1731 0.9779 0.0035652 0.17422 1 0 0 0 0 1 4 6 25 104 859 
10 16 500 40 4.8258 0.9963 0.00041673 0.25586 0.9964 0.00044749 0.25176 0 0 0 0 0 0 0 0 3 31 966 
10 16 500 60 4.8258 0.9993 6.958e-05 0.35258 0.9983 0.00020732 0.35743 0 0 0 0 0 0 0 0 0 7 993 
10 16 500 80 4.8258 0.9993 6.958e-05 0.39922 0.9996 3.988e-05 0.40162 0 0 0 0 0 0 0 0 0 7 993 
10 16 500 100 4.8258 0.9994 5.97e-05 0.47053 0.9997 2.994e-05 0.47399 0 0 0 0 0 0 0 0 0 6 994 
10 16 500 120 4.8258 0.9995 4.98e-05 0.53791 0.9997 2.994e-05 0.54054 0 0 0 0 0 0 0 0 0 5 995 
10 16 500 200 4.8258 0.9999 1e-05 0.76973 0.9999 1e-05 0.74839 0 0 0 0 0 0 0 0 0 1 999 
10 16 500 400 4.8258 0.9999 1e-05 1.3368 0.9999 1e-05 1.3038 0 0 0 0 0 0 0 0 0 1 999 
10 16 500 600 4.8258 0.9999 1e-05 1.9749 0.9999 1e-05 1.9717 0 0 0 0 0 0 0 0 0 1 999 
10 16 500 800 4.8258 1 0 2.7188 0.9999 1e-05 2.723 0 0 0 0 0 0 0 0 0 0 1000 
10 16 500 1000 4.8258 1 0 3.5969 1 0 3.5825 0 0 0 0 0 0 0 0 0 0 1000 
10 16 500 1200 4.8258 1 0 4.6969 1 0 4.5678 0 0 0 0 0 0 0 0 0 0 1000 
10 16 500 1500 4.8258 1 0 6.2182 1 0 6.2504 0 0 0 0 0 0 0 0 0 0 1000 
10 16 500 2000 4.8258 1 0 9.5426 1 0 9.5069 0 0 0 0 0 0 0 0 0 0 1000 
10 24 100 10 1.76219 0.912 0.018735 0.092587 0.9097 0.017353 0.090681 3 0 4 1 3 14 31 49 97 258 540 
10 24 100 20 1.7622 0.977 0.0051762 0.149 0.9744 0.0059106 0.15021 1 0 1 0 0 1 4 14 21 107 851 
10 24 100 40 1.7622 0.9954 0.00061946 0.21573 0.9941 0.0019371 0.21817 0 0 0 0 0 0 0 0 9 28 963 
10 24 100 60 1.7622 0.9974 0.00035359 0.28327 0.9968 0.0013511 0.28902 0 0 0 0 0 0 0 0 5 16 979 
10 24 100 80 1.7622 0.9982 0.00021698 0.34841 0.9986 0.00019824 0.35333 0 0 0 0 0 0 0 0 2 14 984 
10 24 100 100 1.7622 0.9989 0.0001089 0.40778 0.9988 0.00017874 0.41206 0 0 0 0 0 0 0 0 0 11 989 
10 24 100 120 1.7622 0.9993 6.958e-05 0.46694 0.9989 0.00014894 0.47277 0 0 0 0 0 0 0 0 0 7 993 
10 24 100 200 1.7622 0.9997 2.994e-05 0.6914 0.9997 2.994e-05 0.68197 0 0 0 0 0 0 0 0 0 3 997 
10 24 100 400 1.7622 0.9998 1.998e-05 1.2067 0.9998 1.998e-05 1.2149 0 0 0 0 0 0 0 0 0 2 998 
10 24 100 600 1.7622 0.9999 1e-05 1.8371 1 0 1.8354 0 0 0 0 0 0 0 0 0 1 999 
10 24 100 800 1.7622 0.9999 1e-05 2.5554 1 0 2.5693 0 0 0 0 0 0 0 0 0 1 999 
10 24 100 1000 1.7622 0.9999 1e-05 3.4044 1 0 3.416 0 0 0 0 0 0 0 0 0 1 999 
10 24 100 1200 1.7622 0.9999 1e-05 4.4218 1 0 4.353 0 0 0 0 0 0 0 0 0 1 999 
10 24 100 1500 1.7622 1 0 5.9177 1 0 5.9793 0 0 0 0 0 0 0 0 0 0 1000 
10 24 100 2000 1.7622 1 0 9.2227 1 0 9.1625 0 0 0 0 0 0 0 0 0 0 1000 
10 24 500 10 5.39906 0.9255 0.012192 0.10879 0.9234 0.012205 0.11007 1 0 0 1 1 10 18 45 90 285 549 
10 24 500 20 5.3991 0.9843 0.0024259 0.16581 0.9832 0.003281 0.16951 0 0 0 0 1 0 0 7 19 92 881 
10 24 500 40 5.3991 0.9976 0.00029453 0.26618 0.9963 0.0012776 0.26843 0 0 0 0 0 0 0 0 3 18 979 
10 24 500 60 5.3991 0.999 0.00011912 0.35513 0.9981 0.0011075 0.35901 0 0 0 0 0 0 0 0 1 8 991 
10 24 500 80 5.3991 0.9994 5.97e-05 0.42796 0.9993 8.96e-05 0.43181 0 0 0 0 0 0 0 0 0 6 994 
10 24 500 100 5.3991 0.9997 2.994e-05 0.49771 0.9995 6.982e-05 0.49668 0 0 0 0 0 0 0 0 0 3 997 
10 24 500 120 5.3991 0.9997 2.994e-05 0.56773 0.9995 6.982e-05 0.53353 0 0 0 0 0 0 0 0 0 3 997 
10 24 500 200 5.3991 1 0 0.77552 0.9999 1e-05 0.78048 0 0 0 0 0 0 0 0 0 0 1000 
10 24 500 400 5.3991 1 0 1.4845 1 0 1.3894 0 0 0 0 0 0 0 0 0 0 1000 
10 24 500 600 5.3991 1 0 2.0603 1 0 2.0616 0 0 0 0 0 0 0 0 0 0 1000 
10 24 500 800 5.3991 1 0 2.8521 1 0 2.839 0 0 0 0 0 0 0 0 0 0 1000 
10 24 500 1000 5.3991 1 0 3.7436 1 0 3.7469 0 0 0 0 0 0 0 0 0 0 1000 
10 24 500 1200 5.3991 1 0 4.7924 1 0 4.7089 0 0 0 0 0 0 0 0 0 0 1000 
10 24 500 1500 5.3991 1 0 6.4372 1 0 6.4123 0 0 0 0 0 0 0 0 0 0 1000 
10 24 500 2000 5.3991 1 0 9.909 1 0 9.8405 0 0 0 0 0 0 0 0 0 0 1000 
10 36 100 10 1.7876 0.9172 0.017141 0.10974 0.9127 0.018647 0.11196 2 1 0 4 9 6 21 49 107 242 559 
10 36 100 20 1.7876 0.9795 0.0038536 0.15911 0.977 0.0047157 0.16139 0 0 0 0 2 1 2 10 29 92 864 
10 36 100 40 1.7876 0.9945 0.00096071 0.24329 0.9956 0.00064128 0.24221 0 0 0 0 0 1 0 1 9 29 960 
10 36 100 60 1.7876 0.9966 0.00056901 0.33746 0.9976 0.00039463 0.33898 0 0 0 0 0 0 1 1 3 21 974 
10 36 100 80 1.7876 0.9981 0.0002066 0.36712 0.9987 0.0001885 0.37039 0 0 0 0 0 0 0 0 1 17 982 
10 36 100 100 1.7876 0.9989 0.0001089 0.42853 0.999 0.00013914 0.43052 0 0 0 0 0 0 0 0 0 11 989 
10 36 100 120 1.7876 0.9993 6.958e-05 0.48755 0.9991 0.0001093 0.4881 0 0 0 0 0 0 0 0 0 7 993 
10 36 100 200 1.7876 0.9998 1.998e-05 0.71449 0.9997 2.994e-05 0.68743 0 0 0 0 0 0 0 0 0 2 998 
10 36 100 400 1.7876 0.9999 1e-05 1.2402 0.9998 1.998e-05 1.2443 0 0 0 0 0 0 0 0 0 1 999 
10 36 100 600 1.7876 0.9999 1e-05 1.8855 0.9999 1e-05 2.1881 0 0 0 0 0 0 0 0 0 1 999 
10 36 100 800 1.7876 0.9999 1e-05 2.9951 1 0 3.0264 0 0 0 0 0 0 0 0 0 1 999 
10 36 100 1000 1.7876 1 0 3.6278 1 0 3.2679 0 0 0 0 0 0 0 0 0 0 1000 
10 36 100 1200 1.7876 1 0 4.1519 1 0 4.1404 0 0 0 0 0 0 0 0 0 0 1000 
10 36 100 1500 1.7876 1 0 5.7424 1 0 5.7261 0 0 0 0 0 0 0 0 0 0 1000 
10 36 100 2000 1.7876 1 0 8.9157 1 0 8.8979 0 0 0 0 0 0 0 0 0 0 1000 
10 36 500 10 5.12022 0.9303 0.011784 0.13207 0.9318 0.010419 0.13256 0 0 0 1 6 5 17 39 103 238 591 
10 36 500 20 5.1202 0.9853 0.0021561 0.19602 0.9848 0.0019509 0.19804 0 0 0 0 0 0 1 6 21 83 889 
10 36 500 40 5.1202 0.9977 0.00024495 0.33675 0.9974 0.00029353 0.33404 0 0 0 0 0 0 0 0 1 21 978 
10 36 500 60 5.1202 0.999 9.9099e-05 0.39942 0.9989 0.00012892 0.38943 0 0 0 0 0 0 0 0 0 10 990 
10 36 500 80 5.1202 0.9994 5.97e-05 0.47567 0.9995 6.982e-05 0.47776 0 0 0 0 0 0 0 0 0 6 994 
10 36 500 100 5.1202 0.9999 1e-05 0.58527 0.9995 6.982e-05 0.55167 0 0 0 0 0 0 0 0 0 1 999 
10 36 500 120 5.1202 1 0 0.61957 0.9997 2.994e-05 0.62347 0 0 0 0 0 0 0 0 0 0 1000 
10 36 500 200 5.1202 1 0 0.89668 0.9999 1e-05 0.90227 0 0 0 0 0 0 0 0 0 0 1000 
10 36 500 400 5.1202 1 0 1.5046 0.9999 1e-05 1.4779 0 0 0 0 0 0 0 0 0 0 1000 
10 36 500 600 5.1202 1 0 2.1616 0.9999 1e-05 2.1238 0 0 0 0 0 0 0 0 0 0 1000 
10 36 500 800 5.1202 1 0 2.9135 1 0 2.9089 0 0 0 0 0 0 0 0 0 0 1000 
10 36 500 1000 5.1202 1 0 3.7817 1 0 3.8049 0 0 0 0 0 0 0 0 0 0 1000 
10 36 500 1200 5.1202 1 0 4.8096 1 0 4.798 0 0 0 0 0 0 0 0 0 0 1000 
10 36 500 1500 5.1202 1 0 6.5148 1 0 6.5349 0 0 0 0 0 0 0 0 0 0 1000 
10 36 500 2000 5.1202 1 0 9.9113 1 0 9.9326 0 0 0 0 0 0 0 0 0 0 1000 
10 48 100 10 1.77332 0.9114 0.024054 0.10825 0.9128 0.015532 0.10776 6 2 4 6 8 12 20 42 85 250 565 
10 48 100 20 1.7733 0.9775 0.0065303 0.15694 0.9774 0.0034927 0.15631 2 0 1 1 1 3 2 7 22 96 865 
10 48 100 40 1.7733 0.9933 0.0027078 0.23102 0.9938 0.00090246 0.23092 2 0 0 0 0 0 0 3 5 28 962 
10 48 100 60 1.7733 0.9963 0.0013777 0.29849 0.9975 0.00026401 0.30383 1 0 0 0 0 0 0 0 6 15 978 
10 48 100 80 1.7733 0.9982 0.00019696 0.36566 0.9986 0.0001582 0.36918 0 0 0 0 0 0 0 0 1 16 983 
10 48 100 100 1.7733 0.999 9.9099e-05 0.42638 0.9989 0.0001089 0.42916 0 0 0 0 0 0 0 0 0 10 990 
10 48 100 120 1.7733 0.999 9.9099e-05 0.49079 0.9992 7.9439e-05 0.48937 0 0 0 0 0 0 0 0 0 10 990 
10 48 100 200 1.7733 0.9994 5.97e-05 0.73749 0.9998 1.998e-05 0.68078 0 0 0 0 0 0 0 0 0 6 994 
10 48 100 400 1.7733 0.9998 1.998e-05 1.2376 0.9999 1e-05 1.2403 0 0 0 0 0 0 0 0 0 2 998 
10 48 100 600 1.7733 0.9998 1.998e-05 1.8743 1 0 1.8787 0 0 0 0 0 0 0 0 0 2 998 
10 48 100 800 1.7733 0.9999 1e-05 2.6122 1 0 2.6142 0 0 0 0 0 0 0 0 0 1 999 
10 48 100 1000 1.7733 0.9999 1e-05 3.4592 1 0 3.4623 0 0 0 0 0 0 0 0 0 1 999 
10 48 100 1200 1.7733 0.9999 1e-05 4.4099 1 0 4.4197 0 0 0 0 0 0 0 0 0 1 999 
10 48 100 1500 1.7733 0.9999 1e-05 6.0572 1 0 6.0367 0 0 0 0 0 0 0 0 0 1 999 
10 48 100 2000 1.7733 0.9999 1e-05 9.3203 1 0 9.2748 0 0 0 0 0 0 0 0 0 1 999 
10 48 500 10 5.19568 0.9345 0.012272 0.12917 0.9299 0.010867 0.12844 1 0 0 2 4 10 12 35 76 252 608 
10 48 500 20 5.1957 0.9865 0.0020898 0.1896 0.9854 0.002149 0.18965 0 0 0 0 0 0 4 3 13 84 896 
10 48 500 40 5.1957 0.9971 0.00036195 0.29389 0.9967 0.00039951 0.2947 0 0 0 0 0 0 0 0 4 21 975 
10 48 500 60 5.1957 0.9989 0.0001089 0.38183 0.999 9.9099e-05 0.3861 0 0 0 0 0 0 0 0 0 11 989 
10 48 500 80 5.1957 0.9992 7.9439e-05 0.50742 0.9994 5.97e-05 0.51081 0 0 0 0 0 0 0 0 0 8 992 
10 48 500 100 5.1957 0.9997 2.994e-05 0.59048 0.9995 4.98e-05 0.5679 0 0 0 0 0 0 0 0 0 3 997 
10 48 500 120 5.1957 0.9997 2.994e-05 0.62013 0.9997 2.994e-05 0.61554 0 0 0 0 0 0 0 0 0 3 997 
10 48 500 200 5.1957 0.9999 1e-05 0.88098 0.9999 1e-05 0.8878 0 0 0 0 0 0 0 0 0 1 999 
10 48 500 400 5.1957 1 0 1.4542 1 0 1.4286 0 0 0 0 0 0 0 0 0 0 1000 
10 48 500 600 5.1957 1 0 2.2314 1 0 2.1377 0 0 0 0 0 0 0 0 0 0 1000 
10 48 500 800 5.1957 1 0 2.9052 1 0 2.8974 0 0 0 0 0 0 0 0 0 0 1000 
10 48 500 1000 5.1957 1 0 3.8352 1 0 3.8888 0 0 0 0 0 0 0 0 0 0 1000 
10 48 500 1200 5.1957 1 0 4.8004 1 0 4.7877 0 0 0 0 0 0 0 0 0 0 1000 
10 48 500 1500 5.1957 1 0 6.5411 1 0 6.5174 0 0 0 0 0 0 0 0 0 0 1000 
10 48 500 2000 5.1957 1 0 9.9482 1 0 9.95 0 0 0 0 0 0 0 0 0 0 1000 
10 64 100 10 3.03032 0.9781 0.0043347 0.22259 0.9758 0.0038782 0.22384 0 0 1 1 0 2 4 5 23 117 847 
10 64 100 20 3.0303 0.9961 0.00067547 0.31735 0.9961 0.00049529 0.32214 0 0 0 0 0 0 1 1 6 20 972 
10 64 100 40 3.0303 0.9991 0.0001093 0.50814 0.9989 0.0001089 0.49531 0 0 0 0 0 0 0 0 1 7 992 
10 64 100 60 3.0303 0.9994 5.97e-05 0.58071 0.9997 2.994e-05 0.59315 0 0 0 0 0 0 0 0 0 6 994 
10 64 100 80 3.0303 0.9996 3.988e-05 0.6847 0.9997 2.994e-05 0.64027 0 0 0 0 0 0 0 0 0 4 996 
10 64 100 100 3.0303 0.9997 2.994e-05 0.71579 0.9998 1.998e-05 0.72185 0 0 0 0 0 0 0 0 0 3 997 
10 64 100 120 3.0303 0.9998 1.998e-05 0.79607 0.9998 1.998e-05 0.79845 0 0 0 0 0 0 0 0 0 2 998 
10 64 100 200 3.0303 0.9998 1.998e-05 1.0796 1 0 1.0779 0 0 0 0 0 0 0 0 0 2 998 
10 64 100 400 3.0303 1 0 1.7782 1 0 1.7803 0 0 0 0 0 0 0 0 0 0 1000 
10 64 100 600 3.0303 1 0 2.5274 1 0 2.5292 0 0 0 0 0 0 0 0 0 0 1000 
10 64 100 800 3.0303 1 0 3.3805 1 0 3.3756 0 0 0 0 0 0 0 0 0 0 1000 
10 64 100 1000 3.0303 1 0 4.3626 1 0 4.4121 0 0 0 0 0 0 0 0 0 0 1000 
10 64 100 1200 3.0303 1 0 5.425 1 0 5.3979 0 0 0 0 0 0 0 0 0 0 1000 
10 64 100 1500 3.0303 1 0 7.217 1 0 7.2005 0 0 0 0 0 0 0 0 0 0 1000 
10 64 100 2000 3.0303 1 0 10.838 1 0 10.875 0 0 0 0 0 0 0 0 0 0 1000 
10 64 500 10 5.08766 0.9334 0.0098743 0.12582 0.9286 0.012314 0.12674 0 0 0 1 0 10 7 38 105 257 582 
10 64 500 20 5.0877 0.9871 0.0018054 0.20634 0.9842 0.0027932 0.20545 0 0 0 0 0 0 0 8 10 85 897 
10 64 500 40 5.0877 0.9985 0.00018794 0.31076 0.9972 0.00045261 0.30704 0 0 0 0 0 0 0 0 2 11 987 
10 64 500 60 5.0877 0.9999 1e-05 0.38079 0.9991 8.9279e-05 0.38349 0 0 0 0 0 0 0 0 0 1 999 
10 64 500 80 5.0877 0.9999 1e-05 0.46572 0.9997 2.994e-05 0.46891 0 0 0 0 0 0 0 0 0 1 999 
10 64 500 100 5.0877 1 0 0.54246 0.9997 2.994e-05 0.54712 0 0 0 0 0 0 0 0 0 0 1000 
10 64 500 120 5.0877 1 0 0.62065 0.9998 1.998e-05 0.62124 0 0 0 0 0 0 0 0 0 0 1000 
10 64 500 200 5.0877 1 0 0.90077 0.9999 1e-05 0.84268 0 0 0 0 0 0 0 0 0 0 1000 
10 64 500 400 5.0877 1 0 1.4767 0.9999 1e-05 1.461 0 0 0 0 0 0 0 0 0 0 1000 
10 64 500 600 5.0877 1 0 2.1269 0.9999 1e-05 2.1227 0 0 0 0 0 0 0 0 0 0 1000 
10 64 500 800 5.0877 1 0 2.933 0.9999 1e-05 2.9173 0 0 0 0 0 0 0 0 0 0 1000 
10 64 500 1000 5.0877 1 0 3.7911 0.9999 1e-05 3.802 0 0 0 0 0 0 0 0 0 0 1000 
10 64 500 1200 5.0877 1 0 4.8144 0.9999 1e-05 4.8074 0 0 0 0 0 0 0 0 0 0 1000 
10 64 500 1500 5.0877 1 0 6.5287 0.9999 1e-05 6.5396 0 0 0 0 0 0 0 0 0 0 1000 
10 64 500 2000 5.0877 1 0 10.02 1 0 9.9856 0 0 0 0 0 0 0 0 0 0 1000 
10 96 100 10 3.44667 0.9917 0.0015226 0.28047 0.9921 0.0019495 0.27978 0 0 0 1 0 0 0 3 8 51 937 
10 96 100 20 3.4467 0.9987 0.00014846 0.38685 0.9981 0.00024664 0.39287 0 0 0 0 0 0 0 0 1 11 988 
10 96 100 40 3.4467 0.9998 1.998e-05 0.5506 0.9994 5.97e-05 0.56226 0 0 0 0 0 0 0 0 0 2 998 
10 96 100 60 3.4467 1 0 0.67853 0.9997 2.994e-05 0.66849 0 0 0 0 0 0 0 0 0 0 1000 
10 96 100 80 3.4467 1 0 0.75167 0.9997 2.994e-05 0.7561 0 0 0 0 0 0 0 0 0 0 1000 
10 96 100 100 3.4467 1 0 0.84028 0.9997 2.994e-05 0.84416 0 0 0 0 0 0 0 0 0 0 1000 
10 96 100 120 3.4467 1 0 0.93211 0.9998 1.998e-05 0.93436 0 0 0 0 0 0 0 0 0 0 1000 
10 96 100 200 3.4467 1 0 1.2599 1 0 1.2608 0 0 0 0 0 0 0 0 0 0 1000 
10 96 100 400 3.4467 1 0 2.0114 1 0 2.0187 0 0 0 0 0 0 0 0 0 0 1000 
10 96 100 600 3.4467 1 0 2.8037 1 0 2.8306 0 0 0 0 0 0 0 0 0 0 1000 
10 96 100 800 3.4467 1 0 3.681 1 0 3.6897 0 0 0 0 0 0 0 0 0 0 1000 
10 96 100 1000 3.4467 1 0 4.6546 1 0 4.7376 0 0 0 0 0 0 0 0 0 0 1000 
10 96 100 1200 3.4467 1 0 6.4575 1 0 6.4655 0 0 0 0 0 0 0 0 0 0 1000 
10 96 100 1500 3.4467 1 0 8.4462 1 0 8.3573 0 0 0 0 0 0 0 0 0 0 1000 
10 96 100 2000 3.4467 1 0 11.706 1 0 10.852 0 0 0 0 0 0 0 0 0 0 1000 
10 96 500 10 5.35703 0.9303 0.012484 0.122 0.9291 0.011915 0.12193 1 1 0 2 1 7 19 34 94 257 584 
10 96 500 20 5.357 0.9876 0.0019682 0.18417 0.9868 0.0016874 0.18718 0 0 0 0 0 1 1 5 13 74 906 
10 96 500 40 5.357 0.9979 0.00024584 0.29082 0.9979 0.00024584 0.29009 0 0 0 0 0 0 0 0 2 17 981 
10 96 500 60 5.357 0.9994 5.97e-05 0.37769 0.9989 0.00012892 0.38187 0 0 0 0 0 0 0 0 0 6 994 
10 96 500 80 5.357 0.9995 4.98e-05 0.4612 0.9994 5.97e-05 0.46362 0 0 0 0 0 0 0 0 0 5 995 
10 96 500 100 5.357 0.9998 1.998e-05 0.53744 0.9998 1.998e-05 0.54272 0 0 0 0 0 0 0 0 0 2 998 
10 96 500 120 5.357 0.9998 1.998e-05 0.61296 0.9998 1.998e-05 0.61407 0 0 0 0 0 0 0 0 0 2 998 
10 96 500 200 5.357 1 0 0.88729 0.9999 1e-05 0.89313 0 0 0 0 0 0 0 0 0 0 1000 
10 96 500 400 5.357 1 0 1.5565 0.9999 1e-05 1.5547 0 0 0 0 0 0 0 0 0 0 1000 
10 96 500 600 5.357 1 0 2.3262 0.9999 1e-05 2.1376 0 0 0 0 0 0 0 0 0 0 1000 
10 96 500 800 5.357 1 0 2.9283 0.9999 1e-05 2.9285 0 0 0 0 0 0 0 0 0 0 1000 
10 96 500 1000 5.357 1 0 3.8502 0.9999 1e-05 3.829 0 0 0 0 0 0 0 0 0 0 1000 
10 96 500 1200 5.357 1 0 4.8416 1 0 4.8548 0 0 0 0 0 0 0 0 0 0 1000 
10 96 500 1500 5.357 1 0 6.5963 1 0 6.5765 0 0 0 0 0 0 0 0 0 0 1000 
10 96 500 2000 5.357 1 0 9.9915 1 0 10.055 0 0 0 0 0 0 0 0 0 0 1000 
