	k	n_trees	depth	sparsity	k_build	b	v	build_time	recall	var_recall	query_time	projection_time	traversal_time	vote_time	exact_time	cs_size	n_train	val_recall	val_var_recall	val_query_time	r0	r1	r2	r3	r4	r5	r6	r7	r8	r9	r10
0	10	1	13	0.036	10	1	1	0.201153	0.3091	0.075082	0.033035	0	0.00095326	0.010225	0.021635	59.511	58000	0.2919	0.07578	0.031969	239	147	103	109	90	87	77	73	42	23	10
41	10	1	14	0.036	10	1	1	0.234847	0.2319	0.061114	0.024048	0	0.0010524	0.01021	0.012564	31.983	58000	0.2238	0.061695	0.023381	339	151	126	98	88	74	39	37	29	15	4
82	10	5	13	0.036	10	1	1	0.339463	0.7043	0.066138	0.10128	0	0.0028867	0.013068	0.085081	249.58	58000	0.6997	0.065275	0.10192	14	18	37	54	56	78	99	125	160	164	195
123	10	5	14	0.036	10	1	1	0.408534	0.6073	0.075112	0.065806	0	0.003328	0.012156	0.050095	138.54	58000	0.6088	0.07776	0.06513	30	40	57	76	88	91	130	122	141	128	97
164	10	10	13	0.036	10	1	1	0.448123	0.8545	0.034734	0.17067	0	0.0052266	0.017949	0.14723	433.27	58000	0.8408	0.038374	0.1731	1	2	14	10	25	31	46	83	137	233	418
205	10	10	14	0.036	10	1	1	0.52367	0.7767	0.052179	0.10633	0	0.0061679	0.01555	0.084386	247.03	58000	0.7666	0.050995	0.10602	8	10	19	25	46	56	79	105	167	215	270
246	10	15	13	0.036	10	1	1	0.489451	0.905	0.022457	0.22317	0	0.0077927	0.0215	0.19361	586.04	58000	0.8973	0.023847	0.22518	1	1	4	8	6	22	30	46	109	221	552
287	10	15	14	0.036	10	1	1	0.606343	0.8449	0.035449	0.14592	0	0.0093235	0.019082	0.11724	339.07	58000	0.843	0.035727	0.14074	2	2	10	16	21	38	56	81	146	246	382
328	10	20	13	0.036	10	1	1	0.518154	0.9297	0.017045	0.28073	0	0.009402	0.026004	0.24505	724.89	58000	0.929	0.014814	0.2833	2	0	1	1	11	15	15	39	86	178	652
369	10	20	14	0.036	10	1	1	0.649469	0.8883	0.02698	0.17886	0	0.01175	0.023105	0.14373	418.51	58000	0.8799	0.028054	0.17668	2	0	7	5	16	26	37	63	111	221	512
410	10	25	13	0.036	10	1	1	0.542917	0.9506	0.01021	0.32955	0	0.011149	0.031074	0.28702	843.8	58000	0.9459	0.010594	0.33455	0	1	1	2	2	4	11	31	50	194	704
451	10	25	14	0.036	10	1	1	0.591155	0.9117	0.021034	0.24191	0	0.015145	0.026005	0.20048	493.97	58000	0.9096	0.020028	0.24235	1	2	2	10	2	18	28	45	103	214	575
492	10	30	13	0.036	10	1	1	0.606888	0.9598	0.0091131	0.37789	0	0.014099	0.035585	0.32791	961.67	58000	0.9615	0.0077555	0.36858	0	2	0	0	3	5	13	15	45	154	763
533	10	30	14	0.036	10	1	1	0.756814	0.9315	0.014873	0.2363	0	0.013629	0.029288	0.19311	563.99	58000	0.9283	0.015565	0.23889	0	0	1	2	10	9	22	42	67	210	637
574	10	40	13	0.036	10	1	1	0.656674	0.9754	0.0048997	0.45954	0	0.019681	0.043213	0.39635	1160.0	58000	0.9703	0.0062942	0.45598	0	0	0	0	2	2	5	16	24	108	843
615	10	40	14	0.036	10	1	1	0.823244	0.9491	0.01053	0.29139	0	0.020502	0.034199	0.23641	691.34	58000	0.9486	0.010629	0.29483	0	0	0	4	3	6	11	27	65	178	706
656	10	50	13	0.036	10	1	1	0.74271	0.9794	0.0039196	0.5333	0	0.022401	0.05027	0.46032	1338.7	58000	0.9797	0.0030209	0.52158	0	0	0	1	1	1	3	8	26	100	860
697	10	50	14	0.036	10	1	1	0.975116	0.961	0.0078869	0.34643	0	0.029917	0.041068	0.27517	805.34	58000	0.9593	0.0083218	0.3438	0	0	1	1	1	6	6	21	52	148	764
738	10	60	13	0.036	10	1	1	1.21562	0.9853	0.0025965	0.58711	0	0.026924	0.056729	0.50316	1496.3	58000	0.9859	0.0024336	0.65959	0	0	0	0	0	2	2	6	17	77	896
779	10	60	14	0.036	10	1	1	1.55574	0.9707	0.0060976	0.49384	0	0.026938	0.15109	0.31544	905.4	58000	0.9694	0.0056293	0.45804	0	0	1	0	2	3	5	15	38	117	819
820	10	70	13	0.036	10	1	1	1.37688	0.9868	0.0023481	0.78055	0	0.031903	0.1645	0.5838	1635.5	58000	0.9871	0.0017854	0.73784	0	0	0	0	1	0	1	8	15	68	907
861	10	70	14	0.036	10	1	1	1.66517	0.9756	0.0052899	0.6022	0	0.033313	0.20257	0.36597	999.2	58000	0.9715	0.0050828	0.5312	0	0	1	0	3	2	2	14	25	108	845
902	10	80	13	0.036	10	1	1	1.37375	0.9906	0.0014731	0.93998	0	0.041414	0.21861	0.67959	1784.3	58000	0.9887	0.0017641	0.85276	0	0	0	0	0	2	1	0	5	70	922
943	10	80	14	0.036	10	1	1	1.81461	0.9792	0.0032907	0.63086	0	0.046336	0.20048	0.38369	1091.2	58000	0.9787	0.0040604	0.55151	0	0	0	0	1	1	1	10	21	121	845
984	10	90	13	0.036	10	1	1	1.49422	0.9902	0.0016256	1.0544	0	0.051768	0.23492	0.7673	1898.4	58000	0.9902	0.0016456	0.99345	0	0	0	0	0	2	0	2	11	60	925
1025	10	90	14	0.036	10	1	1	1.81084	0.9813	0.0033437	0.70393	0	0.048501	0.24752	0.40756	1168.2	58000	0.9795	0.0036534	0.60697	0	0	0	0	1	1	4	6	24	94	870
1066	10	100	13	0.036	10	1	1	1.61588	0.9914	0.0014275	1.0652	0	0.04772	0.29734	0.7198	2027.1	58000	0.9913	0.0016159	0.95938	0	0	0	0	0	0	2	4	8	50	936
1107	10	100	14	0.036	10	1	1	2.05031	0.9859	0.0023335	0.83761	0	0.067432	0.26501	0.50479	1255.7	58000	0.9845	0.0026124	0.71087	0	0	0	0	1	0	1	5	20	76	897
1148	10	1	13	0.036	50	1	1	0.425732	0.5919	0.1159	0.086329	0	0.0012326	0.011487	0.073377	249.06	58000	0.5792	0.12231	0.085835	98	63	46	70	75	75	69	84	99	125	196
1189	10	1	14	0.036	50	1	1	0.466486	0.4941	0.12606	0.057821	0	0.0012986	0.011252	0.045025	142.92	58000	0.4959	0.1241	0.057034	173	75	69	74	81	66	59	91	91	77	144
1230	10	5	13	0.036	50	1	1	0.860075	0.9335	0.021409	0.3774	0	0.0041361	0.020441	0.35255	893.33	58000	0.9268	0.023185	0.36987	1	1	4	10	10	18	13	32	51	144	716
1271	10	5	14	0.036	50	1	1	1.05072	0.8846	0.039663	0.20637	0	0.003596	0.020235	0.1823	539.14	58000	0.8705	0.041661	0.20266	4	7	12	14	20	25	40	44	86	148	600
1312	10	10	13	0.036	50	1	1	0.92935	0.9783	0.0041433	0.58477	0	0.0063961	0.031325	0.54677	1433.4	58000	0.9728	0.0076278	0.51323	0	0	0	1	0	1	6	7	34	92	859
1353	10	10	14	0.036	50	1	1	1.32709	0.9524	0.012747	0.33381	0	0.013803	0.025687	0.29406	891.91	58000	0.953	0.014646	0.35836	0	2	0	3	2	9	19	30	53	108	774
1394	10	15	13	0.036	50	1	1	1.24161	0.9874	0.002784	0.68499	0	0.0084751	0.054903	0.62132	1861.3	58000	0.9869	0.0030615	0.72961	0	0	1	0	0	1	1	7	19	50	921
1435	10	15	14	0.036	50	1	1	1.36186	0.9778	0.0055727	0.4301	0	0.011107	0.031151	0.38756	1155.7	58000	0.9742	0.006661	0.52518	0	1	0	1	1	2	7	12	22	82	872
1476	10	20	13	0.036	50	1	1	1.30871	0.9921	0.001409	0.82386	0	0.012986	0.07828	0.73229	2185.6	58000	0.9913	0.002677	0.88076	0	0	0	0	0	1	2	2	6	48	941
1517	10	20	14	0.036	50	1	1	1.49968	0.9851	0.0036917	0.59315	0	0.017155	0.051738	0.52281	1391.7	58000	0.9844	0.0032999	0.61835	0	0	1	0	1	3	2	5	21	55	912
1558	10	25	13	0.036	50	1	1	1.47695	0.9942	0.0010274	1.0581	0	0.016085	0.10577	0.93587	2502.9	58000	0.9946	0.00099183	1.0482	0	0	0	0	1	0	0	1	6	37	955
1599	10	25	14	0.036	50	1	1	1.60359	0.9902	0.0026266	0.69226	0	0.017293	0.091454	0.58314	1604.3	58000	0.9874	0.0029041	0.66081	0	0	1	1	0	1	1	3	13	39	941
1640	10	30	13	0.036	50	1	1	1.6164	0.9958	0.00062298	1.2763	0	0.019492	0.20938	1.0471	2760.8	58000	0.9961	0.00059539	1.2485	0	0	0	0	0	0	1	0	5	28	966
1681	10	30	14	0.036	50	1	1	1.81713	0.9923	0.0013721	0.90165	0	0.022363	0.18691	0.69198	1773.2	58000	0.9888	0.0032979	0.87162	0	0	0	0	1	0	0	2	12	41	944
1722	10	40	13	0.036	50	1	1	1.79826	0.9978	0.00031548	1.5239	0	0.023529	0.24289	1.2571	3256.5	58000	0.9966	0.00062907	1.5345	0	0	0	0	0	0	0	1	2	15	982
1763	10	40	14	0.036	50	1	1	2.20828	0.9959	0.00093412	0.96661	0	0.024989	0.18974	0.75138	2091.8	58000	0.9941	0.0012965	0.91952	0	0	0	0	1	0	1	1	3	22	972
1804	10	50	13	0.036	50	1	1	2.5135	0.9972	0.00077293	1.6382	0	0.024891	0.25984	1.353	3644.7	58000	0.9979	0.00046606	1.5625	0	0	0	0	1	0	1	1	1	13	983
1845	10	50	14	0.036	50	1	1	3.22563	0.9967	0.00059971	1.0006	0	0.028438	0.11255	0.8591	2369.3	58000	0.9963	0.00069701	0.98448	0	0	0	0	0	0	1	2	2	19	976
1886	10	60	13	0.036	50	1	1	3.91871	0.9985	0.0001479	1.7133	0	0.028362	0.20971	1.4747	4022.7	58000	0.9987	0.00020852	1.6876	0	0	0	0	0	0	0	0	0	15	985
1927	10	60	14	0.036	50	1	1	5.34512	0.9963	0.00077709	1.1502	0	0.029572	0.18314	0.937	2624.1	58000	0.9972	0.00049265	1.1181	0	0	0	0	1	0	0	1	3	22	973
1968	10	70	13	0.036	50	1	1	4.22908	0.9987	0.00036868	1.9939	0	0.045029	0.28937	1.659	4328.5	58000	0.9988	0.0002388	1.9563	0	0	0	0	0	0	2	0	0	5	993
2009	10	70	14	0.036	50	1	1	5.30249	0.9981	0.0004068	1.2355	0	0.038193	0.17643	1.0204	2823.7	58000	0.9981	0.00028668	1.2469	0	0	0	0	0	1	0	0	1	12	986
2050	10	80	13	0.036	50	1	1	4.88043	0.9996	3.988e-05	2.0133	0	0.050514	0.26987	1.6924	4606.6	58000	0.9988	0.00019876	2.1674	0	0	0	0	0	0	0	0	0	4	996
2091	10	80	14	0.036	50	1	1	5.52514	0.998	0.0002963	1.4418	0	0.048033	0.25433	1.139	3040.6	58000	0.9976	0.00035459	1.3992	0	0	0	0	0	0	0	1	2	13	984
2132	10	90	13	0.036	50	1	1	5.11121	0.9997	2.994e-05	2.1813	0	0.053612	0.27667	1.8506	4870.1	58000	0.9989	0.00014894	2.276	0	0	0	0	0	0	0	0	0	3	997
2173	10	90	14	0.036	50	1	1	6.63643	0.9991	8.9279e-05	1.5922	0	0.057131	0.35551	1.1791	3248.0	58000	0.9983	0.00020732	1.5092	0	0	0	0	0	0	0	0	0	9	991
2214	10	100	13	0.036	50	1	1	5.6864	0.9993	0.00012964	2.3687	0	0.064014	0.29327	2.0109	5110.4	58000	0.9993	0.00012964	2.3338	0	0	0	0	0	0	0	1	0	4	995
2255	10	100	14	0.036	50	1	1	7.61547	0.9987	0.00024856	1.6249	0	0.063794	0.28238	1.2783	3392.2	58000	0.9983	0.00032744	1.5755	0	0	0	0	0	0	1	0	0	9	990
