	k	n_trees	depth	sparsity	v	build_time	recall	var_recall	query_time	cs_size	val_recall	val_var_recall	val_query_time	r0	r1	r2	r3	r4	r5	r6	r7	r8	r9	r10
0	10	1	6	0.036	1	0.0186673	0.3723	0.071955	0.28467	906.26	0.3751	0.075706	0.27876	122	120	141	133	125	94	88	71	49	35	22
1	10	1	7	0.036	1	0.0264932	0.3091	0.066233	0.14624	453.14	0.2831	0.063027	0.14446	176	174	138	122	103	97	66	56	32	26	10
2	10	1	8	0.036	1	0.02721	0.2415	0.054402	0.081792	226.58	0.2348	0.050299	0.080705	254	197	156	103	104	66	51	30	22	11	6
3	10	1	9	0.036	1	0.0388929	0.1926	0.037843	0.04916	113.3	0.2045	0.047197	0.047396	298	215	178	110	83	44	40	24	7	1	0
4	10	1	10	0.036	1	0.0627912	0.151	0.027767	0.032205	56.66	0.1564	0.028447	0.030436	347	253	181	103	51	32	19	9	2	1	2
5	10	1	11	0.036	1	0.0782511	0.1116	0.019965	0.022937	28.347	0.1136	0.020576	0.02114	452	255	148	70	43	18	7	5	2	0	0
6	10	1	12	0.036	1	0.0983728	0.0753	0.011692	0.017493	14.17	0.0776	0.012531	0.015909	566	238	108	64	16	5	3	0	0	0	0
7	10	5	6	0.036	1	0.0281921	0.8067	0.047713	1.2991	3576.6	0.8008	0.048568	1.2888	2	12	16	22	27	63	66	91	149	211	341
12	10	5	7	0.036	1	0.0478043	0.7442	0.054821	0.68793	1888.2	0.7472	0.05803	0.68282	2	8	28	43	54	75	104	106	164	180	236
17	10	5	8	0.036	1	0.0670183	0.6642	0.070629	0.38172	976.16	0.6597	0.067974	0.36125	16	28	44	58	78	95	120	110	139	157	155
22	10	5	9	0.036	1	0.097173	0.575	0.071907	0.23457	507.8	0.5614	0.071261	0.22996	29	35	69	101	97	108	144	126	103	104	84
27	10	5	10	0.036	1	0.131426	0.4848	0.069018	0.11004	258.59	0.4739	0.07138	0.10641	40	77	101	114	132	123	121	109	86	63	34
32	10	5	11	0.036	1	0.125227	0.388	0.059596	0.073962	131.08	0.3836	0.063114	0.062049	68	130	129	143	146	125	98	73	42	41	5
37	10	5	12	0.036	1	0.149555	0.2995	0.046256	0.053166	66.499	0.2939	0.047861	0.043636	113	186	162	160	144	98	59	52	16	7	3
42	10	10	6	0.036	1	0.0293584	0.9277	0.01752	2.1178	5769.1	0.9194	0.021125	2.105	0	1	3	5	6	11	25	40	80	184	645
52	10	10	7	0.036	1	0.0470018	0.8916	0.026296	1.1516	3146.4	0.8907	0.029473	1.1467	0	1	7	5	17	26	33	67	108	203	533
62	10	10	8	0.036	1	0.048254	0.8237	0.040489	0.63168	1726.9	0.8205	0.042853	0.62798	0	9	11	17	23	50	71	98	141	227	353
72	10	10	9	0.036	1	0.0984976	0.7592	0.052868	0.35211	904.91	0.7588	0.055038	0.33668	4	10	21	30	61	68	79	112	173	196	246
82	10	10	10	0.036	1	0.132188	0.6589	0.062724	0.21441	472.57	0.658	0.065862	0.18435	9	19	42	64	93	92	124	149	130	145	133
92	10	10	11	0.036	1	0.167719	0.5565	0.066124	0.12292	242.88	0.5581	0.067182	0.093544	20	45	79	88	124	125	111	149	117	88	54
102	10	10	12	0.036	1	0.14996	0.4542	0.062245	0.064844	125.33	0.4446	0.060672	0.062787	42	83	112	131	138	141	113	88	88	53	11
112	10	25	6	0.036	1	0.0423774	0.9683	0.0091943	3.8271	9528.2	0.966	0.010835	2.9949	0	0	3	1	3	6	11	17	24	95	840
130	10	25	7	0.036	1	0.0510801	0.9502	0.014555	2.1776	5779.8	0.9502	0.014414	2.1502	0	1	4	3	4	12	16	22	49	124	765
148	10	25	8	0.036	1	0.0716265	0.9339	0.016537	1.4711	3300.5	0.9338	0.017035	1.2674	0	0	2	4	10	16	15	34	72	171	676
166	10	25	9	0.036	1	0.102275	0.9059	0.022217	0.69496	1822.1	0.8988	0.025284	0.67519	0	1	4	5	9	23	29	65	95	195	574
184	10	25	10	0.036	1	0.171762	0.843	0.036568	0.40202	980.3	0.8373	0.04082	0.37535	0	2	13	19	24	30	58	93	152	206	403
202	10	25	11	0.036	1	0.181236	0.7675	0.051465	0.21606	520.22	0.7639	0.052379	0.21018	2	13	18	35	46	58	89	117	159	208	255
220	10	25	12	0.036	1	0.23348	0.6695	0.058118	0.15271	275.01	0.6725	0.05635	0.12459	9	18	37	61	72	88	122	159	173	147	114
238	10	50	6	0.036	1	0.0414774	0.983	0.0047357	5.1668	13090.0	0.9814	0.00592	5.0644	0	0	1	0	2	4	7	5	11	65	905
256	10	50	7	0.036	1	0.0656671	0.9784	0.0061196	3.1744	8336.1	0.9785	0.006234	3.1097	0	1	0	0	3	7	4	8	22	70	885
274	10	50	8	0.036	1	0.0832998	0.9693	0.0083559	1.9208	4977.0	0.9688	0.0090756	1.8667	0	1	0	2	3	7	8	13	31	98	837
292	10	50	9	0.036	1	0.159484	0.9502	0.012933	1.1063	2881.7	0.9477	0.013188	1.0768	0	1	1	3	7	9	11	28	49	147	744
310	10	50	10	0.036	1	0.213521	0.9227	0.019254	0.6402	1608.1	0.9208	0.019567	0.61236	0	1	3	7	7	13	23	49	87	171	639
328	10	50	11	0.036	1	0.212969	0.8768	0.029691	0.41135	876.44	0.8679	0.032632	0.4103	3	2	5	11	14	22	47	68	132	217	479
346	10	50	12	0.036	1	0.241991	0.8088	0.042465	0.23096	476.36	0.8068	0.041695	0.20988	1	5	9	26	38	52	80	85	145	250	309
364	10	75	6	0.036	1	0.0779266	0.9822	0.0052684	5.9431	14905.0	0.9805	0.0063561	5.9279	0	0	1	0	2	7	4	7	17	52	910
382	10	75	7	0.036	1	0.106789	0.9812	0.0050917	3.9606	9969.7	0.9798	0.0060981	3.8888	0	0	1	0	2	5	5	8	16	67	896
400	10	75	8	0.036	1	0.139935	0.9775	0.0063101	2.4048	6288.7	0.9767	0.0065937	2.3935	0	0	1	2	1	5	9	6	21	76	879
418	10	75	9	0.036	1	0.214028	0.9663	0.0090834	1.4175	3711.9	0.9661	0.0094102	1.4026	0	1	1	1	2	8	11	18	27	109	822
436	10	75	10	0.036	1	0.370333	0.951	0.011991	0.83102	2091.7	0.9458	0.014177	0.80288	0	0	2	2	5	11	10	27	50	154	739
454	10	75	11	0.036	1	0.421226	0.9173	0.020171	0.50089	1177.3	0.9126	0.022223	0.47488	0	1	3	7	8	22	21	35	98	202	603
472	10	75	12	0.036	1	0.418667	0.8652	0.03124	0.31368	644.55	0.8602	0.03373	0.2853	0	3	7	12	18	34	48	68	137	233	440
490	10	100	6	0.036	1	0.0894719	0.985	0.0043794	6.6135	16450.0	0.9843	0.0048484	6.3937	0	0	1	0	2	4	5	6	9	54	919
508	10	100	7	0.036	1	0.128446	0.9834	0.0047492	4.5596	11363.0	0.982	0.0056216	4.4569	0	0	1	0	2	5	5	5	15	56	911
526	10	100	8	0.036	1	0.173159	0.9801	0.00598	2.7735	7185.4	0.9798	0.005998	2.7286	0	0	1	1	3	5	7	7	12	68	896
544	10	100	9	0.036	1	0.31471	0.9755	0.0063961	1.6694	4337.4	0.9773	0.0061809	1.6621	0	0	1	1	1	5	11	9	20	88	864
562	10	100	10	0.036	1	0.483905	0.9626	0.0094507	1.0178	2524.9	0.96	0.010511	1.163	0	1	0	2	3	7	10	20	42	114	801
580	10	100	11	0.036	1	0.426921	0.9377	0.015744	0.61116	1415.8	0.9391	0.014596	0.57101	0	1	3	4	4	10	22	36	65	162	693
598	10	100	12	0.036	1	0.539807	0.8961	0.024159	0.39441	790.08	0.9006	0.023483	0.35344	0	3	4	6	14	17	38	54	111	233	520
616	10	125	6	0.036	1	0.0971164	0.9855	0.0043641	6.7012	17644.0	0.9847	0.0047807	5.821	0	0	1	0	2	4	6	5	7	52	923
634	10	125	7	0.036	1	0.148902	0.9841	0.0044817	4.9636	12307.0	0.9838	0.0050626	4.8755	0	0	1	0	2	4	6	5	8	64	910
652	10	125	8	0.036	1	0.238316	0.9831	0.004649	3.1972	8003.6	0.9817	0.0055407	3.1321	0	0	1	0	2	4	6	6	10	67	904
670	10	125	9	0.036	1	0.369864	0.9787	0.0057421	1.9275	4911.5	0.978	0.006983	2.1248	0	0	1	0	2	7	4	12	15	76	883
688	10	125	10	0.036	1	0.649877	0.9693	0.0077553	1.143	2862.2	0.9696	0.0084042	1.1297	0	1	0	1	3	7	4	18	31	106	829
706	10	125	11	0.036	1	0.690963	0.9492	0.012852	0.69548	1636.9	0.9503	0.011571	0.67385	0	0	2	4	5	10	10	28	58	144	739
724	10	125	12	0.036	1	0.604968	0.9174	0.019297	0.43893	922.67	0.9152	0.019609	0.4175	0	0	5	2	12	15	25	46	92	203	600
742	10	150	6	0.036	1	0.111955	0.9856	0.004357	7.4753	18625.0	0.9845	0.0048346	7.2866	0	0	1	0	2	4	6	5	7	51	924
760	10	150	7	0.036	1	0.159997	0.9849	0.0044464	5.2974	13091.0	0.9838	0.0051027	5.1699	0	0	1	0	2	4	6	5	9	54	919
778	10	150	8	0.036	1	0.311939	0.9832	0.0050428	3.5543	8710.5	0.9821	0.0057553	3.5132	0	0	1	1	1	6	5	6	10	59	911
796	10	150	9	0.036	1	0.509077	0.9783	0.0062854	2.1515	5396.5	0.9772	0.0067469	2.0723	0	1	0	1	2	6	6	9	19	70	886
814	10	150	10	0.036	1	0.779549	0.9712	0.0081988	1.2888	3181.4	0.972	0.0074434	1.2662	0	0	1	2	3	8	7	15	25	85	854
832	10	150	11	0.036	1	0.807047	0.9555	0.010861	0.78746	1836.2	0.9556	0.01088	0.77659	0	1	0	2	4	7	17	23	40	146	760
850	10	150	12	0.036	1	0.7279	0.9305	0.016136	0.50426	1038.6	0.9273	0.017782	0.47016	0	1	1	6	6	11	21	33	85	192	644
868	10	200	6	0.036	1	0.141162	0.9855	0.0043641	8.1172	19918.0	0.9848	0.0048738	7.9172	0	0	1	0	2	4	6	5	7	52	923
886	10	200	7	0.036	1	0.225367	0.9853	0.0043783	5.9838	14356.0	0.9845	0.0049347	5.727	0	0	1	0	2	4	6	5	7	54	921
904	10	200	8	0.036	1	0.403389	0.9838	0.0046622	3.9789	9670.1	0.984	0.004989	3.8487	0	0	1	0	2	4	6	7	10	57	913
922	10	200	9	0.036	1	0.593952	0.9822	0.0049081	2.4752	6150.5	0.9825	0.005229	2.4034	0	0	1	0	2	5	4	11	7	70	900
940	10	200	10	0.036	1	0.97776	0.9768	0.0068486	1.5447	3720.2	0.9759	0.0065157	1.4773	0	1	0	1	2	8	6	9	23	67	883
958	10	200	11	0.036	1	0.945477	0.9685	0.0078856	0.93777	2176.8	0.9647	0.0088327	0.93491	0	1	0	1	3	5	10	13	35	107	825
976	10	200	12	0.036	1	1.13362	0.9455	0.012572	0.68087	1256.5	0.9447	0.013726	0.6858	0	0	1	2	4	14	17	24	60	169	709
994	10	250	6	0.036	1	0.18162	0.9858	0.0042226	8.6673	20925.0	0.985	0.0047397	8.4213	0	0	1	0	2	4	4	7	7	51	924
1012	10	250	7	0.036	1	0.271885	0.9854	0.0043312	6.309	15356.0	0.9848	0.0047737	6.102	0	0	1	0	2	4	5	6	8	52	922
1030	10	250	8	0.036	1	0.462765	0.9849	0.0044865	4.2333	10600.0	0.984	0.0050691	3.6448	0	0	1	0	2	4	6	6	8	53	920
1048	10	250	9	0.036	1	0.74989	0.9837	0.0047891	2.8582	6797.1	0.9824	0.0054157	2.7734	0	0	1	0	2	4	8	5	10	56	914
1066	10	250	10	0.036	1	1.22055	0.9781	0.0059363	1.9255	4195.9	0.9783	0.0065457	1.8536	0	0	1	0	2	7	7	8	17	78	880
1084	10	250	11	0.036	1	1.3013	0.9736	0.0066697	1.1592	2488.6	0.9722	0.0069741	1.0878	0	0	1	0	3	5	7	14	29	85	856
1102	10	250	12	0.036	1	1.40934	0.9541	0.012336	0.79491	1440.0	0.9539	0.011596	0.72609	0	0	4	3	2	13	6	28	37	147	760
1120	10	300	6	0.036	1	0.205733	0.9857	0.0042297	9.0849	21650.0	0.985	0.0047397	8.808	0	0	1	0	2	4	4	7	7	52	923
1138	10	300	7	0.036	1	0.300078	0.9856	0.004317	6.7872	16210.0	0.9847	0.0047807	6.5439	0	0	1	0	2	4	5	6	8	50	924
1156	10	300	8	0.036	1	0.529591	0.9851	0.0044725	4.6881	11330.0	0.9842	0.0050955	3.9194	0	0	1	0	2	4	7	4	8	53	921
1174	10	300	9	0.036	1	0.916614	0.984	0.0045886	3.1459	7411.7	0.9827	0.0054562	3.0227	0	0	1	0	2	4	6	6	10	58	913
1192	10	300	10	0.036	1	1.38565	0.9808	0.0053167	2.1978	4574.7	0.9808	0.0054969	2.069	0	0	1	1	2	3	6	9	16	67	895
1210	10	300	11	0.036	1	1.43972	0.9729	0.0070627	1.3408	2744.3	0.9744	0.0067714	1.2582	0	0	2	1	3	3	6	16	18	107	844
1228	10	300	12	0.036	1	1.56335	0.961	0.0098889	0.89451	1611.6	0.9638	0.0092588	0.8186	0	0	1	2	4	9	12	18	29	139	786
1246	10	350	6	0.036	1	0.236835	0.9856	0.0042969	9.6702	22254.0	0.985	0.0047397	9.1838	0	0	1	0	2	4	5	6	7	52	923
1264	10	350	7	0.036	1	0.366282	0.9856	0.004317	6.741	16898.0	0.9849	0.0047668	5.7506	0	0	1	0	2	4	5	6	8	50	924
1282	10	350	8	0.036	1	0.608581	0.9853	0.0043983	5.1664	11951.0	0.9847	0.0047807	4.869	0	0	1	0	2	4	6	5	8	52	922
1300	10	350	9	0.036	1	1.0592	0.9837	0.0047891	3.8533	7871.4	0.983	0.0053163	3.2603	0	0	1	0	2	5	6	6	9	58	913
1318	10	350	10	0.036	1	1.565	0.982	0.0051612	2.2537	4922.9	0.9823	0.0054822	2.1664	0	0	1	0	3	5	4	7	16	60	904
1336	10	350	11	0.036	1	1.663	0.9764	0.0067698	1.4492	2987.4	0.9764	0.0064695	1.3739	0	0	2	0	3	5	8	11	16	80	875
1354	10	350	12	0.036	1	1.59286	0.9665	0.0081159	0.99364	1766.8	0.9683	0.0079531	0.9094	0	0	1	0	4	5	12	18	30	116	814
1372	10	400	6	0.036	1	0.272406	0.9857	0.0042898	9.8878	22724.0	0.985	0.0047397	9.4991	0	0	1	0	2	4	5	6	7	51	924
1390	10	400	7	0.036	1	0.409122	0.9856	0.004357	7.89	17482.0	0.985	0.0047397	7.6772	0	0	1	0	2	4	6	5	7	51	924
1408	10	400	8	0.036	1	0.738383	0.9852	0.0044054	5.4595	12457.0	0.9846	0.0049077	5.1236	0	0	1	0	2	4	5	7	8	51	922
1426	10	400	9	0.036	1	1.16814	0.9849	0.0045065	4.0004	8319.3	0.9842	0.0050554	3.4608	0	0	1	0	2	4	7	4	9	53	920
1444	10	400	10	0.036	1	1.65125	0.9826	0.0051023	2.4145	5254.4	0.9821	0.0054751	2.3235	0	0	1	1	1	4	7	8	13	55	910
1462	10	400	11	0.036	1	1.87816	0.9781	0.0060765	1.6215	3201.6	0.9778	0.0063735	1.5216	0	0	2	0	1	7	5	10	17	78	880
1480	10	400	12	0.036	1	1.78537	0.9695	0.008248	1.1031	1913.6	0.9675	0.0081219	1.0135	0	0	1	1	5	7	8	11	31	98	838
1498	10	500	6	0.036	1	0.302836	0.9858	0.0042226	10.337	23583.0	0.985	0.0047397	9.9421	0	0	1	0	2	4	4	7	7	51	924
1516	10	500	7	0.036	1	0.522495	0.9856	0.004317	7.1654	18373.0	0.9849	0.0047668	6.4578	0	0	1	0	2	4	5	6	8	50	924
1534	10	500	8	0.036	1	0.888869	0.9857	0.0042898	5.7351	13349.0	0.9849	0.0047668	5.4947	0	0	1	0	2	4	5	6	7	51	924
1552	10	500	9	0.036	1	1.44684	0.985	0.0044394	4.2357	9028.4	0.9843	0.0049084	3.9326	0	0	1	0	2	4	6	5	9	53	920
1570	10	500	10	0.036	1	2.01991	0.982	0.0051812	2.8274	5800.6	0.983	0.0054565	2.6798	0	0	1	1	1	5	6	7	14	61	904
1588	10	500	11	0.036	1	2.13397	0.9793	0.0058874	1.9195	3587.9	0.9792	0.0060334	1.8341	0	0	1	1	1	6	7	11	13	69	891
1606	10	500	12	0.036	1	2.24499	0.9743	0.0069364	1.3421	2161.3	0.9742	0.0073617	1.2416	0	0	1	0	5	4	8	13	21	86	862
