	k	n_trees	depth	sparsity	v	build_time	recall	var_recall	query_time	cs_size	val_recall	val_var_recall	val_query_time	r0	r1	r2	r3	r4	r5	r6	r7	r8	r9	r10
0	10	1	6	0.036	1	0.180015	0.5027	0.093316	0.31834	906.22	0.4884	0.087973	0.28126	67	85	110	99	97	85	98	111	80	73	95
1	10	1	7	0.036	1	0.203296	0.4053	0.076558	0.15029	453.13	0.39	0.075175	0.149	87	131	131	127	110	109	92	70	66	46	31
2	10	1	8	0.036	1	0.217241	0.3114	0.063433	0.083338	226.55	0.3243	0.062382	0.081615	166	162	153	129	100	99	78	49	34	19	11
3	10	1	9	0.036	1	0.249018	0.2623	0.052061	0.050481	113.28	0.2625	0.053297	0.048123	206	192	147	141	112	73	50	43	24	12	0
4	10	1	10	0.036	1	0.268954	0.1928	0.033882	0.032613	56.645	0.1966	0.036345	0.030661	266	234	177	134	94	46	26	13	6	3	1
5	10	1	11	0.036	1	0.292055	0.1454	0.023522	0.024782	28.32	0.141	0.025665	0.021697	333	272	189	106	48	30	15	4	2	0	1
6	10	1	12	0.036	1	0.327679	0.1053	0.016138	0.0188	14.142	0.0932	0.013267	0.016587	439	284	147	77	29	18	4	2	0	0	0
7	10	5	6	0.036	1	0.298977	0.9344	0.016353	1.2277	3344.8	0.9418	0.013266	1.2209	1	0	3	4	6	10	20	36	73	174	673
12	10	5	7	0.036	1	0.337624	0.8849	0.027009	0.67298	1795.5	0.8808	0.026318	0.65778	1	3	6	7	10	21	44	75	119	213	501
17	10	5	8	0.036	1	0.358241	0.8049	0.040266	0.35862	946.33	0.8004	0.042262	0.35981	0	4	10	17	43	52	89	98	165	218	304
22	10	5	9	0.036	1	0.37924	0.7175	0.052817	0.21011	491.83	0.7162	0.05233	0.19636	5	9	24	42	71	78	111	146	164	182	168
27	10	5	10	0.036	1	0.473083	0.6075	0.05635	0.11909	255.75	0.5935	0.057565	0.11176	5	27	54	75	109	114	144	164	140	103	65
32	10	5	11	0.036	1	0.478818	0.4858	0.052451	0.086184	130.98	0.4863	0.060002	0.069421	17	51	111	114	136	186	152	96	66	53	18
37	10	5	12	0.036	1	0.505866	0.3713	0.047514	0.046407	66.875	0.3689	0.04701	0.044562	62	107	149	167	164	140	103	52	38	15	3
42	10	10	6	0.036	1	0.346373	0.9898	0.0016576	1.9074	5126.0	0.9909	0.0014687	1.8914	0	0	0	0	0	1	0	4	15	55	925
52	10	10	7	0.036	1	0.375185	0.9727	0.0056904	1.1003	2932.1	0.9732	0.0049667	1.0944	0	0	1	0	2	1	8	12	33	114	829
62	10	10	8	0.036	1	0.411687	0.9444	0.01176	0.61267	1597.9	0.9439	0.011294	0.60222	0	0	1	1	5	11	11	32	68	180	691
72	10	10	9	0.036	1	0.46504	0.8888	0.022737	0.344	865.65	0.8902	0.021926	0.33693	0	0	1	9	9	24	41	86	102	241	487
82	10	10	10	0.036	1	0.529092	0.8096	0.037686	0.2012	458.41	0.7969	0.041582	0.20035	1	2	10	15	28	68	75	102	175	227	297
92	10	10	11	0.036	1	0.544656	0.7033	0.052071	0.11935	241.36	0.6919	0.051676	0.11881	3	5	30	50	68	98	125	134	162	178	147
102	10	10	12	0.036	1	0.590789	0.5781	0.056307	0.080171	125.47	0.5627	0.056535	0.078273	7	33	58	98	101	141	154	149	122	84	53
112	10	25	6	0.036	1	0.663431	0.9996	3.988e-05	3.1875	8331.7	0.9995	6.982e-05	3.1507	0	0	0	0	0	0	0	0	0	4	996
130	10	25	7	0.036	1	0.751713	0.9981	0.0003067	1.8765	4935.0	0.9982	0.00017694	1.9354	0	0	0	0	0	0	0	2	0	13	985
148	10	25	8	0.036	1	0.732044	0.9933	0.0010061	1.134	2905.8	0.9929	0.0013009	1.1133	0	0	0	0	0	0	0	4	7	41	948
166	10	25	9	0.036	1	0.785561	0.9824	0.0031734	0.72456	1657.7	0.983	0.0030541	0.65385	0	0	0	0	0	2	6	5	15	97	875
184	10	25	10	0.036	1	0.953939	0.9552	0.0089819	0.41061	929.78	0.9561	0.0081309	0.39875	0	0	0	2	3	3	14	25	49	172	732
202	10	25	11	0.036	1	0.955034	0.908	0.019015	0.28071	506.56	0.9009	0.019629	0.2486	0	1	0	6	8	18	23	64	121	205	554
220	10	25	12	0.036	1	0.96538	0.8218	0.036782	0.17235	274.71	0.8235	0.035393	0.17086	0	3	8	16	33	48	69	112	141	247	323
238	10	50	6	0.036	1	1.19159	1.0	0.0	4.3025	10885.0	1.0	0.0	4.2508	0	0	0	0	0	0	0	0	0	0	1000
256	10	50	7	0.036	1	1.15903	1.0	0.0	2.7903	6868.8	0.9999	1e-05	2.6781	0	0	0	0	0	0	0	0	0	0	1000
274	10	50	8	0.036	1	1.37149	0.9993	6.958e-05	1.8467	4200.4	0.9996	3.988e-05	1.7956	0	0	0	0	0	0	0	0	0	7	993
292	10	50	9	0.036	1	1.50511	0.9978	0.0003355	1.2068	2513.5	0.9981	0.0002066	1.1895	0	0	0	0	0	0	0	1	3	13	983
310	10	50	10	0.036	1	1.44366	0.9905	0.0014612	0.75949	1468.4	0.9921	0.0010286	0.74445	0	0	0	0	0	0	2	2	12	57	927
328	10	50	11	0.036	1	1.62626	0.9734	0.0052577	0.44607	836.18	0.9719	0.0049854	0.44524	0	0	0	0	0	4	8	14	35	102	837
346	10	50	12	0.036	1	1.75975	0.9406	0.012584	0.33974	466.41	0.9357	0.01427	0.3315	0	0	0	4	6	4	16	40	78	170	682
364	10	75	6	0.036	1	1.86525	1.0	0.0	5.522	12664.0	1.0	0.0	5.0185	0	0	0	0	0	0	0	0	0	0	1000
382	10	75	7	0.036	1	1.90173	1.0	0.0	3.4254	8114.7	1.0	0.0	3.2019	0	0	0	0	0	0	0	0	0	0	1000
400	10	75	8	0.036	1	2.0561	1.0	0.0	2.167	5106.2	0.9999	1e-05	2.0971	0	0	0	0	0	0	0	0	0	0	1000
418	10	75	9	0.036	1	2.13179	0.9994	5.97e-05	1.4962	3111.9	0.9992	7.9439e-05	1.4283	0	0	0	0	0	0	0	0	0	6	994
436	10	75	10	0.036	1	2.29611	0.9972	0.00041257	1.0416	1862.8	0.997	0.00043143	1.0066	0	0	0	0	0	0	0	2	1	20	977
454	10	75	11	0.036	1	2.34502	0.9887	0.0018041	0.66337	1086.0	0.9904	0.0015494	0.65365	0	0	0	0	0	0	2	3	19	58	918
472	10	75	12	0.036	1	2.55611	0.9698	0.0063944	0.55608	618.73	0.9696	0.0056215	0.49013	0	0	0	1	0	6	9	11	46	104	823
490	10	100	6	0.036	1	2.08007	1.0	0.0	5.7552	13868.0	1.0	0.0	5.5366	0	0	0	0	0	0	0	0	0	0	1000
508	10	100	7	0.036	1	2.43908	1.0	0.0	3.9022	9074.9	1.0	0.0	3.667	0	0	0	0	0	0	0	0	0	0	1000
526	10	100	8	0.036	1	2.43154	1.0	0.0	2.6154	5779.3	1.0	0.0	2.4247	0	0	0	0	0	0	0	0	0	0	1000
544	10	100	9	0.036	1	2.69406	0.9997	2.994e-05	1.672	3583.2	0.9997	2.994e-05	1.6757	0	0	0	0	0	0	0	0	0	3	997
562	10	100	10	0.036	1	2.86798	0.9992	9.9459e-05	1.23	2183.7	0.9988	0.00015872	1.2052	0	0	0	0	0	0	0	0	1	6	993
580	10	100	11	0.036	1	2.98072	0.9959	0.0005137	0.78362	1299.7	0.9949	0.00064463	0.79583	0	0	0	0	0	0	0	1	3	32	964
598	10	100	12	0.036	1	3.21744	0.9834	0.0027071	0.70201	753.28	0.9844	0.002319	0.62722	0	0	0	0	0	1	2	7	23	86	881
616	10	125	6	0.036	1	3.10798	1.0	0.0	6.3628	14926.0	1.0	0.0	6.0009	0	0	0	0	0	0	0	0	0	0	1000
634	10	125	7	0.036	1	3.16597	1.0	0.0	4.3317	9856.6	1.0	0.0	4.0555	0	0	0	0	0	0	0	0	0	0	1000
652	10	125	8	0.036	1	3.21915	1.0	0.0	2.8683	6292.9	1.0	0.0	2.6953	0	0	0	0	0	0	0	0	0	0	1000
670	10	125	9	0.036	1	3.45301	1.0	0.0	1.9151	3958.7	0.9999	1e-05	1.8831	0	0	0	0	0	0	0	0	0	0	1000
688	10	125	10	0.036	1	3.6394	0.9997	2.994e-05	1.4418	2442.4	0.9997	2.994e-05	1.3484	0	0	0	0	0	0	0	0	0	3	997
706	10	125	11	0.036	1	3.68879	0.9957	0.0006922	1.054	1476.4	0.9965	0.00055831	1.0274	0	0	0	0	0	0	1	2	2	29	966
724	10	125	12	0.036	1	4.0818	0.9896	0.0016935	0.76604	867.12	0.9904	0.0017496	0.75933	0	0	0	0	0	2	0	2	12	64	920
742	10	150	6	0.036	1	3.20836	1.0	0.0	6.7053	15764.0	1.0	0.0	6.4925	0	0	0	0	0	0	0	0	0	0	1000
760	10	150	7	0.036	1	3.39318	1.0	0.0	4.619	10470.0	1.0	0.0	4.3221	0	0	0	0	0	0	0	0	0	0	1000
778	10	150	8	0.036	1	3.30393	1.0	0.0	3.2759	6741.7	1.0	0.0	3.1703	0	0	0	0	0	0	0	0	0	0	1000
796	10	150	9	0.036	1	3.85505	1.0	0.0	2.2387	4303.9	0.9998	1.998e-05	2.0101	0	0	0	0	0	0	0	0	0	0	1000
814	10	150	10	0.036	1	3.98773	0.9992	7.9439e-05	1.495	2681.3	0.9995	4.98e-05	1.5462	0	0	0	0	0	0	0	0	0	8	992
832	10	150	11	0.036	1	4.33643	0.9982	0.00041718	1.1017	1630.4	0.9975	0.00046421	1.1896	0	0	0	0	0	0	1	1	3	5	990
850	10	150	12	0.036	1	4.36407	0.9927	0.001298	0.89673	970.0	0.9933	0.0009861	0.92034	0	0	0	0	0	1	1	2	9	40	947
868	10	200	6	0.036	1	3.79792	1.0	0.0	8.0824	17056.0	1.0	0.0	7.7183	0	0	0	0	0	0	0	0	0	0	1000
886	10	200	7	0.036	1	4.21629	1.0	0.0	5.7906	11439.0	1.0	0.0	5.0006	0	0	0	0	0	0	0	0	0	0	1000
904	10	200	8	0.036	1	4.44889	1.0	0.0	3.919	7506.0	1.0	0.0	3.4462	0	0	0	0	0	0	0	0	0	0	1000
922	10	200	9	0.036	1	4.51397	0.9999	1e-05	2.476	4857.2	1.0	0.0	2.3494	0	0	0	0	0	0	0	0	0	1	999
940	10	200	10	0.036	1	4.84963	0.9998	1.998e-05	1.8007	3078.9	1.0	0.0	2.0818	0	0	0	0	0	0	0	0	0	2	998
958	10	200	11	0.036	1	5.5049	0.9992	9.9459e-05	1.5571	1903.8	0.9993	8.96e-05	1.5716	0	0	0	0	0	0	0	0	1	6	993
976	10	200	12	0.036	1	5.7027	0.9957	0.00081232	1.3612	1150.2	0.9959	0.00043362	1.2011	0	0	0	0	0	1	0	2	4	24	969
994	10	250	6	0.036	1	4.51525	1.0	0.0	8.5434	18041.0	1.0	0.0	7.6786	0	0	0	0	0	0	0	0	0	0	1000
1012	10	250	7	0.036	1	4.99196	1.0	0.0	5.942	12287.0	1.0	0.0	5.323	0	0	0	0	0	0	0	0	0	0	1000
1030	10	250	8	0.036	1	5.56728	1.0	0.0	4.3043	8160.8	1.0	0.0	4.1	0	0	0	0	0	0	0	0	0	0	1000
1048	10	250	9	0.036	1	5.7682	1.0	0.0	3.2267	5309.1	1.0	0.0	2.9126	0	0	0	0	0	0	0	0	0	0	1000
1066	10	250	10	0.036	1	6.42444	1.0	0.0	2.1275	3396.8	1.0	0.0	1.9437	0	0	0	0	0	0	0	0	0	0	1000
1084	10	250	11	0.036	1	6.23603	0.9997	2.994e-05	1.7745	2129.4	0.9994	5.97e-05	1.7431	0	0	0	0	0	0	0	0	0	3	997
1102	10	250	12	0.036	1	6.90969	0.9983	0.00020732	1.5432	1300.4	0.9974	0.00033357	1.3975	0	0	0	0	0	0	0	0	2	13	985
1120	10	300	6	0.036	1	5.26672	1.0	0.0	8.6901	18968.0	1.0	0.0	8.2561	0	0	0	0	0	0	0	0	0	0	1000
1138	10	300	7	0.036	1	5.65401	1.0	0.0	6.2774	13003.0	1.0	0.0	5.7144	0	0	0	0	0	0	0	0	0	0	1000
1156	10	300	8	0.036	1	6.31112	1.0	0.0	4.4514	8668.2	1.0	0.0	4.3541	0	0	0	0	0	0	0	0	0	0	1000
1174	10	300	9	0.036	1	7.0367	1.0	0.0	3.487	5676.6	1.0	0.0	3.5009	0	0	0	0	0	0	0	0	0	0	1000
1192	10	300	10	0.036	1	7.13058	1.0	0.0	2.3581	3663.8	1.0	0.0	2.4376	0	0	0	0	0	0	0	0	0	0	1000
1210	10	300	11	0.036	1	7.35741	0.9998	1.998e-05	2.0169	2317.6	0.9999	1e-05	1.7447	0	0	0	0	0	0	0	0	0	2	998
1228	10	300	12	0.036	1	8.11806	0.9988	0.00017874	2.0995	1437.4	0.9988	0.00011868	1.9889	0	0	0	0	0	0	0	0	3	6	991
1246	10	350	6	0.036	1	5.67958	1.0	0.0	9.6364	19619.0	1.0	0.0	8.6579	0	0	0	0	0	0	0	0	0	0	1000
1264	10	350	7	0.036	1	6.82119	1.0	0.0	7.1959	13541.0	1.0	0.0	7.172	0	0	0	0	0	0	0	0	0	0	1000
1282	10	350	8	0.036	1	7.42445	1.0	0.0	4.8938	9112.5	1.0	0.0	4.9902	0	0	0	0	0	0	0	0	0	0	1000
1300	10	350	9	0.036	1	7.65084	1.0	0.0	3.4605	6031.9	1.0	0.0	3.3618	0	0	0	0	0	0	0	0	0	0	1000
1318	10	350	10	0.036	1	8.06156	1.0	0.0	2.8893	3904.3	1.0	0.0	2.7893	0	0	0	0	0	0	0	0	0	0	1000
1336	10	350	11	0.036	1	8.69116	0.9998	1.998e-05	2.3799	2494.5	0.9997	2.994e-05	2.1028	0	0	0	0	0	0	0	0	0	2	998
1354	10	350	12	0.036	1	9.02443	0.9992	7.9439e-05	2.4141	1553.5	0.9995	4.98e-05	1.9937	0	0	0	0	0	0	0	0	0	8	992
1372	10	400	6	0.036	1	6.79518	1.0	0.0	9.9367	20294.0	1.0	0.0	9.0764	0	0	0	0	0	0	0	0	0	0	1000
1390	10	400	7	0.036	1	7.70406	1.0	0.0	7.2705	14085.0	1.0	0.0	6.5039	0	0	0	0	0	0	0	0	0	0	1000
1408	10	400	8	0.036	1	8.15861	1.0	0.0	5.2326	9502.7	1.0	0.0	5.0731	0	0	0	0	0	0	0	0	0	0	1000
1426	10	400	9	0.036	1	8.94664	1.0	0.0	3.9769	6301.8	1.0	0.0	3.8638	0	0	0	0	0	0	0	0	0	0	1000
1444	10	400	10	0.036	1	8.73506	1.0	0.0	3.0733	4118.7	1.0	0.0	2.855	0	0	0	0	0	0	0	0	0	0	1000
1462	10	400	11	0.036	1	9.6008	0.9999	1e-05	2.6365	2644.0	1.0	0.0	2.1713	0	0	0	0	0	0	0	0	0	1	999
1480	10	400	12	0.036	1	9.86524	0.9993	0.0001897	2.4176	1663.3	0.9996	3.988e-05	2.2074	0	0	0	0	0	0	1	0	0	3	996
1498	10	500	6	0.036	1	7.9577	1.0	0.0	10.243	21253.0	1.0	0.0	11.265	0	0	0	0	0	0	0	0	0	0	1000
1516	10	500	7	0.036	1	8.46339	1.0	0.0	8.2205	14930.0	1.0	0.0	7.0171	0	0	0	0	0	0	0	0	0	0	1000
1534	10	500	8	0.036	1	9.1317	1.0	0.0	5.8618	10131.0	1.0	0.0	5.1711	0	0	0	0	0	0	0	0	0	0	1000
1552	10	500	9	0.036	1	10.01	1.0	0.0	4.2454	6816.9	1.0	0.0	4.1677	0	0	0	0	0	0	0	0	0	0	1000
1570	10	500	10	0.036	1	10.3666	1.0	0.0	3.5591	4499.5	1.0	0.0	3.5525	0	0	0	0	0	0	0	0	0	0	1000
1588	10	500	11	0.036	1	10.7464	1.0	0.0	3.1442	2919.4	1.0	0.0	2.7941	0	0	0	0	0	0	0	0	0	0	1000
1606	10	500	12	0.036	1	12.3521	0.9998	1.998e-05	2.9293	1859.7	0.9998	1.998e-05	2.5794	0	0	0	0	0	0	0	0	0	2	998
