	k	n_trees	depth	sparsity	k_build	b	v	build_time	recall	var_recall	query_time	projection_time	traversal_time	vote_time	exact_time	cs_size	n_train	val_recall	val_var_recall	val_query_time	r0	r1	r2	r3	r4	r5	r6	r7	r8	r9	r10
0	10	1	13	0.036	10	1	1	0.482768	0.3517	0.078195	0.034013	0	0.0022599	0.010743	0.020774	57.107	58000	0.3581	0.07575	0.032197	178	128	128	100	111	96	83	65	59	36	16
41	10	1	14	0.036	10	1	1	0.563175	0.2503	0.063163	0.026184	0	0.0024198	0.011057	0.012478	31.414	58000	0.27	0.065966	0.024364	289	177	127	96	84	76	70	33	21	21	6
82	10	5	13	0.036	10	1	1	0.809562	0.8145	0.037277	0.10779	0	0.011701	0.014804	0.081034	231.81	58000	0.8003	0.038909	0.10613	1	6	9	18	23	43	76	124	161	242	297
123	10	5	14	0.036	10	1	1	0.944177	0.7061	0.053887	0.084148	0	0.015027	0.012612	0.056282	132.15	58000	0.6926	0.060806	0.083883	4	12	22	56	65	89	111	149	159	179	154
164	10	10	13	0.036	10	1	1	1.09465	0.9258	0.01521	0.18014	0	0.024762	0.019841	0.13529	394.77	58000	0.9184	0.016438	0.17726	0	1	2	1	6	7	30	45	76	232	600
205	10	10	14	0.036	10	1	1	1.24787	0.8618	0.027809	0.13803	0	0.03677	0.017835	0.083168	230.97	58000	0.8526	0.028742	0.12712	2	1	2	11	12	31	52	98	144	243	404
246	10	15	13	0.036	10	1	1	1.16289	0.9609	0.0067279	0.24376	0	0.042046	0.023834	0.17761	521.45	58000	0.9576	0.00777	0.28974	0	0	0	0	3	3	6	21	43	185	739
287	10	15	14	0.036	10	1	1	1.445	0.9192	0.015827	0.21474	0	0.051646	0.047322	0.11552	310.71	58000	0.9163	0.01532	0.22069	0	0	2	2	4	18	22	46	105	228	573
328	10	20	13	0.036	10	1	1	1.4021	0.9773	0.0037184	0.3046	0	0.061124	0.026133	0.21707	633.65	58000	0.9741	0.0044436	0.33545	0	0	0	0	0	2	1	13	33	108	843
369	10	20	14	0.036	10	1	1	1.61615	0.9498	0.0092892	0.2885	0	0.075332	0.077664	0.13524	381.8	58000	0.9449	0.0099039	0.24555	0	0	1	1	2	7	8	20	82	184	695
410	10	25	13	0.036	10	1	1	1.58883	0.9853	0.0023763	0.4427	0	0.078635	0.099891	0.26389	731.6	58000	0.9852	0.002063	0.41679	0	0	0	0	0	1	2	5	19	81	892
451	10	25	14	0.036	10	1	1	1.79161	0.9671	0.0055131	0.34443	0	0.089721	0.094718	0.15972	444.83	58000	0.9629	0.0066202	0.30947	0	0	0	1	0	2	6	13	49	151	778
492	10	30	13	0.036	10	1	1	1.75844	0.989	0.0018008	0.5044	0	0.093253	0.11285	0.29801	820.71	58000	0.9877	0.0016404	0.47617	0	0	0	1	0	0	0	2	14	69	914
533	10	30	14	0.036	10	1	1	2.08257	0.9732	0.0055073	0.35965	0	0.10741	0.075398	0.17656	503.62	58000	0.9715	0.0044822	0.31532	0	0	1	1	1	2	5	13	24	130	823
574	10	40	13	0.036	10	1	1	2.03268	0.9941	0.00077597	0.58779	0	0.15246	0.073092	0.3619	976.87	58000	0.9936	0.00091996	0.57542	0	0	0	0	0	0	0	2	5	43	950
615	10	40	14	0.036	10	1	1	2.2817	0.9843	0.0027663	0.47286	0	0.17571	0.083222	0.21353	605.22	58000	0.9851	0.0022302	0.40684	0	0	0	0	0	2	4	4	16	87	887
656	10	50	13	0.036	10	1	1	2.80022	0.9968	0.00045021	0.64993	0	0.1875	0.061741	0.40034	1111.8	58000	0.9964	0.00040745	0.62188	0	0	0	0	0	0	0	2	1	24	973
697	10	50	14	0.036	10	1	1	3.26026	0.9893	0.0016972	0.57801	0	0.24094	0.0533	0.2834	700.4	58000	0.9884	0.001527	0.50449	0	0	0	0	0	1	1	3	12	65	918
738	10	60	13	0.036	10	1	1	3.92202	0.9972	0.00043259	1.0334	0	0.33566	0.18337	0.51389	1226.4	58000	0.9973	0.00038309	0.88653	0	0	0	0	0	0	0	2	2	18	978
779	10	60	14	0.036	10	1	1	4.79826	0.9908	0.0013167	0.71927	0	0.32909	0.11606	0.27371	778.51	58000	0.9926	0.0010263	0.60242	0	0	0	0	0	0	1	3	9	61	926
820	10	70	13	0.036	10	1	1	4.54279	0.998	0.00021622	1.079	0	0.33652	0.18805	0.55399	1337.3	58000	0.9983	0.0001873	1.0364	0	0	0	0	0	0	0	0	1	18	981
861	10	70	14	0.036	10	1	1	5.28597	0.9949	0.00078477	0.97677	0	0.4704	0.16773	0.33824	850.2	58000	0.9958	0.00066302	0.74886	0	0	0	0	0	0	2	0	3	37	958
902	10	80	13	0.036	10	1	1	4.99091	0.9991	8.9279e-05	1.0098	0	0.30737	0.18114	0.52085	1441.1	58000	0.9987	0.00012844	0.95694	0	0	0	0	0	0	0	0	0	9	991
943	10	80	14	0.036	10	1	1	5.50944	0.9958	0.000643	0.94801	0	0.45102	0.15105	0.34552	917.17	58000	0.9963	0.00055687	0.81386	0	0	0	0	0	0	0	3	3	27	967
984	10	90	13	0.036	10	1	1	4.79874	0.9996	3.988e-05	1.0662	0	0.35118	0.15935	0.55523	1526.2	58000	0.9989	0.00016896	1.1105	0	0	0	0	0	0	0	0	0	4	996
1025	10	90	14	0.036	10	1	1	5.76944	0.9974	0.00029353	1.2614	0	0.62643	0.19688	0.43758	981.41	58000	0.9975	0.00026401	0.9558	0	0	0	0	0	0	0	0	2	22	976
1066	10	100	13	0.036	10	1	1	5.27465	0.9994	5.97e-05	1.0824	0	0.37317	0.13122	0.5776	1606.8	58000	0.9993	6.958e-05	1.0566	0	0	0	0	0	0	0	0	0	6	994
1107	10	100	14	0.036	10	1	1	5.94414	0.997	0.00031131	1.2453	0	0.64586	0.17932	0.41973	1038.6	58000	0.9979	0.0002058	1.0718	0	0	0	0	0	0	0	0	1	28	971
1148	10	1	13	0.036	50	1	1	0.731164	0.6785	0.094502	0.082815	0	0.0025757	0.012003	0.067981	227.45	58000	0.668	0.098735	0.081878	53	38	38	53	54	56	93	96	135	134	250
1189	10	1	14	0.036	50	1	1	0.784491	0.5708	0.10443	0.057304	0	0.00276	0.011305	0.043002	135.31	58000	0.5458	0.11294	0.056064	80	64	65	78	65	102	92	88	108	102	156
1230	10	5	13	0.036	50	1	1	1.22077	0.9687	0.0061765	0.29969	0	0.034012	0.019485	0.24591	759.61	58000	0.9669	0.0087431	0.2832	0	0	0	1	1	3	7	20	33	131	804
1271	10	5	14	0.036	50	1	1	1.56863	0.9389	0.016433	0.20631	0	0.019553	0.016828	0.16967	480.81	58000	0.9354	0.017024	0.21958	0	1	2	5	11	10	12	30	78	141	710
1312	10	10	13	0.036	50	1	1	1.62077	0.993	0.0012723	0.48566	0	0.034578	0.062934	0.38786	1150.6	58000	0.9913	0.0024167	0.48853	0	0	0	0	0	0	2	4	7	36	951
1353	10	10	14	0.036	50	1	1	2.01412	0.9824	0.0035338	0.362	0	0.037683	0.062718	0.2613	749.77	58000	0.9808	0.0039553	0.34994	0	0	0	0	0	3	5	8	20	77	887
1394	10	15	13	0.036	50	1	1	1.84742	0.9962	0.00060617	0.70236	0	0.057077	0.11183	0.53315	1456.4	58000	0.9974	0.00037361	0.69462	0	0	0	0	0	0	0	3	3	23	971
1435	10	15	14	0.036	50	1	1	2.33662	0.9918	0.0014142	0.47343	0	0.061585	0.059254	0.35231	961.28	58000	0.9925	0.0010748	0.45619	0	0	0	0	0	1	0	4	11	43	941
1476	10	20	13	0.036	50	1	1	2.09232	0.9987	0.00016848	0.85049	0	0.085281	0.11797	0.64693	1699.9	58000	0.9978	0.00029546	0.83177	0	0	0	0	0	0	0	0	2	9	989
1517	10	20	14	0.036	50	1	1	2.45363	0.9953	0.00086878	0.55201	0	0.090778	0.041049	0.4199	1133.6	58000	0.9947	0.00068259	0.53961	0	0	0	0	1	0	0	1	3	32	963
1558	10	25	13	0.036	50	1	1	2.17188	0.9987	0.00014846	0.93048	0	0.094006	0.12583	0.71029	1909.5	58000	0.999	0.00017918	0.91405	0	0	0	0	0	0	0	0	1	11	988
1599	10	25	14	0.036	50	1	1	2.7654	0.9967	0.00047959	0.68306	0	0.12108	0.064789	0.49687	1282.2	58000	0.9979	0.00026586	0.65518	0	0	0	0	0	0	1	0	2	25	972
1640	10	30	13	0.036	50	1	1	2.75986	0.999	0.00011912	0.92953	0	0.11942	0.093396	0.71645	2086.9	58000	0.9992	9.9459e-05	0.90889	0	0	0	0	0	0	0	0	1	8	991
1681	10	30	14	0.036	50	1	1	3.16229	0.9985	0.0001479	0.70215	0	0.13025	0.079423	0.4922	1395.4	58000	0.9979	0.00024584	0.67472	0	0	0	0	0	0	0	0	0	15	985
1722	10	40	13	0.036	50	1	1	3.75777	0.9996	3.988e-05	1.3581	0	0.21245	0.15684	0.98842	2394.4	58000	0.999	9.9099e-05	1.3199	0	0	0	0	0	0	0	0	0	4	996
1763	10	40	14	0.036	50	1	1	4.40747	0.9988	0.00011868	0.88098	0	0.20293	0.074564	0.60311	1619.1	58000	0.9992	0.0001395	0.85021	0	0	0	0	0	0	0	0	0	12	988
1804	10	50	13	0.036	50	1	1	4.99831	0.9998	1.998e-05	1.2435	0	0.19562	0.13295	0.91449	2644.1	58000	0.9998	1.998e-05	1.2152	0	0	0	0	0	0	0	0	0	2	998
1845	10	50	14	0.036	50	1	1	6.27454	0.9997	2.994e-05	0.93898	0	0.22203	0.10006	0.61649	1819.2	58000	0.9993	6.958e-05	0.90245	0	0	0	0	0	0	0	0	0	3	997
1886	10	60	13	0.036	50	1	1	7.46278	0.9998	1.998e-05	1.4565	0	0.24583	0.19399	1.0162	2858.9	58000	1.0	0.0	1.4442	0	0	0	0	0	0	0	0	0	2	998
1927	10	60	14	0.036	50	1	1	8.73193	0.9997	2.994e-05	1.1039	0	0.2654	0.16164	0.67641	1981.4	58000	0.9997	2.994e-05	1.1527	0	0	0	0	0	0	0	0	0	3	997
1968	10	70	13	0.036	50	1	1	7.85651	0.9999	1e-05	1.9791	0	0.36271	0.28492	1.3308	3046.9	58000	0.9998	1.998e-05	1.7897	0	0	0	0	0	0	0	0	0	1	999
2009	10	70	14	0.036	50	1	1	9.46618	0.9998	1.998e-05	1.3202	0	0.36685	0.20758	0.74533	2111.7	58000	0.9999	1e-05	1.2901	0	0	0	0	0	0	0	0	0	2	998
2050	10	80	13	0.036	50	1	1	8.52348	0.9999	1e-05	1.865	0	0.38616	0.25471	1.2236	3249.3	58000	0.9999	1e-05	1.791	0	0	0	0	0	0	0	0	0	1	999
2091	10	80	14	0.036	50	1	1	9.97574	0.9997	2.994e-05	1.5216	0	0.44912	0.19161	0.88048	2240.4	58000	0.9998	1.998e-05	1.615	0	0	0	0	0	0	0	0	0	3	997
2132	10	90	13	0.036	50	1	1	8.5557	1.0	0.0	2.0925	0	0.43248	0.26263	1.3969	3385.2	58000	1.0	0.0	2.1605	0	0	0	0	0	0	0	0	0	0	1000
2173	10	90	14	0.036	50	1	1	10.5852	0.9997	4.996e-05	1.6446	0	0.47042	0.26216	0.91146	2372.4	58000	0.9999	1e-05	1.7124	0	0	0	0	0	0	0	0	1	1	998
2214	10	100	13	0.036	50	1	1	9.80615	1.0	0.0	2.1094	0	0.49851	0.32613	1.2842	3530.5	58000	0.9999	1e-05	2.0315	0	0	0	0	0	0	0	0	0	0	1000
2255	10	100	14	0.036	50	1	1	12.1755	0.9999	1e-05	1.6917	0	0.51071	0.24775	0.93275	2486.1	58000	0.9999	1e-05	1.5226	0	0	0	0	0	0	0	0	0	1	999
