	k	n_trees	depth	sparsity	k_build	b	v	build_time	recall	var_recall	query_time	projection_time	traversal_time	vote_time	exact_time	cs_size	n_train	val_recall	val_var_recall	val_query_time	r0	r1	r2	r3	r4	r5	r6	r7	r8	r9	r10
0	10	1	13	0.036	10	1	1	0.177428	0.1928	0.054062	0.034004	0.00079058	0.00023128	0.0098602	0.022862	64.684	58000	0.1871	0.058322	0.032756	408	150	133	88	71	53	37	26	16	13	5
41	10	1	14	0.036	10	1	1	0.14247	0.1356	0.041274	0.02562	0.00088463	0.00028066	0.010602	0.013599	33.963	58000	0.1267	0.040418	0.024242	553	118	119	63	51	30	32	13	15	6	0
82	10	5	13	0.036	10	1	1	0.260167	0.5867	0.082776	0.11693	0.0020089	0.0015062	0.01259	0.10043	296.43	58000	0.5759	0.081711	0.11809	53	49	56	68	68	113	143	113	117	120	100
123	10	5	14	0.036	10	1	1	0.351781	0.436	0.084689	0.074258	0.0024085	0.0015679	0.01202	0.057945	159.42	58000	0.4412	0.084147	0.072639	98	114	113	92	118	104	92	86	85	62	36
164	10	10	13	0.036	10	1	1	0.318327	0.7645	0.053864	0.20843	0.0036286	0.0032818	0.016974	0.18424	556.56	58000	0.7408	0.061937	0.20914	10	13	13	30	49	57	91	115	178	180	264
205	10	10	14	0.036	10	1	1	0.372526	0.6511	0.073232	0.12445	0.0038146	0.0034737	0.015183	0.10169	300.36	58000	0.6379	0.074608	0.12426	18	40	37	64	87	97	91	136	141	144	145
246	10	15	13	0.036	10	1	1	0.420767	0.8447	0.038711	0.34136	0.0051776	0.0046914	0.020468	0.31068	793.78	58000	0.8383	0.038862	0.34388	1	5	15	16	25	29	51	89	144	212	413
287	10	15	14	0.036	10	1	1	0.447426	0.7353	0.062346	0.17396	0.0053783	0.0052425	0.017709	0.1453	434.82	58000	0.7342	0.062753	0.17298	13	22	25	30	56	66	90	132	151	185	230
328	10	20	13	0.036	10	1	1	0.414683	0.8932	0.02638	0.37815	0.0066485	0.0065495	0.025449	0.33921	1014.8	58000	0.8856	0.028601	0.38093	0	2	4	12	13	19	37	66	113	189	545
369	10	20	14	0.036	10	1	1	0.529797	0.8105	0.045245	0.22039	0.0070204	0.0079227	0.021354	0.18379	555.02	58000	0.8102	0.043539	0.22142	4	7	13	21	26	55	87	93	130	223	341
410	10	25	13	0.036	10	1	1	0.438052	0.9234	0.016809	0.44083	0.0077567	0.0081321	0.028172	0.39649	1208.4	58000	0.9179	0.018068	0.44407	0	0	3	4	6	9	26	51	93	190	618
451	10	25	14	0.036	10	1	1	0.455341	0.8467	0.036646	0.30519	0.0089313	0.0088331	0.02322	0.2639	671.71	58000	0.8473	0.03715	0.30699	1	2	18	12	16	33	67	86	136	218	411
492	10	30	13	0.036	10	1	1	0.470489	0.9382	0.013314	0.51154	0.0092106	0.010137	0.033005	0.4589	1396.9	58000	0.9389	0.01325	0.51993	0	1	1	1	2	11	21	42	70	177	674
533	10	30	14	0.036	10	1	1	0.531006	0.8811	0.030103	0.32352	0.011715	0.011006	0.029078	0.27137	785.72	58000	0.8793	0.026428	0.31566	0	3	7	10	17	28	44	68	99	216	508
574	10	40	13	0.036	10	1	1	0.546663	0.9609	0.0071283	0.66668	0.014271	0.013248	0.04174	0.59709	1769.7	58000	0.9538	0.011537	0.67038	0	0	0	0	0	4	10	28	53	141	764
615	10	40	14	0.036	10	1	1	0.607741	0.9208	0.019387	0.39457	0.014185	0.014877	0.034664	0.33051	990.35	58000	0.912	0.020797	0.39604	0	1	1	8	9	18	23	40	81	201	618
656	10	50	13	0.036	10	1	1	0.626243	0.9728	0.0056258	0.7923	0.016937	0.018822	0.050903	0.70529	2093.3	58000	0.9705	0.0055253	0.8674	0	1	0	0	0	4	8	8	34	119	826
697	10	50	14	0.036	10	1	1	0.720975	0.9429	0.011801	0.46227	0.017165	0.018345	0.039838	0.38659	1174.0	58000	0.9383	0.013637	0.46916	0	1	1	2	1	7	15	35	81	172	685
738	10	60	13	0.036	10	1	1	0.984261	0.9803	0.0035254	0.99559	0.022266	0.018888	0.13	0.82407	2406.3	58000	0.9779	0.003365	1.0269	0	0	0	0	1	1	3	9	27	93	866
779	10	60	14	0.036	10	1	1	1.14493	0.955	0.010325	0.60829	0.02157	0.021595	0.10811	0.45662	1367.3	58000	0.9576	0.0083506	0.65483	0	0	0	5	3	3	14	24	56	142	753
820	10	70	13	0.036	10	1	1	1.10185	0.9848	0.0024514	1.1469	0.024517	0.021731	0.1873	0.91293	2700.2	58000	0.9856	0.002355	1.1243	0	0	0	0	0	1	0	9	21	78	891
861	10	70	14	0.036	10	1	1	1.23727	0.9643	0.0079635	0.73754	0.02555	0.029079	0.1694	0.51304	1528.9	58000	0.9595	0.0079977	0.70979	0	0	0	2	4	4	6	17	54	116	797
902	10	80	13	0.036	10	1	1	1.33877	0.9889	0.0019487	1.3143	0.030181	0.031111	0.23484	1.0178	2956.8	58000	0.9894	0.0016893	1.2588	0	0	0	0	0	1	1	5	17	53	923
943	10	80	14	0.036	10	1	1	1.51473	0.9686	0.0067007	0.86807	0.033416	0.030479	0.2159	0.58778	1702.4	58000	0.9707	0.0053969	0.78443	0	0	0	0	0	8	6	24	39	100	823
984	10	90	13	0.036	10	1	1	1.28355	0.9911	0.0014122	1.4656	0.034695	0.037049	0.26772	1.1257	3229.1	58000	0.9913	0.0010954	1.4022	0	0	0	0	0	0	1	6	6	55	932
1025	10	90	14	0.036	10	1	1	1.44852	0.9763	0.0052936	0.92948	0.037325	0.037332	0.20731	0.64703	1867.2	58000	0.9751	0.0044945	0.93376	0	0	0	2	2	2	6	8	22	109	849
1066	10	100	13	0.036	10	1	1	1.39903	0.9917	0.0015827	1.5817	0.038172	0.039154	0.2894	1.2145	3501.8	58000	0.9909	0.0014486	1.5026	0	0	0	1	0	0	0	3	11	45	940
1107	10	100	14	0.036	10	1	1	1.5317	0.9792	0.0038112	1.0482	0.042661	0.041153	0.26226	0.70161	2015.8	58000	0.9794	0.00436	0.97963	0	0	0	1	0	2	1	12	25	101	858
1148	10	1	13	0.036	50	1	1	0.420428	0.4432	0.12724	0.094905	0.00081379	0.00036165	0.011742	0.081718	281.5	58000	0.4376	0.12882	0.093805	213	91	84	70	63	73	74	70	61	86	115
1189	10	1	14	0.036	50	1	1	0.384037	0.3159	0.11435	0.061612	0.00087808	0.00043831	0.011083	0.048959	159.25	58000	0.2921	0.11452	0.06035	381	82	67	76	66	61	51	55	51	53	57
1230	10	5	13	0.036	50	1	1	0.930531	0.8789	0.042968	0.4041	0.002273	0.0019016	0.020431	0.37909	1155.8	58000	0.8646	0.047074	0.41155	9	7	8	18	17	35	32	47	77	168	582
1271	10	5	14	0.036	50	1	1	0.902445	0.7915	0.070809	0.24802	0.002651	0.0022632	0.017342	0.22534	661.83	58000	0.7845	0.068218	0.24352	18	18	34	33	30	44	55	81	102	173	412
1312	10	10	13	0.036	50	1	1	1.0078	0.9541	0.012576	0.7257	0.0041827	0.0036906	0.033676	0.68372	2068.1	58000	0.9508	0.014514	0.77395	1	0	1	2	6	8	18	23	42	126	773
1353	10	10	14	0.036	50	1	1	1.03679	0.9059	0.029164	0.42944	0.0038325	0.0047697	0.025443	0.39509	1206.7	58000	0.9123	0.027326	0.4488	1	5	7	9	15	19	28	52	80	154	630
1394	10	15	13	0.036	50	1	1	1.08205	0.9753	0.0056255	1.0173	0.0057735	0.0054105	0.069971	0.93575	2805.3	58000	0.9733	0.0066838	1.1558	0	0	1	0	2	3	3	15	37	81	858
1435	10	15	14	0.036	50	1	1	1.12548	0.9554	0.011663	0.62009	0.0058663	0.0061551	0.063198	0.54455	1641.2	58000	0.9461	0.016461	0.66041	0	0	3	3	2	10	9	28	44	131	770
1476	10	20	13	0.036	50	1	1	1.28425	0.9877	0.0028215	1.3187	0.0086675	0.0088226	0.15165	1.1492	3412.3	58000	0.9868	0.0024882	1.3373	0	0	0	0	3	1	3	3	5	69	916
1517	10	20	14	0.036	50	1	1	1.29809	0.9699	0.0081121	0.77432	0.0093492	0.012593	0.066242	0.68574	1998.8	58000	0.9681	0.0072396	0.72683	0	0	0	2	2	10	7	19	29	82	849
1558	10	25	13	0.036	50	1	1	1.46624	0.9908	0.0019974	1.6337	0.010372	0.011946	0.20811	1.4028	4035.5	58000	0.9904	0.0019298	1.6033	0	0	0	0	1	1	2	3	12	40	941
1599	10	25	14	0.036	50	1	1	1.46558	0.9773	0.0054201	1.0167	0.011172	0.013021	0.14923	0.84285	2420.8	58000	0.9771	0.0049906	0.9963	0	1	0	1	0	2	8	10	28	83	867
1640	10	30	13	0.036	50	1	1	1.48748	0.9923	0.0019727	1.8352	0.013594	0.01286	0.25054	1.5578	4473.1	58000	0.9941	0.0011764	1.7866	0	0	0	1	1	0	1	4	9	30	954
1681	10	30	14	0.036	50	1	1	1.64742	0.9853	0.0025965	1.14	0.013245	0.015019	0.17407	0.93723	2745.9	58000	0.9842	0.0039743	1.1379	0	0	0	0	0	1	3	5	24	67	900
1722	10	40	13	0.036	50	1	1	1.9249	0.9964	0.00048753	1.9716	0.016792	0.019259	0.26834	1.6667	5415.3	58000	0.9969	0.00036075	1.8401	0	0	0	0	0	0	0	0	7	22	971
1763	10	40	14	0.036	50	1	1	2.09808	0.9916	0.0017912	1.3968	0.01564	0.018261	0.22953	1.1329	3348.2	58000	0.9928	0.00094911	1.3797	0	0	0	0	1	2	0	3	7	45	942
1804	10	50	13	0.036	50	1	1	2.46882	0.9982	0.00027704	2.5912	0.02096	0.027382	0.36387	2.1785	6181.7	58000	0.9974	0.00033357	2.7163	0	0	0	0	0	0	0	1	2	11	986
1845	10	50	14	0.036	50	1	1	2.89024	0.9938	0.0012628	1.5685	0.020183	0.020926	0.21503	1.3119	3880.2	58000	0.9954	0.00081966	1.5305	0	0	0	0	1	1	0	1	6	36	955
1886	10	60	13	0.036	50	1	1	3.84223	0.9984	0.00021766	3.2589	0.027289	0.034491	0.42751	2.7688	6976.7	58000	0.9986	0.0003584	2.6355	0	0	0	0	0	0	0	0	3	10	987
1927	10	60	14	0.036	50	1	1	4.57001	0.9962	0.00054611	1.9344	0.024757	0.030054	0.1699	1.7091	4387.9	58000	0.9942	0.0010474	2.0268	0	0	0	0	0	0	0	1	6	23	970
1968	10	70	13	0.036	50	1	1	4.2003	0.9991	0.0001093	3.1702	0.033805	0.039231	0.32203	2.7744	7815.8	58000	0.9984	0.00019764	3.3323	0	0	0	0	0	0	0	0	1	7	992
2009	10	70	14	0.036	50	1	1	4.77319	0.9976	0.00035459	2.0615	0.032229	0.038782	0.31496	1.6747	4830.8	58000	0.9973	0.00034305	2.0126	0	0	0	0	0	0	0	1	3	15	981
2050	10	80	13	0.036	50	1	1	5.2117	0.9992	9.9459e-05	3.7583	0.038021	0.04475	0.52123	3.1533	8190.2	58000	0.9994	0.00011976	3.3411	0	0	0	0	0	0	0	0	1	6	993
2091	10	80	14	0.036	50	1	1	5.14567	0.9982	0.00021698	2.2876	0.036389	0.038413	0.27018	1.9421	5259.0	58000	0.9975	0.00050425	2.2151	0	0	0	0	0	0	0	0	2	14	984
2132	10	90	13	0.036	50	1	1	5.75544	0.9994	7.972e-05	4.3261	0.042229	0.049215	0.36111	3.8729	8956.7	58000	0.9991	0.00012932	3.4812	0	0	0	0	0	0	0	0	1	4	995
2173	10	90	14	0.036	50	1	1	6.75189	0.9978	0.00035552	2.2787	0.041488	0.043194	0.2777	1.9158	5666.6	58000	0.9984	0.00021766	2.1809	0	0	0	0	0	0	0	1	4	11	984
2214	10	100	13	0.036	50	1	1	6.09195	0.999	0.00011912	4.4694	0.047295	0.046238	0.39712	3.978	9507.1	58000	0.9994	0.00011976	4.1296	0	0	0	0	0	0	0	0	1	8	991
2255	10	100	14	0.036	50	1	1	6.63517	0.9987	0.00016848	2.6205	0.044978	0.064417	0.49791	2.0126	6093.0	58000	0.9978	0.00037554	2.4045	0	0	0	0	0	0	0	0	2	9	989
