	k	n_trees	depth	sparsity	v	build_time	recall	var_recall	query_time	projection_time	traversal_time	vote_time	exact_time	cs_size	val_recall	val_var_recall	val_query_time	r0	r1	r2	r3	r4	r5	r6	r7	r8	r9	r10
0	10	1	6	0.036	1	0.0418497	0.2899	0.064312	0.28259	0.00062103	0.00010459	0.010784	0.27082	906.25	0.2821	0.058568	0.27711	193	182	155	115	102	81	61	48	32	19	12
1	10	1	7	0.036	1	0.0386917	0.2168	0.052991	0.14777	0.00059759	9.4834e-05	0.0097399	0.13708	453.12	0.2131	0.045944	0.14633	308	194	157	100	72	62	43	26	25	8	5
2	10	1	8	0.036	1	0.0448605	0.1537	0.03358	0.082685	0.00065898	0.00012071	0.0093309	0.072315	226.56	0.156	0.033558	0.081689	383	240	143	93	56	43	21	7	8	6	0
3	10	1	9	0.036	1	0.0442372	0.1169	0.021826	0.049056	0.00072182	0.00012538	0.0090595	0.038909	113.27	0.1112	0.021596	0.048115	437	268	142	67	44	21	15	3	3	0	0
4	10	1	10	0.036	1	0.044525	0.0822	0.012876	0.03193	0.00072883	0.00014781	0.0093617	0.021449	56.607	0.0836	0.014846	0.031075	525	268	117	61	16	8	3	1	1	0	0
5	10	1	11	0.036	1	0.0761303	0.0697	0.010322	0.030553	0.00097076	0.00025817	0.014328	0.014615	28.314	0.0662	0.011089	0.027337	562	278	97	37	20	4	0	2	0	0	0
6	10	1	12	0.036	1	0.0571144	0.037	0.0052362	0.017376	0.00079122	0.00017305	0.0093385	0.0067458	14.178	0.0389	0.0046414	0.016587	733	192	56	14	2	2	1	0	0	0	0
7	10	5	6	0.036	1	0.0600543	0.7551	0.052787	1.4815	0.0014021	0.00021691	0.023268	1.4562	4132.8	0.7486	0.048166	1.4786	3	9	23	29	65	66	91	120	158	191	245
12	10	5	7	0.036	1	0.060429	0.6697	0.065237	0.75534	0.0014317	0.00026004	0.015992	0.73728	2109.1	0.6831	0.056901	0.75575	14	17	36	64	81	101	117	136	133	141	160
17	10	5	8	0.036	1	0.0833072	0.5575	0.068833	0.47356	0.0016081	0.00035202	0.01269	0.45855	1079.1	0.5395	0.071201	0.46788	24	47	74	91	118	131	109	135	122	85	64
22	10	5	9	0.036	1	0.074565	0.4483	0.063641	0.20746	0.0015777	0.00037328	0.010666	0.19452	547.38	0.4438	0.062764	0.20742	43	98	121	114	135	123	124	105	80	43	14
27	10	5	10	0.036	1	0.0716888	0.3639	0.054541	0.14428	0.0026333	0.00069598	0.016952	0.12345	275.7	0.3487	0.055554	0.11457	64	141	180	134	131	115	96	78	40	15	6
32	10	5	11	0.036	1	0.0729319	0.258	0.041477	0.067015	0.0018421	0.00061386	0.0097987	0.054436	138.95	0.2578	0.040099	0.06608	170	165	222	159	98	83	60	24	13	5	1
37	10	5	12	0.036	1	0.0791957	0.1935	0.028937	0.043047	0.0019893	0.00074763	0.009844	0.030137	69.787	0.1784	0.023957	0.041691	219	254	222	132	87	46	26	8	3	3	0
42	10	10	6	0.036	1	0.0634579	0.9227	0.016251	2.7342	0.0027109	0.00049731	0.052934	2.6777	7439.5	0.9195	0.016927	2.6974	0	0	4	2	6	9	21	55	99	199	605
52	10	10	7	0.036	1	0.0593369	0.8678	0.027791	1.4039	0.0023028	0.00057338	0.025342	1.3753	3930.5	0.8646	0.030377	1.3977	0	1	5	8	14	34	53	78	155	207	445
62	10	10	8	0.036	1	0.0867421	0.7784	0.045359	0.73782	0.0025983	0.00085809	0.017376	0.71671	2035.4	0.7772	0.045406	0.73322	1	4	10	34	43	66	107	108	159	194	274
72	10	10	9	0.036	1	0.0743379	0.6558	0.061348	0.38349	0.0026399	0.00090792	0.012584	0.36711	1052.9	0.6595	0.057227	0.38477	7	20	40	62	85	124	130	128	131	142	131
82	10	10	10	0.036	1	0.0866416	0.5409	0.066564	0.20711	0.0028592	0.0012199	0.011118	0.19167	536.51	0.5464	0.060548	0.20673	29	41	82	95	139	115	127	129	112	83	48
92	10	10	11	0.036	1	0.0988824	0.4183	0.059655	0.13256	0.0041673	0.0018456	0.01445	0.11172	272.47	0.427	0.056447	0.11526	53	98	125	149	144	136	101	90	52	40	12
102	10	10	12	0.036	1	0.0975621	0.3279	0.045077	0.083764	0.0039563	0.0016612	0.011616	0.066206	137.5	0.3259	0.045144	0.079267	86	139	171	179	149	119	84	34	25	12	2
112	10	25	6	0.036	1	0.077142	0.9916	0.0013508	5.4858	0.0059687	0.0014195	0.13879	5.3388	14733.0	0.9923	0.0014922	5.4696	0	0	0	0	0	0	1	4	11	46	938
130	10	25	7	0.036	1	0.0699106	0.98	0.0037838	3.0645	0.0060142	0.001759	0.080495	2.9757	8229.5	0.978	0.0038398	3.0071	0	0	0	1	0	0	2	18	22	87	870
148	10	25	8	0.036	1	0.0836679	0.9419	0.013708	1.6432	0.0054554	0.0018702	0.038473	1.597	4541.2	0.9409	0.01329	1.6507	0	0	2	3	7	5	19	37	64	162	701
166	10	25	9	0.036	1	0.0970317	0.8959	0.024358	0.86542	0.0060242	0.0021448	0.022728	0.83416	2387.9	0.886	0.028172	0.87043	0	3	3	4	10	31	32	64	118	191	544
184	10	25	10	0.036	1	0.0972149	0.8	0.045245	0.47799	0.0070505	0.0034347	0.019116	0.44807	1248.5	0.8073	0.039997	0.46577	4	5	14	22	43	47	70	120	151	214	310
202	10	25	11	0.036	1	0.121961	0.6973	0.05734	0.26682	0.0076379	0.0042905	0.016336	0.23826	644.73	0.6927	0.060677	0.25753	4	15	31	58	67	77	126	146	157	155	164
220	10	25	12	0.036	1	0.111841	0.5744	0.061947	0.16592	0.010399	0.0054636	0.017134	0.13257	330.13	0.5646	0.063811	0.14562	15	39	59	95	106	134	135	143	128	87	59
238	10	50	6	0.036	1	0.0761797	0.9997	2.994e-05	8.0905	0.01437	0.0044906	0.24655	7.8242	22987.0	0.9998	1.998e-05	7.2427	0	0	0	0	0	0	0	0	0	3	997
256	10	50	7	0.036	1	0.0995074	0.9966	0.00042887	5.1457	0.015018	0.0056719	0.15924	4.9652	13663.0	0.9972	0.00039255	5.1147	0	0	0	0	0	0	0	0	5	24	971
274	10	50	8	0.036	1	0.0900638	0.9875	0.0029967	2.9064	0.011584	0.0075611	0.075186	2.8117	7822.7	0.9877	0.0024612	2.9064	0	0	0	2	1	0	0	8	14	53	922
292	10	50	9	0.036	1	0.0932904	0.9718	0.0061309	1.5581	0.011281	0.0049119	0.04374	1.4978	4269.6	0.9721	0.0059575	1.5894	0	0	1	1	1	2	6	16	37	105	831
310	10	50	10	0.036	1	0.118104	0.9318	0.014924	0.85224	0.012141	0.0062668	0.027184	0.80636	2291.2	0.93	0.016236	0.85141	0	0	3	2	3	14	20	41	83	187	647
328	10	50	11	0.036	1	0.13085	0.8601	0.030609	0.46539	0.012396	0.0096635	0.020909	0.42216	1206.2	0.8557	0.034842	0.46532	0	1	3	15	18	34	61	86	139	203	440
346	10	50	12	0.036	1	0.138323	0.7663	0.049264	0.28413	0.01626	0.012165	0.021302	0.23409	627.08	0.7614	0.052182	0.26783	4	4	25	30	38	67	98	127	160	195	252
364	10	75	6	0.036	1	0.130609	1.0	0.0	10.777	0.018227	0.0055327	0.38007	10.372	28104.0	1.0	0.0	10.72	0	0	0	0	0	0	0	0	0	0	1000
382	10	75	7	0.036	1	0.138654	0.9995	4.98e-05	6.7731	0.020479	0.0077072	0.2378	6.5062	17796.0	0.9995	4.98e-05	6.748	0	0	0	0	0	0	0	0	0	5	995
400	10	75	8	0.036	1	0.138842	0.9972	0.00039255	3.9504	0.019448	0.012872	0.13937	3.7782	10460.0	0.9961	0.00063543	3.9183	0	0	0	0	0	0	0	1	3	19	977
418	10	75	9	0.036	1	0.160031	0.9902	0.0018458	2.1933	0.017673	0.011262	0.095583	2.0684	5836.7	0.9895	0.0017415	2.1582	0	0	0	0	0	1	1	7	11	46	934
436	10	75	10	0.036	1	0.189804	0.9687	0.0069573	1.2038	0.019055	0.012172	0.043298	1.1289	3194.9	0.9684	0.0070885	1.2573	0	0	1	1	2	3	10	12	35	125	811
454	10	75	11	0.036	1	0.182983	0.9262	0.017331	0.66486	0.019516	0.016707	0.030611	0.59771	1714.7	0.9231	0.016953	0.66932	0	0	2	3	8	18	25	39	83	180	642
472	10	75	12	0.036	1	0.235794	0.8589	0.033214	0.40602	0.03643	0.01606	0.02676	0.32644	901.26	0.8508	0.036316	0.3791	0	1	9	19	12	38	54	81	135	206	445
490	10	100	6	0.036	1	0.158849	1.0	0.0	12.707	0.028821	0.0066362	0.50977	12.161	32568.0	1.0	0.0	12.634	0	0	0	0	0	0	0	0	0	0	1000
508	10	100	7	0.036	1	0.180179	0.9999	1e-05	8.4963	0.03563	0.011229	0.31989	8.1285	21007.0	0.9999	1e-05	8.8376	0	0	0	0	0	0	0	0	0	1	999
526	10	100	8	0.036	1	0.213908	0.9985	0.000248	4.9181	0.027636	0.014902	0.19809	4.6768	12742.0	0.9993	6.958e-05	4.8344	0	0	0	0	0	0	0	1	2	8	989
544	10	100	9	0.036	1	0.185848	0.9947	0.0012432	2.7709	0.025899	0.018639	0.12985	2.5961	7274.0	0.995	0.00083584	2.737	0	0	0	0	1	0	2	2	4	25	966
562	10	100	10	0.036	1	0.209165	0.9841	0.0031604	1.5379	0.026163	0.019109	0.055063	1.4372	4051.7	0.9825	0.0039277	1.5391	0	0	0	0	0	1	5	10	21	62	901
580	10	100	11	0.036	1	0.210011	0.955	0.011887	0.88171	0.030284	0.024488	0.042832	0.78373	2173.4	0.9557	0.010598	0.86016	0	1	3	0	5	8	12	22	57	119	773
598	10	100	12	0.036	1	0.233064	0.9039	0.023138	0.49355	0.028221	0.027281	0.031386	0.40632	1160.1	0.8994	0.023283	0.49287	0	2	2	3	17	24	34	46	109	192	571
616	10	125	6	0.036	1	0.214249	1.0	0.0	13.846	0.032012	0.0077269	0.58203	13.223	35561.0	1.0	0.0	13.825	0	0	0	0	0	0	0	0	0	0	1000
634	10	125	7	0.036	1	0.184854	1.0	0.0	9.9537	0.047416	0.015336	0.42148	9.4683	23491.0	0.9999	1e-05	9.1491	0	0	0	0	0	0	0	0	0	0	1000
652	10	125	8	0.036	1	0.221868	0.9992	0.00011948	5.2809	0.038001	0.021348	0.23264	4.9881	14727.0	0.9993	6.958e-05	4.733	0	0	0	0	0	0	0	0	2	4	994
670	10	125	9	0.036	1	0.228261	0.9972	0.00047263	3.2781	0.035603	0.025766	0.15442	3.0619	8520.9	0.9972	0.00051267	3.2486	0	0	0	0	0	0	0	2	4	14	980
688	10	125	10	0.036	1	0.280813	0.989	0.0021612	1.8357	0.032309	0.02621	0.078913	1.6979	4791.0	0.989	0.0021812	1.8703	0	0	0	0	0	0	6	2	17	46	929
706	10	125	11	0.036	1	0.275088	0.9684	0.0072687	1.2274	0.039982	0.033387	0.053201	1.1004	2624.6	0.9682	0.0078166	1.0162	0	0	0	1	3	7	4	18	41	104	822
724	10	125	12	0.036	1	0.294241	0.937	0.015226	0.67462	0.04794	0.039445	0.042929	0.54391	1400.1	0.9301	0.016	0.70731	0	0	4	3	5	10	18	35	81	158	686
742	10	150	6	0.036	1	0.21271	1.0	0.0	15.001	0.03761	0.0093085	0.69781	14.255	37950.0	1.0	0.0	14.847	0	0	0	0	0	0	0	0	0	0	1000
760	10	150	7	0.036	1	0.243097	0.9998	4e-05	10.072	0.043149	0.014317	0.43177	9.5818	25934.0	1.0	0.0	9.9734	0	0	0	0	0	0	0	0	1	0	999
778	10	150	8	0.036	1	0.266166	0.9998	1.998e-05	6.3351	0.043141	0.022838	0.28999	5.9783	16335.0	0.9998	1.998e-05	6.2705	0	0	0	0	0	0	0	0	0	2	998
796	10	150	9	0.036	1	0.29447	0.9989	0.00012892	3.7257	0.04161	0.033322	0.18078	3.4694	9659.7	0.9985	0.0003481	3.66	0	0	0	0	0	0	0	0	1	9	990
814	10	150	10	0.036	1	0.257556	0.9942	0.0011675	2.1322	0.040373	0.033781	0.10968	1.948	5485.0	0.9934	0.0012977	2.116	0	0	0	0	0	0	2	4	7	24	963
832	10	150	11	0.036	1	0.312625	0.9814	0.0038979	1.1908	0.042637	0.039346	0.055263	1.0532	3019.7	0.9812	0.00343	1.2089	0	0	0	0	1	4	2	11	19	81	882
850	10	150	12	0.036	1	0.299133	0.9508	0.01067	0.82671	0.047263	0.040997	0.046257	0.69184	1632.7	0.9471	0.013265	0.7751	0	0	1	2	3	4	18	25	70	145	732
868	10	200	6	0.036	1	0.281186	1.0	0.0	14.339	0.04602	0.011723	0.82669	13.454	41858.0	1.0	0.0	13.733	0	0	0	0	0	0	0	0	0	0	1000
886	10	200	7	0.036	1	0.290503	1.0	0.0	11.77	0.064117	0.022576	0.61973	11.063	30007.0	1.0	0.0	9.808	0	0	0	0	0	0	0	0	0	0	1000
904	10	200	8	0.036	1	0.279654	1.0	0.0	7.535	0.061093	0.034159	0.36349	7.0754	19217.0	1.0	0.0	7.596	0	0	0	0	0	0	0	0	0	0	1000
922	10	200	9	0.036	1	0.338166	0.9988	0.00017874	4.6296	0.058859	0.048241	0.25235	4.2695	11778.0	0.9998	1.998e-05	5.1889	0	0	0	0	0	0	0	0	3	6	991
940	10	200	10	0.036	1	0.34762	0.9973	0.00038309	2.6894	0.059958	0.049225	0.14932	2.4305	6775.8	0.9969	0.00046085	2.6473	0	0	0	0	0	0	0	0	6	15	979
958	10	200	11	0.036	1	0.384288	0.9905	0.002202	1.7552	0.065541	0.062326	0.10676	1.5201	3774.7	0.9891	0.0022334	1.3685	0	0	0	0	0	2	4	5	8	38	943
976	10	200	12	0.036	1	0.394228	0.9736	0.0056287	0.93013	0.069102	0.058019	0.061702	0.74094	2057.9	0.9705	0.0063861	0.93392	0	0	0	1	1	3	5	18	34	94	844
994	10	250	6	0.036	1	0.294691	1.0	0.0	17.826	0.063569	0.018338	1.0267	16.716	44379.0	1.0	0.0	17.559	0	0	0	0	0	0	0	0	0	0	1000
1012	10	250	7	0.036	1	0.331725	1.0	0.0	12.968	0.070702	0.020545	0.64014	12.236	32746.0	1.0	0.0	12.812	0	0	0	0	0	0	0	0	0	0	1000
1030	10	250	8	0.036	1	0.352514	1.0	0.0	7.7939	0.075852	0.043885	0.45574	7.2173	21779.0	1.0	0.0	7.214	0	0	0	0	0	0	0	0	0	0	1000
1048	10	250	9	0.036	1	0.418505	0.9998	1.998e-05	4.957	0.079865	0.066523	0.30917	4.5006	13327.0	0.9997	4.996e-05	4.4059	0	0	0	0	0	0	0	0	0	2	998
1066	10	250	10	0.036	1	0.422718	0.9986	0.00027832	3.1739	0.077449	0.0666	0.19029	2.8391	7912.4	0.9981	0.0003067	3.5112	0	0	0	0	0	0	1	0	1	8	990
1084	10	250	11	0.036	1	0.450668	0.9945	0.001201	1.9085	0.083268	0.066986	0.13899	1.6188	4477.9	0.9938	0.00096252	1.8311	0	0	0	0	0	1	3	1	3	29	963
1102	10	250	12	0.036	1	0.457005	0.983	0.004035	1.1208	0.089355	0.068145	0.076327	0.88659	2463.7	0.9802	0.0043924	1.1141	0	0	0	1	1	3	3	9	20	63	900
1120	10	300	6	0.036	1	0.377979	1.0	0.0	18.107	0.073748	0.021574	1.1826	16.828	46949.0	1.0	0.0	18.608	0	0	0	0	0	0	0	0	0	0	1000
1138	10	300	7	0.036	1	0.394565	1.0	0.0	14.068	0.077048	0.026235	0.75852	13.205	35301.0	1.0	0.0	14.0	0	0	0	0	0	0	0	0	0	0	1000
1156	10	300	8	0.036	1	0.424957	1.0	0.0	8.4002	0.086473	0.054008	0.51514	7.7436	23815.0	1.0	0.0	7.8412	0	0	0	0	0	0	0	0	0	0	1000
1174	10	300	9	0.036	1	0.449338	1.0	0.0	5.9732	0.087979	0.07456	0.3618	5.4481	14956.0	1.0	0.0	5.8579	0	0	0	0	0	0	0	0	0	0	1000
1192	10	300	10	0.036	1	0.487505	0.9996	5.99e-05	3.5989	0.1088	0.092912	0.25306	3.1435	8884.7	0.9995	6.982e-05	3.0703	0	0	0	0	0	0	0	0	1	2	997
1210	10	300	11	0.036	1	0.54171	0.9964	0.00088793	2.2324	0.10187	0.075468	0.17733	1.8773	5111.4	0.9963	0.00075707	2.1298	0	0	0	0	1	0	1	1	3	17	977
1228	10	300	12	0.036	1	0.574996	0.9893	0.0019775	1.3197	0.1117	0.085697	0.092642	1.0293	2844.6	0.9858	0.0030814	1.334	0	0	0	0	0	1	2	6	11	54	926
1246	10	350	6	0.036	1	0.428391	1.0	0.0	19.624	0.077452	0.022715	1.2807	18.242	48445.0	1.0	0.0	19.424	0	0	0	0	0	0	0	0	0	0	1000
1264	10	350	7	0.036	1	0.455799	1.0	0.0	15.401	0.096725	0.032407	1.0356	14.235	37032.0	1.0	0.0	14.801	0	0	0	0	0	0	0	0	0	0	1000
1282	10	350	8	0.036	1	0.469351	1.0	0.0	10.819	0.1012	0.061481	0.70181	9.9529	25764.0	1.0	0.0	8.5543	0	0	0	0	0	0	0	0	0	0	1000
1300	10	350	9	0.036	1	0.489318	0.9998	1.998e-05	6.6533	0.11041	0.086243	0.40918	6.0466	16512.0	1.0	0.0	6.5223	0	0	0	0	0	0	0	0	0	2	998
1318	10	350	10	0.036	1	0.542927	0.9994	7.972e-05	4.0799	0.11345	0.087494	0.27507	3.6033	9848.0	0.9995	6.982e-05	4.2253	0	0	0	0	0	0	0	0	1	4	995
1336	10	350	11	0.036	1	0.552528	0.9976	0.00039463	2.4642	0.11258	0.10445	0.19865	2.0481	5726.2	0.9965	0.00055831	2.3792	0	0	0	0	0	0	0	1	5	11	983
1354	10	350	12	0.036	1	0.595917	0.9917	0.0015226	1.569	0.13412	0.11227	0.15013	1.172	3190.4	0.991	0.0015606	1.4599	0	0	0	0	0	0	3	3	11	40	943
1372	10	400	6	0.036	1	0.472987	1.0	0.0	19.811	0.08701	0.025333	1.326	18.371	49275.0	1.0	0.0	19.657	0	0	0	0	0	0	0	0	0	0	1000
1390	10	400	7	0.036	1	0.491339	1.0	0.0	15.522	0.10159	0.03508	0.94226	14.442	38563.0	1.0	0.0	15.361	0	0	0	0	0	0	0	0	0	0	1000
1408	10	400	8	0.036	1	0.505558	1.0	0.0	10.882	0.11573	0.068067	0.65223	10.044	27140.0	1.0	0.0	10.735	0	0	0	0	0	0	0	0	0	0	1000
1426	10	400	9	0.036	1	0.564566	1.0	0.0	7.2402	0.12226	0.10094	0.47155	6.5445	17572.0	1.0	0.0	7.0811	0	0	0	0	0	0	0	0	0	0	1000
1444	10	400	10	0.036	1	0.619568	0.9998	1.998e-05	4.1984	0.13349	0.11813	0.3266	3.6195	10744.0	0.9996	5.99e-05	3.724	0	0	0	0	0	0	0	0	0	2	998
1462	10	400	11	0.036	1	0.644733	0.9984	0.0002577	2.7966	0.14108	0.1174	0.22966	2.308	6311.1	0.9986	0.00021826	2.6948	0	0	0	0	0	0	0	0	5	6	989
1480	10	400	12	0.036	1	0.657176	0.9936	0.0011602	1.7121	0.14433	0.11988	0.17344	1.274	3532.3	0.9922	0.0016808	1.6146	0	0	0	0	0	0	1	4	10	28	957
1498	10	500	6	0.036	1	0.521448	1.0	0.0	21.354	0.10651	0.031942	1.7015	19.513	51407.0	1.0	0.0	21.194	0	0	0	0	0	0	0	0	0	0	1000
1516	10	500	7	0.036	1	0.588771	1.0	0.0	16.895	0.12664	0.042999	1.1583	15.566	41582.0	1.0	0.0	16.662	0	0	0	0	0	0	0	0	0	0	1000
1534	10	500	8	0.036	1	0.649513	1.0	0.0	12.269	0.1397	0.085131	0.79002	11.253	30062.0	1.0	0.0	12.089	0	0	0	0	0	0	0	0	0	0	1000
1552	10	500	9	0.036	1	0.644595	1.0	0.0	8.2728	0.16071	0.12325	0.59929	7.3886	19813.0	1.0	0.0	8.0136	0	0	0	0	0	0	0	0	0	0	1000
1570	10	500	10	0.036	1	0.734318	0.9999	1e-05	5.1898	0.16475	0.14689	0.3885	4.4885	12321.0	0.9998	1.998e-05	5.084	0	0	0	0	0	0	0	0	0	1	999
1588	10	500	11	0.036	1	0.773019	0.9992	7.9439e-05	3.2593	0.16952	0.15631	0.30154	2.6314	7265.0	0.9994	5.97e-05	3.135	0	0	0	0	0	0	0	0	0	8	992
1606	10	500	12	0.036	1	0.816158	0.9964	0.00062767	2.1432	0.19208	0.17401	0.24204	1.5346	4172.5	0.996	0.00068468	1.963	0	0	0	0	0	0	0	4	2	20	974
