k n_trees search_k build_time recall var_recall query_time val_recall val_var_recall val_query_time r0 r1 r2 r3 r4 r5 r6 r7 r8 r9 r10
10 1 25 0.648458 0.217 0.047639 0.27543 0.2025 0.042326 0.27297 247 245 168 114 92 40 34 30 12 11 7 
10 1 50 0.64846 0.217 0.047639 0.27948 0.2025 0.042326 0.34728 247 245 168 114 92 40 34 30 12 11 7 
10 1 100 0.64846 0.217 0.047639 0.33286 0.2025 0.042326 0.28182 247 245 168 114 92 40 34 30 12 11 7 
10 1 200 0.64846 0.217 0.047639 0.28126 0.2025 0.042326 0.312 247 245 168 114 92 40 34 30 12 11 7 
10 1 400 0.64846 0.217 0.047639 0.3324 0.2025 0.042326 0.2805 247 245 168 114 92 40 34 30 12 11 7 
10 1 1000 0.64846 0.3561 0.065789 0.56919 0.332 0.062579 0.59338 89 149 164 156 133 98 62 60 33 22 34 
10 1 2000 0.64846 0.4741 0.07055 1.0291 0.4588 0.06785 0.99176 34 71 119 142 147 108 119 86 66 46 62 
10 1 4000 0.64846 0.6142 0.064323 1.9082 0.6101 0.059748 1.8259 4 25 62 78 113 130 130 128 113 93 124 
10 1 10000 0.64846 0.8016 0.040057 4.4556 0.8148 0.033915 5.1358 0 0 9 27 35 58 93 109 168 188 313 
10 1 20000 0.64846 0.9212 0.015486 12.093 0.9278 0.011779 9.4923 0 0 1 1 5 13 24 65 97 193 601 
10 1 40000 0.64846 0.9871 0.0018655 16.433 0.9892 0.0014048 16.341 0 0 0 0 0 0 0 5 22 70 903 
10 1 100000 0.64846 0.9999 1e-05 36.503 1 0 36.856 0 0 0 0 0 0 0 0 0 1 999 
10 1 200000 0.64846 0.9999 1e-05 36.467 1 0 36.938 0 0 0 0 0 0 0 0 0 1 999 
10 1 400000 0.64846 0.9999 1e-05 36.366 1 0 37.002 0 0 0 0 0 0 0 0 0 1 999 
10 5 25 1.86178 0.2858 0.057436 0.32188 0.2762 0.054428 0.34625 148 214 166 139 108 78 56 37 24 14 16 
10 5 50 1.8618 0.2858 0.057436 0.29443 0.2762 0.054428 0.32248 148 214 166 139 108 78 56 37 24 14 16 
10 5 100 1.8618 0.2858 0.057436 0.3006 0.2762 0.054428 0.34643 148 214 166 139 108 78 56 37 24 14 16 
10 5 200 1.8618 0.2858 0.057436 0.30097 0.2762 0.054428 0.30554 148 214 166 139 108 78 56 37 24 14 16 
10 5 400 1.8618 0.2869 0.058096 0.32782 0.2768 0.054837 0.296 148 214 164 141 108 75 56 38 25 15 16 
10 5 1000 1.8618 0.4083 0.067669 0.60652 0.3991 0.064354 0.55758 56 122 140 157 122 116 91 67 61 41 27 
10 5 2000 1.8618 0.5068 0.071445 0.90797 0.5016 0.065423 0.9115 25 67 101 125 139 111 120 89 93 74 56 
10 5 4000 1.8618 0.6436 0.062602 1.5668 0.6399 0.057375 1.5195 2 21 46 74 108 113 125 129 121 127 134 
10 5 10000 1.8618 0.8232 0.033255 4.5422 0.8276 0.033632 4.4408 0 1 3 13 26 53 85 113 178 188 340 
10 5 20000 1.8618 0.918 0.015091 6.2213 0.9268 0.012414 5.8864 0 0 0 3 4 12 24 63 104 222 568 
10 5 40000 1.8618 0.9718 0.004269 10.213 0.9758 0.003658 10.184 0 0 0 0 0 1 2 17 39 140 801 
10 5 100000 1.8618 0.9951 0.00078678 20.285 0.9967 0.00047959 20.18 0 0 0 0 0 0 1 1 7 28 963 
10 5 200000 1.8618 0.9992 7.9439e-05 32.195 0.9991 0.00014934 31.761 0 0 0 0 0 0 0 0 0 8 992 
10 5 400000 1.8618 0.9999 1e-05 50.154 1 0 49.949 0 0 0 0 0 0 0 0 0 1 999 
10 10 25 3.50506 0.3131 0.059498 0.33231 0.3041 0.059192 0.30942 113 191 181 141 112 95 59 42 29 18 19 
10 10 50 3.5051 0.3131 0.059498 0.33991 0.3041 0.059192 0.31495 113 191 181 141 112 95 59 42 29 18 19 
10 10 100 3.5051 0.3131 0.059498 0.30352 0.3041 0.059192 0.3596 113 191 181 141 112 95 59 42 29 18 19 
10 10 200 3.5051 0.3131 0.059498 0.30317 0.3041 0.059192 0.31226 113 191 181 141 112 95 59 42 29 18 19 
10 10 400 3.5051 0.3138 0.05995 0.30797 0.3046 0.059438 0.31072 113 191 180 142 112 94 58 42 30 19 19 
10 10 1000 3.5051 0.4368 0.069155 0.59434 0.4245 0.065255 0.56716 46 102 138 133 127 128 103 76 68 41 38 
10 10 2000 3.5051 0.5277 0.068912 0.90301 0.5279 0.061914 0.85511 13 59 98 118 126 129 116 114 85 75 67 
10 10 4000 3.5051 0.6513 0.060899 1.4076 0.6544 0.055576 1.4524 2 12 56 77 85 106 133 134 136 126 133 
10 10 10000 3.5051 0.8104 0.037129 2.9525 0.8151 0.033355 2.9366 0 1 9 15 29 62 88 125 143 213 315 
10 10 20000 3.5051 0.9049 0.018565 6.7187 0.9138 0.016186 5.8984 0 0 1 4 5 20 33 64 127 207 539 
10 10 40000 3.5051 0.9641 0.0068681 10.148 0.9697 0.0048568 10.129 0 0 0 1 0 4 12 15 50 139 779 
10 10 100000 3.5051 0.9912 0.001404 19.68 0.9943 0.00087839 19.618 0 0 0 0 0 0 1 4 12 48 935 
10 10 200000 3.5051 0.9977 0.00040512 31.529 0.9976 0.00037461 31.193 0 0 0 0 0 0 1 0 3 13 983 
10 10 400000 3.5051 0.9997 2.994e-05 48.138 0.9995 0.00010986 48.066 0 0 0 0 0 0 0 0 0 3 997 
10 25 25 8.31883 0.3524 0.063778 0.3396 0.3379 0.061435 0.33319 90 156 157 156 127 104 73 56 28 26 27 
10 25 50 8.3188 0.3524 0.063778 0.33146 0.3379 0.061435 0.33123 90 156 157 156 127 104 73 56 28 26 27 
10 25 100 8.3188 0.3524 0.063778 0.33209 0.3379 0.061435 0.36378 90 156 157 156 127 104 73 56 28 26 27 
10 25 200 8.3188 0.3524 0.063778 0.33497 0.3379 0.061435 0.33241 90 156 157 156 127 104 73 56 28 26 27 
10 25 400 8.3188 0.3533 0.064394 0.33348 0.3388 0.061916 0.33138 90 156 157 156 127 102 72 57 28 28 27 
10 25 1000 8.3188 0.4752 0.070515 0.59208 0.4674 0.065703 0.64181 28 78 125 145 127 116 106 93 76 54 52 
10 25 2000 8.3188 0.5666 0.064969 0.86272 0.5623 0.064533 0.86701 5 39 69 114 138 125 123 120 97 84 86 
10 25 4000 8.3188 0.6815 0.055543 1.3909 0.6786 0.054857 1.396 0 9 33 58 90 118 113 150 130 142 157 
10 25 10000 8.3188 0.8171 0.035213 2.6957 0.8126 0.035136 2.7345 0 0 5 19 28 49 91 118 168 189 333 
10 25 20000 8.3188 0.8982 0.018936 4.4442 0.9005 0.017647 4.4957 0 0 0 3 4 23 40 74 140 196 520 
10 25 40000 8.3188 0.9529 0.0082198 7.4772 0.9584 0.0069564 7.4738 0 0 0 0 0 4 13 31 75 156 721 
10 25 100000 8.3188 0.9886 0.0020321 14.608 0.9905 0.0013411 14.521 0 0 0 0 0 1 1 7 14 56 921 
10 25 200000 8.3188 0.9958 0.0005429 23.948 0.9974 0.00029353 23.764 0 0 0 0 0 0 0 0 7 28 965 
10 25 400000 8.3188 0.9986 0.00019824 39.108 0.9994 5.97e-05 38.833 0 0 0 0 0 0 0 0 3 8 989 
10 50 25 16.3493 0.3727 0.06529 0.36107 0.3599 0.062284 0.3604 72 142 161 146 142 106 82 53 33 30 33 
10 50 50 16.349 0.3727 0.06529 0.3601 0.3599 0.062284 0.36595 72 142 161 146 142 106 82 53 33 30 33 
10 50 100 16.349 0.3727 0.06529 0.36392 0.3599 0.062284 0.36614 72 142 161 146 142 106 82 53 33 30 33 
10 50 200 16.349 0.3727 0.06529 0.36375 0.3599 0.062284 0.3663 72 142 161 146 142 106 82 53 33 30 33 
10 50 400 16.349 0.3736 0.065729 0.39364 0.3612 0.063038 0.37534 72 141 162 146 142 104 81 54 34 31 33 
10 50 1000 16.349 0.4943 0.067725 0.6133 0.4888 0.068743 0.61912 17 69 106 137 159 116 111 85 81 64 55 
10 50 2000 16.349 0.5793 0.063745 0.87536 0.5817 0.0645 0.8837 7 29 68 93 145 130 128 127 90 88 95 
10 50 4000 16.349 0.6898 0.05419 1.4003 0.6926 0.054039 1.4138 1 6 33 43 95 109 137 137 131 137 171 
10 50 10000 16.349 0.8133 0.036009 2.5252 0.8157 0.034898 2.5485 0 1 5 17 31 50 100 118 156 197 325 
10 50 20000 16.349 0.8877 0.021981 4.1231 0.8885 0.020939 4.1211 0 0 1 7 11 22 39 75 148 213 484 
10 50 40000 16.349 0.94 0.011191 6.5984 0.9454 0.0097486 6.7305 0 0 0 2 1 7 19 38 84 187 662 
10 50 100000 16.349 0.9816 0.0030445 12.85 0.9836 0.0023134 12.87 0 0 0 0 0 1 1 12 25 89 872 
10 50 200000 16.349 0.9932 0.0010348 23.639 0.9952 0.0006376 23.132 0 0 0 0 0 0 0 3 11 37 949 
10 50 400000 16.349 0.9968 0.00041017 37.9 0.9981 0.00024664 37.395 0 0 0 0 0 0 0 0 5 22 973 
10 100 25 33.6963 0.3895 0.068108 0.48006 0.3814 0.066621 0.4714 68 122 166 148 135 97 92 65 35 35 37 
10 100 50 33.696 0.3895 0.068108 0.49269 0.3814 0.066621 0.50057 68 122 166 148 135 97 92 65 35 35 37 
10 100 100 33.696 0.3895 0.068108 0.46697 0.3814 0.066621 0.51794 68 122 166 148 135 97 92 65 35 35 37 
10 100 200 33.696 0.3895 0.068108 0.46593 0.3814 0.066621 0.47202 68 122 166 148 135 97 92 65 35 35 37 
10 100 400 33.696 0.3898 0.068264 0.47178 0.3828 0.067031 0.46929 68 122 166 148 135 96 92 65 36 35 37 
10 100 1000 33.696 0.5157 0.069013 0.79876 0.5101 0.068597 0.76284 17 60 104 119 130 139 116 101 78 70 66 
10 100 2000 33.696 0.5923 0.062834 1.1094 0.5968 0.061952 1.061 9 21 70 92 112 135 140 127 107 92 95 
10 100 4000 33.696 0.692 0.052849 1.626 0.6998 0.052052 1.6475 2 8 29 42 92 96 144 137 156 131 163 
10 100 10000 33.696 0.8131 0.034873 2.8939 0.8175 0.034438 2.8754 0 1 7 11 29 56 89 135 157 198 317 
10 100 20000 33.696 0.8793 0.023025 4.4697 0.884 0.021546 4.5116 0 0 2 2 15 21 52 96 142 202 468 
10 100 40000 33.696 0.9315 0.01261 6.9794 0.9356 0.010944 7.0359 0 0 0 1 3 9 21 51 87 204 624 
10 100 100000 33.696 0.9716 0.0046381 12.961 0.9785 0.0037915 13.018 0 0 0 0 0 1 5 15 45 124 810 
10 100 200000 33.696 0.9894 0.0015692 21.21 0.992 0.001037 21.248 0 0 0 0 0 0 0 4 19 56 921 
10 100 400000 33.696 0.9964 0.00050755 35.301 0.9966 0.00048893 35.236 0 0 0 0 0 0 0 0 8 20 972 
10 200 25 62.9312 0.3962 0.070696 0.55377 0.4019 0.067434 0.53655 61 141 149 145 128 105 84 60 49 45 33 
10 200 50 62.931 0.3962 0.070696 0.54194 0.4019 0.067434 0.53401 61 141 149 145 128 105 84 60 49 45 33 
10 200 100 62.931 0.3962 0.070696 0.52712 0.4019 0.067434 0.52089 61 141 149 145 128 105 84 60 49 45 33 
10 200 200 62.931 0.3962 0.070696 0.5322 0.4019 0.067434 0.53178 61 141 149 145 128 105 84 60 49 45 33 
10 200 400 62.931 0.3965 0.070849 0.52465 0.4024 0.067782 0.52409 61 141 149 145 128 104 84 60 50 45 33 
10 200 1000 62.931 0.5232 0.071593 0.7952 0.5273 0.06527 0.79375 11 75 96 125 112 125 118 107 92 66 73 
10 200 2000 62.931 0.6032 0.063293 1.0482 0.6129 0.059183 1.0827 2 29 60 104 107 115 126 140 121 96 100 
10 200 4000 62.931 0.6975 0.054158 1.5228 0.7082 0.048942 1.5624 0 11 26 59 70 103 124 147 140 153 167 
10 200 10000 62.931 0.8074 0.036342 2.6081 0.8172 0.033618 2.6033 0 0 8 13 41 53 80 143 156 199 307 
10 200 20000 62.931 0.8675 0.025579 3.9313 0.8834 0.021025 4.0577 0 0 0 7 25 23 50 98 147 223 427 
10 200 40000 62.931 0.9197 0.015217 5.9733 0.9272 0.013273 6.0512 0 0 0 0 8 18 20 50 111 213 580 
10 200 100000 62.931 0.9635 0.0064842 10.914 0.968 0.0055015 11.204 0 0 0 0 1 4 5 21 60 136 773 
10 200 200000 62.931 0.9829 0.0026402 17.923 0.9865 0.0023301 18.06 0 0 0 0 0 0 2 5 34 80 879 
10 200 400000 62.931 0.9926 0.0010263 30.683 0.9952 0.00067764 30.375 0 0 0 0 0 0 0 1 14 43 942 
10 400 25 139.258 0.4159 0.070648 0.85499 0.4137 0.06775 0.81476 56 115 140 150 142 97 95 74 45 47 39 
10 400 50 139.26 0.4159 0.070648 0.80985 0.4137 0.06775 0.80948 56 115 140 150 142 97 95 74 45 47 39 
10 400 100 139.26 0.4159 0.070648 0.80868 0.4137 0.06775 0.80496 56 115 140 150 142 97 95 74 45 47 39 
10 400 200 139.26 0.4159 0.070648 0.80518 0.4137 0.06775 0.80161 56 115 140 150 142 97 95 74 45 47 39 
10 400 400 139.26 0.4163 0.070735 0.80837 0.4137 0.06775 0.80427 56 114 141 150 142 96 95 74 46 47 39 
10 400 1000 139.26 0.5367 0.070293 1.1381 0.5384 0.065431 1.1619 14 58 94 119 101 139 131 95 102 72 75 
10 400 2000 139.26 0.6108 0.065249 1.4389 0.6188 0.058745 1.4374 5 24 69 92 100 108 146 119 121 107 109 
10 400 4000 139.26 0.7007 0.054864 2.0414 0.7139 0.048906 2.0239 2 6 27 57 82 94 122 140 142 150 178 
10 400 10000 139.26 0.8099 0.036629 3.1975 0.8153 0.03435 3.1927 0 1 5 16 30 67 85 133 145 196 322 
10 400 20000 139.26 0.8675 0.02626 4.6473 0.8793 0.022864 4.7449 0 0 1 6 16 36 58 95 140 202 446 
10 400 40000 139.26 0.9118 0.017018 6.813 0.9259 0.014414 6.9 0 0 0 2 8 19 24 65 107 220 555 
10 400 100000 139.26 0.9562 0.0080696 11.771 0.9623 0.0069557 11.84 0 0 0 0 3 3 9 29 64 154 738 
10 400 200000 139.26 0.9764 0.003927 18.56 0.9795 0.0035733 18.786 0 0 0 0 0 2 3 8 44 102 841 
10 400 400000 139.26 0.9883 0.001915 30.61 0.9916 0.0013108 30.853 0 0 0 0 0 1 2 2 16 66 913 
