k m efc search build_time recall var_recall query_time val_recall val_var_recall val_query_time r0 r1 r2 r3 r4 r5 r6 r7 r8 r9 r10
10 4 100 10 2.52606 0.196 0.051395 0.058191 0.1869 0.046665 0.057813 340 220 144 93 59 44 44 18 20 13 5 
10 4 100 20 2.5261 0.3141 0.070702 0.092403 0.3168 0.071429 0.092137 163 172 160 141 96 65 62 52 39 31 19 
10 4 100 40 2.5261 0.4626 0.0785 0.16233 0.4622 0.080452 0.16508 52 101 110 120 135 121 90 83 74 53 61 
10 4 100 60 2.5261 0.5434 0.075072 0.23063 0.5401 0.073656 0.22972 26 58 79 110 124 112 119 106 99 86 81 
10 4 100 80 2.5261 0.5918 0.070323 0.33083 0.588 0.069165 0.30547 15 36 66 94 109 106 139 126 103 98 108 
10 4 100 100 2.5261 0.624 0.066631 0.42056 0.6283 0.064474 0.37431 13 26 53 77 96 113 132 137 122 109 122 
10 4 100 120 2.5261 0.651 0.063162 0.43577 0.6559 0.060225 0.47054 8 20 55 54 87 108 131 149 128 123 137 
10 4 100 200 2.5261 0.7201 0.051738 0.73254 0.7234 0.050703 0.76707 3 9 18 48 62 88 122 143 160 159 188 
10 4 100 400 2.5261 0.7904 0.037505 1.3626 0.7928 0.037426 1.3606 1 3 7 20 33 54 100 146 180 197 259 
10 4 100 600 2.5261 0.8216 0.031425 2.1212 0.8207 0.032534 2.1225 0 2 4 12 18 54 76 129 180 221 304 
10 4 100 800 2.5261 0.8381 0.027806 3.0426 0.8369 0.029378 2.9966 0 2 1 10 16 32 79 123 177 228 332 
10 4 100 1000 2.5261 0.8483 0.025943 4.001 0.8491 0.026906 3.9974 0 2 1 8 13 28 68 121 174 234 351 
10 4 100 1200 2.5261 0.8564 0.024423 5.115 0.8573 0.025052 5.1035 0 2 0 6 13 28 57 118 164 248 364 
10 4 100 1500 2.5261 0.8661 0.022984 7.0567 0.8664 0.023214 7.175 0 2 0 5 12 21 54 108 160 249 389 
10 4 100 2000 2.5261 0.8747 0.021011 10.813 0.8766 0.020773 11.049 0 0 1 5 9 20 47 100 158 252 408 
10 4 500 10 8.66956 0.1997 0.05016 0.084447 0.2033 0.046506 0.069356 329 218 145 93 71 44 46 21 18 11 4 
10 4 500 20 8.6696 0.3386 0.073003 0.11683 0.3417 0.071142 0.11293 139 160 160 127 109 79 68 58 43 34 23 
10 4 500 40 8.6696 0.5019 0.079085 0.18947 0.4996 0.078378 0.18533 42 72 100 127 113 123 106 93 76 76 72 
10 4 500 60 8.6696 0.595 0.070205 0.26768 0.5919 0.070655 0.2681 19 44 50 75 119 120 136 120 108 105 104 
10 4 500 80 8.6696 0.6511 0.064603 0.39353 0.6534 0.064613 0.34256 7 32 36 66 87 107 132 136 133 122 142 
10 4 500 100 8.6696 0.687 0.05909 0.41429 0.6969 0.05946 0.41628 7 20 21 53 81 105 118 148 132 150 165 
10 4 500 120 8.6696 0.7166 0.053698 0.47804 0.7251 0.053654 0.47051 3 14 20 45 62 88 122 151 142 166 187 
10 4 500 200 8.6696 0.7908 0.040456 0.78444 0.7997 0.039189 0.77291 1 3 9 29 35 50 82 158 158 202 273 
10 4 500 400 8.6696 0.8638 0.024114 1.7131 0.8684 0.024506 1.5549 0 1 3 6 13 23 47 107 177 231 392 
10 4 500 600 8.6696 0.8916 0.019008 2.5205 0.8935 0.019247 2.4295 0 1 2 2 11 10 33 79 161 238 463 
10 4 500 800 8.6696 0.909 0.015174 3.2446 0.9096 0.015824 3.2152 0 0 0 3 3 15 25 53 150 237 514 
10 4 500 1000 8.6696 0.918 0.013469 4.3266 0.9197 0.014096 4.3041 0 0 0 3 1 11 25 43 132 245 540 
10 4 500 1200 8.6696 0.9226 0.012262 5.6107 0.9269 0.012479 5.4689 0 0 0 3 0 9 15 50 132 234 557 
10 4 500 1500 8.6696 0.9315 0.010668 7.6059 0.9333 0.011152 7.3781 0 0 0 2 0 9 11 36 119 236 587 
10 4 500 2000 8.6696 0.9396 0.0092611 11.582 0.9395 0.0098196 11.484 0 0 0 2 0 6 10 27 100 239 616 
10 8 100 10 4.54939 0.3521 0.068104 0.10167 0.3477 0.06574 0.10013 113 133 172 152 117 91 65 56 47 33 21 
10 8 100 20 4.5494 0.5256 0.073098 0.16593 0.5193 0.070768 0.16783 31 49 95 126 113 120 135 90 92 79 70 
10 8 100 40 4.5494 0.6855 0.054574 0.29428 0.6901 0.054026 0.3365 2 12 25 48 104 97 121 156 145 130 160 
10 8 100 60 4.5494 0.7612 0.042217 0.41527 0.7651 0.042795 0.46434 0 3 11 25 48 88 107 133 184 175 226 
10 8 100 80 4.5494 0.8039 0.034029 0.53618 0.8132 0.033279 0.5202 0 1 5 17 30 53 84 144 193 194 279 
10 8 100 100 4.5494 0.8345 0.028668 0.69372 0.8387 0.028601 0.65 0 0 2 9 24 38 73 120 191 208 335 
10 8 100 120 4.5494 0.8564 0.024664 0.73896 0.8609 0.024245 0.80468 0 0 1 7 14 36 55 92 194 231 370 
10 8 100 200 4.5494 0.9042 0.015678 1.2484 0.907 0.015787 1.1446 0 0 0 3 3 16 28 63 138 262 487 
10 8 100 400 4.5494 0.9449 0.0087628 2.1808 0.9477 0.0076624 2.126 0 0 0 0 0 6 14 29 83 212 656 
10 8 100 600 4.5494 0.9568 0.0067205 3.2937 0.9622 0.0055367 3.189 0 0 0 0 0 3 9 21 66 186 715 
10 8 100 800 4.5494 0.9647 0.005129 4.3694 0.9691 0.0043195 4.395 0 0 0 0 0 2 5 13 53 178 749 
10 8 100 1000 4.5494 0.9697 0.0044363 5.6834 0.9731 0.00365 5.8062 0 0 0 0 0 1 4 13 43 157 782 
10 8 100 1200 4.5494 0.974 0.0036877 8.1787 0.977 0.002994 8.1 0 0 0 0 0 1 2 10 36 145 806 
10 8 100 1500 4.5494 0.9765 0.003221 10.625 0.9791 0.0026558 10.178 0 0 0 0 0 1 1 9 28 143 818 
10 8 100 2000 4.5494 0.9797 0.0025805 13.271 0.9827 0.0022329 13.166 0 0 0 0 0 0 1 4 30 127 838 
10 8 500 10 15.0738 0.3603 0.065559 0.12471 0.37 0.063744 0.13363 99 131 154 165 133 104 60 47 53 36 18 
10 8 500 20 15.074 0.5574 0.067092 0.21077 0.5551 0.065479 0.19351 22 39 69 93 131 145 142 97 96 90 76 
10 8 500 40 15.074 0.7255 0.048889 0.40311 0.7294 0.047103 0.36513 1 13 14 29 61 99 136 151 149 147 200 
10 8 500 60 15.074 0.8076 0.034597 0.52712 0.8055 0.034554 0.49103 0 5 6 7 27 60 95 128 163 230 279 
10 8 500 80 15.074 0.8494 0.026806 0.63698 0.8546 0.024223 0.79735 0 2 2 6 13 39 62 116 161 239 360 
10 8 500 100 15.074 0.8794 0.021037 1.0628 0.8856 0.018751 1.016 0 1 1 3 9 21 44 90 169 225 437 
10 8 500 120 15.074 0.8997 0.016967 1.3027 0.9064 0.015434 0.83229 0 0 1 1 7 17 29 67 150 244 484 
10 8 500 200 15.074 0.9418 0.0089617 1.287 0.9454 0.0085274 1.2538 0 0 0 0 2 6 10 30 86 238 628 
10 8 500 400 15.074 0.974 0.0036877 2.3447 0.9772 0.0030032 2.2664 0 0 0 0 0 1 1 14 30 149 805 
10 8 500 600 15.074 0.98 0.0027828 3.4118 0.9861 0.0017786 3.3602 0 0 0 0 0 1 1 9 16 132 841 
10 8 500 800 15.074 0.9847 0.0023382 4.5154 0.9895 0.0013411 4.5164 0 0 0 0 0 1 1 8 12 96 882 
10 8 500 1000 15.074 0.9865 0.0019497 5.843 0.9916 0.0010705 5.9146 0 0 0 0 0 1 0 6 11 90 892 
10 8 500 1200 15.074 0.9878 0.001793 7.1721 0.9921 0.00096856 7.1829 0 0 0 0 0 1 0 5 11 80 903 
10 8 500 1500 15.074 0.9899 0.0014695 9.6573 0.9929 0.00086045 9.4728 0 0 0 0 0 1 0 2 12 66 919 
10 8 500 2000 15.074 0.9921 0.0011287 14.995 0.9948 0.00063359 16.366 0 0 0 0 0 0 1 2 8 53 936 
10 12 100 10 5.76706 0.3991 0.071941 0.13656 0.4077 0.063835 0.13782 69 139 141 140 124 103 79 75 57 46 27 
10 12 100 20 5.7671 0.5931 0.067069 0.22999 0.5914 0.062228 0.22983 12 25 70 95 121 124 106 133 109 112 93 
10 12 100 40 5.7671 0.7524 0.04618 0.43988 0.7573 0.042509 0.49912 1 5 18 26 43 96 114 138 156 175 228 
10 12 100 60 5.7671 0.827 0.031342 0.61391 0.8318 0.030199 0.61675 0 1 3 8 24 52 81 123 174 196 338 
10 12 100 80 5.7671 0.8647 0.024629 0.7036 0.8703 0.023632 0.69853 0 0 1 5 15 36 56 87 154 247 399 
10 12 100 100 5.7671 0.8915 0.019037 0.83738 0.8969 0.018859 0.83974 0 0 0 4 6 24 36 74 145 245 466 
10 12 100 120 5.7671 0.9103 0.015099 1.0013 0.9136 0.015771 1.0602 0 0 0 2 4 14 28 51 145 234 522 
10 12 100 200 5.7671 0.9464 0.0087358 1.6025 0.9502 0.0074874 1.4516 0 0 0 1 3 2 9 28 88 205 664 
10 12 100 400 5.7671 0.9751 0.0037137 2.6991 0.9758 0.0031175 2.6705 0 0 0 0 1 1 3 6 31 146 812 
10 12 100 600 5.7671 0.9831 0.0025069 3.9507 0.982 0.0022583 3.9928 0 0 0 0 1 0 1 3 25 100 870 
10 12 100 800 5.7671 0.9884 0.0016271 5.4604 0.9863 0.001664 5.347 0 0 0 0 1 0 0 1 12 83 903 
10 12 100 1000 5.7671 0.9906 0.001353 6.6962 0.988 0.0014575 6.6891 0 0 0 0 1 0 0 0 10 68 921 
10 12 100 1200 5.7671 0.9918 0.001214 8.3404 0.9893 0.0012367 8.1291 0 0 0 0 1 0 0 0 8 60 931 
10 12 100 1500 5.7671 0.9934 0.0010375 12.312 0.991 0.001 12.215 0 0 0 0 1 0 0 0 6 48 945 
10 12 100 2000 5.7671 0.9946 0.00083167 17.097 0.9926 0.00078603 15.392 0 0 0 0 0 1 0 0 6 37 956 
10 12 500 10 19.1139 0.4434 0.067524 0.15886 0.4426 0.062608 0.15862 44 92 123 152 135 121 95 94 65 43 36 
10 12 500 20 19.114 0.6432 0.056871 0.26784 0.6416 0.055465 0.26539 5 12 44 62 112 112 146 140 135 118 114 
10 12 500 40 19.114 0.8098 0.032557 0.52399 0.81 0.032513 0.5239 2 0 3 10 30 44 111 124 172 228 276 
10 12 500 60 19.114 0.8787 0.020337 0.74504 0.8801 0.020615 0.74455 0 0 2 3 10 14 54 84 160 258 415 
10 12 500 80 19.114 0.9149 0.014202 0.86933 0.9189 0.013126 0.86559 0 0 0 2 6 8 24 57 119 256 528 
10 12 500 100 19.114 0.9366 0.010151 1.1521 0.9413 0.0089933 1.0447 0 0 0 2 1 4 15 40 84 246 608 
10 12 500 120 19.114 0.9514 0.0074655 1.2277 0.9536 0.0067738 1.226 0 0 0 1 1 3 7 23 71 219 675 
10 12 500 200 19.114 0.9757 0.0036432 1.914 0.9788 0.0027133 1.9049 0 0 0 1 0 2 0 8 25 152 812 
10 12 500 400 19.114 0.9894 0.0017494 3.5041 0.9925 0.0008546 3.5354 0 0 0 0 1 0 2 2 7 72 916 
10 12 500 600 19.114 0.9943 0.0010586 5.4823 0.9959 0.00047366 5.0465 0 0 0 0 1 0 0 2 5 35 957 
10 12 500 800 19.114 0.9962 0.00078635 6.6413 0.9968 0.00037013 6.5376 0 0 0 0 1 0 0 1 3 23 972 
10 12 500 1000 19.114 0.9964 0.00076781 7.8191 0.9981 0.00024664 7.4245 0 0 0 0 1 0 0 1 3 21 974 
10 12 500 1200 19.114 0.9974 0.00059383 9.103 0.9986 0.0001582 9.0497 0 0 0 0 1 0 0 0 2 16 981 
10 12 500 1500 19.114 0.9977 0.00054526 11.64 0.9989 0.0001089 11.584 0 0 0 0 1 0 0 0 1 15 983 
10 12 500 2000 19.114 0.9982 0.00039716 16.472 0.999 9.9099e-05 16.499 0 0 0 0 0 1 0 0 1 11 987 
10 16 100 10 6.42917 0.4487 0.071169 0.16237 0.4383 0.064648 0.16252 47 98 113 151 121 130 96 90 56 58 40 
10 16 100 20 6.4292 0.6378 0.061693 0.27019 0.633 0.058369 0.31807 2 24 47 70 107 120 125 136 127 116 126 
10 16 100 40 6.4292 0.7923 0.03951 0.50704 0.7923 0.035466 0.4733 0 5 9 19 35 58 92 143 175 180 284 
10 16 100 60 6.4292 0.8571 0.026196 0.65609 0.8644 0.021654 0.65669 0 1 1 6 18 29 63 109 160 218 395 
10 16 100 80 6.4292 0.891 0.019438 0.81047 0.8985 0.016144 0.80444 0 0 0 3 10 18 44 70 153 227 475 
10 16 100 100 6.4292 0.9133 0.014788 1.0118 0.9194 0.012716 0.97427 0 0 0 1 5 12 28 51 144 217 542 
10 16 100 120 6.4292 0.9301 0.011876 1.2549 0.9345 0.01035 1.0821 0 0 0 1 3 8 17 43 111 215 602 
10 16 100 200 6.4292 0.9609 0.0062675 1.7149 0.9648 0.0048458 1.6697 0 0 0 0 2 2 4 25 45 188 734 
10 16 100 400 6.4292 0.9824 0.0028931 2.9656 0.9838 0.0019795 2.9932 0 0 0 0 0 1 3 9 17 98 872 
10 16 100 600 6.4292 0.988 0.001958 4.3025 0.9898 0.0012572 4.3479 0 0 0 0 0 1 1 6 11 71 910 
10 16 100 800 6.4292 0.9912 0.001424 5.6904 0.9923 0.0008916 5.7021 0 0 0 0 0 1 1 3 6 58 931 
10 16 100 1000 6.4292 0.9928 0.0011693 7.2003 0.9933 0.00074586 7.1833 0 0 0 0 0 1 0 4 3 49 943 
10 16 100 1200 6.4292 0.9933 0.0010462 8.7746 0.9941 0.00063583 8.7755 0 0 0 0 0 1 0 2 5 46 946 
10 16 100 1500 6.4292 0.9946 0.00071155 11.311 0.9952 0.0005375 11.288 0 0 0 0 0 0 0 2 4 40 954 
10 16 100 2000 6.4292 0.9957 0.00053204 16.344 0.9958 0.00046282 16.274 0 0 0 0 0 0 0 0 6 31 963 
10 16 500 10 21.5603 0.4901 0.065117 0.19659 0.4814 0.064839 0.19628 27 51 127 130 123 134 139 92 71 62 44 
10 16 500 20 21.56 0.6937 0.052022 0.33846 0.688 0.049866 0.33702 3 5 23 45 89 117 134 133 146 143 162 
10 16 500 40 21.56 0.8504 0.025545 0.59904 0.8488 0.023162 0.59804 0 0 2 4 17 38 61 110 176 234 358 
10 16 500 60 21.56 0.9101 0.014402 0.81902 0.9163 0.012737 0.81442 0 0 0 2 3 6 35 61 134 246 513 
10 16 500 80 21.56 0.9409 0.0089061 1.0888 0.9447 0.0078397 1.0437 0 0 0 2 0 0 12 40 90 229 627 
10 16 500 100 21.56 0.9587 0.0062506 1.2516 0.9604 0.0054373 1.2523 0 0 0 2 0 0 5 21 56 204 712 
10 16 500 120 21.56 0.9676 0.0049552 1.4596 0.9702 0.004056 1.4608 0 0 0 1 1 0 3 15 39 176 765 
10 16 500 200 21.56 0.984 0.0023864 2.5904 0.9874 0.0014627 2.2636 0 0 0 1 0 0 0 4 19 103 873 
10 16 500 400 21.56 0.9939 0.00099378 4.2475 0.9958 0.00046282 4.0414 0 0 0 0 1 0 0 0 6 43 950 
10 16 500 600 21.56 0.9958 0.00070306 5.9134 0.9978 0.00025542 5.7646 0 0 0 0 0 1 0 0 5 27 967 
10 16 500 800 21.56 0.997 0.00055155 7.4914 0.9984 0.00017762 6.6869 0 0 0 0 0 1 0 0 3 19 977 
10 16 500 1000 21.56 0.9975 0.00048423 8.3228 0.9987 0.00014846 8.3362 0 0 0 0 0 1 0 0 2 16 981 
10 16 500 1200 21.56 0.9979 0.00042602 10.292 0.9989 0.00012892 9.9931 0 0 0 0 0 1 0 0 1 14 984 
10 16 500 1500 21.56 0.998 0.00041642 12.905 0.9991 0.0001093 12.742 0 0 0 0 0 1 0 0 1 13 985 
10 16 500 2000 21.56 0.9985 0.00018794 17.772 0.9991 0.0001093 17.778 0 0 0 0 0 0 0 0 2 11 987 
10 24 100 10 6.96147 0.4824 0.072122 0.19336 0.4886 0.066557 0.19421 32 77 114 139 135 105 107 100 70 75 46 
10 24 100 20 6.9615 0.6754 0.056151 0.32217 0.6794 0.052808 0.32477 2 13 33 56 95 102 130 137 156 130 146 
10 24 100 40 6.9615 0.8215 0.032781 0.64172 0.8304 0.028624 0.56372 1 0 8 8 28 54 70 110 191 225 305 
10 24 100 60 6.9615 0.8817 0.021417 0.77635 0.8926 0.017463 0.7676 0 0 3 6 8 16 49 83 145 254 436 
10 24 100 80 6.9615 0.9159 0.014572 0.94643 0.9226 0.013042 0.95341 0 0 0 1 5 11 23 68 113 227 552 
10 24 100 100 6.9615 0.935 0.010946 1.1416 0.9422 0.0094886 1.1916 0 0 0 0 3 8 14 45 89 223 618 
10 24 100 120 6.9615 0.9488 0.0083269 1.323 0.9535 0.0076154 1.4436 0 0 0 0 2 4 9 29 80 197 679 
10 24 100 200 6.9615 0.9746 0.0038587 2.0586 0.9749 0.0042442 1.8726 0 0 0 0 1 0 2 10 41 128 818 
10 24 100 400 6.9615 0.9894 0.0014891 3.3396 0.9888 0.0016162 3.3546 0 0 0 0 0 1 0 2 11 73 913 
10 24 100 600 6.9615 0.9933 0.0009861 4.7775 0.9938 0.00076232 4.8511 0 0 0 0 0 0 1 2 6 45 946 
10 24 100 800 6.9615 0.995 0.00081582 6.1768 0.9953 0.0005885 6.2236 0 0 0 0 0 0 1 2 5 30 962 
10 24 100 1000 6.9615 0.9962 0.00062619 7.758 0.9963 0.00039671 7.7276 0 0 0 0 0 0 1 2 1 26 970 
10 24 100 1200 6.9615 0.9967 0.00057969 9.3437 0.9969 0.00032071 9.3952 0 0 0 0 0 0 1 2 1 21 975 
10 24 100 1500 6.9615 0.9972 0.00047263 12.044 0.9973 0.00026297 12.152 0 0 0 0 0 0 1 1 1 19 978 
10 24 100 2000 6.9615 0.9974 0.00041365 16.988 0.998 0.0001962 17.046 0 0 0 0 0 0 1 0 2 18 979 
10 24 500 10 24.3593 0.5487 0.064162 0.24169 0.5483 0.060978 0.24507 19 38 71 109 131 147 119 130 93 77 66 
10 24 500 20 24.359 0.7453 0.045483 0.41779 0.7513 0.041099 0.42204 3 5 15 29 43 96 110 159 156 182 202 
10 24 500 40 24.359 0.8859 0.019991 0.72192 0.8943 0.016214 0.72075 0 1 0 4 11 25 27 73 163 260 436 
10 24 500 60 24.359 0.9343 0.010564 1.0801 0.9418 0.0080808 1.0095 0 0 0 1 3 9 14 27 94 262 590 
10 24 500 80 24.359 0.9579 0.0067443 1.3059 0.9631 0.0045329 1.2814 0 0 0 1 2 2 9 15 45 221 705 
10 24 500 100 24.359 0.9715 0.0043421 1.5552 0.9742 0.0030174 1.5319 0 0 0 0 1 2 2 14 26 167 788 
10 24 500 120 24.359 0.979 0.0031021 1.784 0.9811 0.0022951 1.7771 0 0 0 0 1 0 2 8 21 130 838 
10 24 500 200 24.359 0.9915 0.0014392 2.6891 0.9915 0.00097873 2.6971 0 0 0 0 1 0 0 2 12 49 936 
10 24 500 400 24.359 0.9964 0.00062767 4.8959 0.9961 0.00041521 4.717 0 0 0 0 0 1 0 0 4 23 972 
10 24 500 600 24.359 0.9977 0.0004852 6.6198 0.9981 0.00022662 6.67 0 0 0 0 0 1 0 0 3 12 984 
10 24 500 800 24.359 0.9981 0.00044684 8.0917 0.9988 0.0001387 7.737 0 0 0 0 0 1 0 0 3 8 988 
10 24 500 1000 24.359 0.9988 0.00031888 9.3677 0.9992 9.9459e-05 9.2957 0 0 0 0 0 1 0 0 0 7 992 
10 24 500 1200 24.359 0.9989 0.0003091 11.194 0.9993 8.96e-05 11.04 0 0 0 0 0 1 0 0 0 6 993 
10 24 500 1500 24.359 0.9989 0.0003091 13.987 0.9994 5.97e-05 14.06 0 0 0 0 0 1 0 0 0 6 993 
10 24 500 2000 24.359 0.9989 0.0003091 19.252 0.9998 1.998e-05 19.129 0 0 0 0 0 1 0 0 0 6 993 
10 36 100 10 7.36299 0.5081 0.069654 0.24441 0.5179 0.063093 0.23075 38 61 83 113 130 142 126 101 86 66 54 
10 36 100 20 7.363 0.6942 0.055542 0.37798 0.7035 0.047605 0.3782 7 16 24 46 58 108 147 140 140 154 160 
10 36 100 40 7.363 0.8419 0.030445 0.64295 0.8445 0.023553 0.64478 1 2 6 7 26 32 53 116 172 236 349 
10 36 100 60 7.363 0.8981 0.019206 0.92718 0.9027 0.014377 0.89478 1 0 0 4 12 14 28 73 133 242 493 
10 36 100 80 7.363 0.9261 0.013302 1.1088 0.9313 0.01 1.1889 0 0 0 2 5 12 15 47 100 234 585 
10 36 100 100 7.363 0.9453 0.0097276 1.3653 0.9497 0.0073072 1.5555 0 0 0 2 2 9 10 23 71 225 658 
10 36 100 120 7.363 0.9573 0.0074942 1.4684 0.9598 0.0058898 1.3998 0 0 0 1 2 5 8 19 46 202 717 
10 36 100 200 7.363 0.9802 0.0036116 2.1054 0.9806 0.0026463 2.0484 0 0 0 0 1 1 5 9 19 102 863 
10 36 100 400 7.363 0.9913 0.001716 3.621 0.9938 0.00068224 3.6546 0 0 0 0 1 1 1 3 6 51 937 
10 36 100 600 7.363 0.9951 0.0009069 5.0315 0.9968 0.00031007 5.1563 0 0 0 0 0 1 1 1 3 31 963 
10 36 100 800 7.363 0.9968 0.00051027 6.5495 0.998 0.0001962 6.6172 0 0 0 0 0 0 1 0 4 20 975 
10 36 100 1000 7.363 0.9979 0.00034594 8.2342 0.9987 0.00012844 8.282 0 0 0 0 0 0 1 0 1 15 983 
10 36 100 1200 7.363 0.9983 0.00030742 10.274 0.9991 8.9279e-05 10.182 0 0 0 0 0 0 1 0 1 11 987 
10 36 100 1500 7.363 0.9985 0.00028804 12.944 0.9993 6.958e-05 12.832 0 0 0 0 0 0 1 0 1 9 989 
10 36 100 2000 7.363 0.9986 0.00027832 17.669 0.9995 4.98e-05 17.755 0 0 0 0 0 0 1 0 1 8 990 
10 36 500 10 26.4559 0.6057 0.055373 0.30194 0.6069 0.05728 0.30229 8 23 50 72 98 148 158 148 126 96 73 
10 36 500 20 26.456 0.7945 0.032152 0.51894 0.7947 0.033535 0.51415 0 2 3 13 29 55 102 160 184 217 235 
10 36 500 40 26.456 0.916 0.013658 0.89452 0.9143 0.011917 0.88128 0 0 2 1 1 9 23 56 127 252 529 
10 36 500 60 26.456 0.9538 0.0068124 1.2121 0.9528 0.0062184 1.2111 0 0 0 0 1 3 7 18 75 209 687 
10 36 500 80 26.456 0.9701 0.0042402 1.5305 0.9721 0.0032749 1.551 0 0 0 0 1 2 1 6 48 165 777 
10 36 500 100 26.456 0.9792 0.0031305 1.8246 0.9815 0.0021899 1.8228 0 0 0 0 1 1 1 4 31 119 843 
10 36 500 120 26.456 0.9848 0.0022112 2.1104 0.9861 0.0015583 2.1102 0 0 0 0 1 0 0 4 19 96 880 
10 36 500 200 26.456 0.9943 0.00091843 3.1479 0.9948 0.00059355 3.1614 0 0 0 0 1 0 0 0 4 43 952 
10 36 500 400 26.456 0.9978 0.00035552 5.4024 0.9984 0.0001576 5.4226 0 0 0 0 0 0 1 0 1 16 982 
10 36 500 600 26.456 0.9989 0.00022902 7.465 0.9993 6.958e-05 7.4352 0 0 0 0 0 0 1 0 0 7 992 
10 36 500 800 26.456 0.9992 0.0001395 9.4363 0.9993 6.958e-05 9.4967 0 0 0 0 0 0 0 1 0 5 994 
10 36 500 1000 26.456 0.9993 0.00012964 11.349 0.9994 5.97e-05 11.307 0 0 0 0 0 0 0 1 0 4 995 
10 36 500 1200 26.456 0.9994 0.00011976 13.046 0.9996 3.988e-05 12.432 0 0 0 0 0 0 0 1 0 3 996 
10 36 500 1500 26.456 0.9994 0.00011976 15.029 0.9996 3.988e-05 14.927 0 0 0 0 0 0 0 1 0 3 996 
10 36 500 2000 26.456 0.9994 0.00011976 20.507 0.9997 2.994e-05 20.22 0 0 0 0 0 0 0 1 0 3 996 
10 48 100 10 7.80662 0.5304 0.065742 0.26782 0.5301 0.063648 0.26752 21 56 79 110 127 117 167 102 96 67 58 
10 48 100 20 7.8066 0.7127 0.048097 0.42069 0.7187 0.045826 0.42565 5 10 13 36 69 93 128 166 157 174 149 
10 48 100 40 7.8066 0.8509 0.026105 0.84794 0.8539 0.02485 0.73747 0 1 2 11 11 26 65 120 172 229 363 
10 48 100 60 7.8066 0.9053 0.015838 1.0845 0.9104 0.014767 0.94892 0 0 2 3 4 9 26 68 137 259 492 
10 48 100 80 7.8066 0.934 0.010995 1.1065 0.9363 0.010363 1.0786 0 0 0 4 2 2 15 38 99 238 602 
10 48 100 100 7.8066 0.9487 0.0083467 1.2905 0.9522 0.0075027 1.2337 0 0 0 2 2 3 5 28 76 216 668 
10 48 100 120 7.8066 0.9612 0.0063609 1.4489 0.962 0.0058619 1.487 0 0 0 0 3 2 5 17 53 183 737 
10 48 100 200 7.8066 0.98 0.0032633 2.1225 0.9814 0.0024765 2.1634 0 0 0 0 1 2 3 4 18 124 848 
10 48 100 400 7.8066 0.9923 0.0013521 3.8233 0.9932 0.00081457 3.7582 0 0 0 0 0 1 1 4 4 48 942 
10 48 100 600 7.8066 0.9958 0.00056292 5.4073 0.9958 0.00052288 5.2664 0 0 0 0 0 0 0 1 5 29 965 
10 48 100 800 7.8066 0.9974 0.00033357 6.8506 0.9973 0.00030301 6.9063 0 0 0 0 0 0 0 0 4 18 978 
10 48 100 1000 7.8066 0.9983 0.0001873 8.4856 0.9984 0.00017762 8.466 0 0 0 0 0 0 0 0 1 15 984 
10 48 100 1200 7.8066 0.999 0.00011912 10.202 0.9988 0.00011868 10.181 0 0 0 0 0 0 0 0 1 8 991 
10 48 100 1500 7.8066 0.9993 6.958e-05 12.879 0.999 9.9099e-05 12.949 0 0 0 0 0 0 0 0 0 7 993 
10 48 100 2000 7.8066 0.9994 5.97e-05 17.938 0.9994 5.97e-05 17.988 0 0 0 0 0 0 0 0 0 6 994 
10 48 500 10 28.0349 0.6256 0.053018 0.34991 0.6265 0.053802 0.34132 10 17 33 59 108 144 148 160 132 110 79 
10 48 500 20 28.035 0.812 0.030607 0.57145 0.8168 0.029968 0.57462 0 2 4 12 24 48 81 127 213 231 258 
10 48 500 40 28.035 0.9253 0.012342 0.98883 0.9269 0.011998 0.99119 0 0 1 0 4 10 17 41 109 256 562 
10 48 500 60 28.035 0.9594 0.0059176 1.3555 0.9629 0.0053589 1.3627 0 0 0 0 1 4 3 17 51 215 709 
10 48 500 80 28.035 0.976 0.0036276 1.7046 0.9754 0.0032381 1.7126 0 0 0 0 1 1 1 12 23 143 819 
10 48 500 100 28.035 0.9834 0.002607 2.0338 0.9838 0.0020596 2.0367 0 0 0 0 1 0 1 9 13 103 873 
10 48 500 120 28.035 0.9879 0.0019055 2.4288 0.9897 0.0013252 2.3492 0 0 0 0 1 0 0 5 12 76 906 
10 48 500 200 28.035 0.996 0.00072472 3.4705 0.9955 0.00053028 3.4888 0 0 0 0 1 0 0 0 2 30 967 
10 48 500 400 28.035 0.9986 0.00021826 5.9299 0.9988 0.0001387 5.8858 0 0 0 0 0 0 0 1 1 9 989 
10 48 500 600 28.035 0.9991 0.0001093 7.8992 0.9994 5.97e-05 7.9266 0 0 0 0 0 0 0 0 1 7 992 
10 48 500 800 28.035 0.9994 5.97e-05 9.3235 0.9995 4.98e-05 8.9557 0 0 0 0 0 0 0 0 0 6 994 
10 48 500 1000 28.035 0.9996 3.988e-05 10.771 0.9996 3.988e-05 10.741 0 0 0 0 0 0 0 0 0 4 996 
10 48 500 1200 28.035 0.9997 2.994e-05 12.732 0.9996 3.988e-05 12.574 0 0 0 0 0 0 0 0 0 3 997 
10 48 500 1500 28.035 0.9998 1.998e-05 15.64 0.9997 2.994e-05 15.575 0 0 0 0 0 0 0 0 0 2 998 
10 48 500 2000 28.035 0.9998 1.998e-05 20.955 0.9998 1.998e-05 20.989 0 0 0 0 0 0 0 0 0 2 998 
10 64 100 10 41.466 0.6952 0.053871 0.61276 0.6999 0.046697 0.57738 1 13 29 45 76 104 130 145 147 149 161 
10 64 100 20 41.466 0.8564 0.025084 0.95662 0.8593 0.021815 1.099 0 2 2 0 18 36 54 105 169 245 369 
10 64 100 40 41.466 0.948 0.0068028 1.7735 0.9459 0.0075107 1.5612 0 0 0 0 0 1 6 31 76 246 640 
10 64 100 60 41.466 0.9728 0.0032634 2.1181 0.9725 0.0034172 2.0531 0 0 0 0 0 0 1 6 40 170 783 
10 64 100 80 41.466 0.9828 0.0020462 2.5537 0.9838 0.0020396 2.4829 0 0 0 0 0 0 0 5 16 125 854 
10 64 100 100 41.466 0.9883 0.0014145 2.9437 0.9891 0.0014727 3.0117 0 0 0 0 0 0 0 3 10 88 899 
10 64 100 120 41.466 0.9919 0.00084524 3.3505 0.993 0.00083183 3.3883 0 0 0 0 0 0 0 0 5 71 924 
10 64 100 200 41.466 0.9965 0.00037813 5.2776 0.9974 0.00029353 4.8645 0 0 0 0 0 0 0 0 2 31 967 
10 64 100 400 41.466 0.9991 8.9279e-05 7.9823 0.9998 1.998e-05 7.9286 0 0 0 0 0 0 0 0 0 9 991 
10 64 100 600 41.466 0.9996 3.988e-05 10.508 0.9999 1e-05 10.582 0 0 0 0 0 0 0 0 0 4 996 
10 64 100 800 41.466 0.9998 1.998e-05 12.865 0.9999 1e-05 13.085 0 0 0 0 0 0 0 0 0 2 998 
10 64 100 1000 41.466 0.9998 1.998e-05 15.289 0.9999 1e-05 15.275 0 0 0 0 0 0 0 0 0 2 998 
10 64 100 1200 41.466 0.9998 1.998e-05 17.545 0.9999 1e-05 17.746 0 0 0 0 0 0 0 0 0 2 998 
10 64 100 1500 41.466 0.9999 1e-05 21.071 0.9999 1e-05 21.091 0 0 0 0 0 0 0 0 0 1 999 
10 64 100 2000 41.466 0.9999 1e-05 32.222 0.9999 1e-05 32.52 0 0 0 0 0 0 0 0 0 1 999 
10 64 500 10 28.345 0.6412 0.051894 0.35496 0.6415 0.0518 0.35707 3 12 36 62 101 129 162 149 134 114 98 
10 64 500 20 28.345 0.8221 0.02827 0.59504 0.8112 0.030465 0.59705 0 0 3 8 21 45 85 133 179 251 275 
10 64 500 40 28.345 0.9327 0.010111 1.0781 0.9269 0.010817 1.0292 0 0 0 0 1 5 15 41 117 225 596 
10 64 500 60 28.345 0.9636 0.0050801 1.4178 0.9628 0.0051813 1.3977 0 0 0 0 1 0 3 18 51 190 737 
10 64 500 80 28.345 0.9783 0.0031022 1.7477 0.9781 0.0028132 1.7989 0 0 0 0 1 0 1 7 28 130 833 
10 64 500 100 28.345 0.9848 0.002031 2.0535 0.9847 0.0019178 2.0473 0 0 0 0 1 0 0 2 16 108 873 
10 64 500 120 28.345 0.989 0.0016006 2.3889 0.9897 0.0013052 2.3657 0 0 0 0 1 0 0 1 13 75 910 
10 64 500 200 28.345 0.9958 0.00072308 3.496 0.9962 0.00046603 3.4964 0 0 0 0 1 0 0 0 1 34 964 
10 64 500 400 28.345 0.9984 0.00027772 5.9026 0.9993 6.958e-05 5.6346 0 0 0 0 0 0 1 0 0 12 987 
10 64 500 600 28.345 0.999 0.00021922 7.3437 0.9996 3.988e-05 7.1782 0 0 0 0 0 0 1 0 0 6 993 
10 64 500 800 28.345 0.9992 0.00019956 9.2898 0.9998 1.998e-05 9.0803 0 0 0 0 0 0 1 0 0 4 995 
10 64 500 1000 28.345 0.9993 0.0001897 10.758 0.9998 1.998e-05 10.809 0 0 0 0 0 0 1 0 0 3 996 
10 64 500 1200 28.345 0.9993 0.0001897 12.738 0.9999 1e-05 12.778 0 0 0 0 0 0 1 0 0 3 996 
10 64 500 1500 28.345 0.9993 0.0001897 15.775 0.9999 1e-05 15.676 0 0 0 0 0 0 1 0 0 3 996 
10 64 500 2000 28.345 0.9993 0.0001897 21.095 0.9999 1e-05 21.229 0 0 0 0 0 0 1 0 0 3 996 
10 96 100 10 71.6194 0.7769 0.041318 0.71785 0.7774 0.039128 0.71455 1 5 6 17 52 73 101 131 178 179 257 
10 96 100 20 71.619 0.9045 0.014785 1.2487 0.9077 0.014385 1.2679 0 0 0 1 5 8 36 57 154 255 484 
10 96 100 40 71.619 0.9686 0.0038779 2.184 0.9718 0.003268 2.1856 0 0 0 0 0 0 1 10 50 180 759 
10 96 100 60 71.619 0.9875 0.0013551 2.7375 0.9874 0.0014427 2.6446 0 0 0 0 0 0 0 2 7 105 886 
10 96 100 80 71.619 0.9932 0.00071447 3.2451 0.993 0.00077177 3.2434 0 0 0 0 0 0 0 0 4 60 936 
10 96 100 100 71.619 0.9964 0.00038743 3.6797 0.995 0.00057558 3.7049 0 0 0 0 0 0 0 0 2 32 966 
10 96 100 120 71.619 0.9972 0.00029245 4.238 0.9967 0.00031943 4.2544 0 0 0 0 0 0 0 0 1 26 973 
10 96 100 200 71.619 0.9989 0.0001089 5.9515 0.9985 0.0001479 5.9762 0 0 0 0 0 0 0 0 0 11 989 
10 96 100 400 71.619 0.9998 1.998e-05 9.4121 0.9991 8.9279e-05 9.4303 0 0 0 0 0 0 0 0 0 2 998 
10 96 100 600 71.619 0.9999 1e-05 12.237 0.9994 5.97e-05 12.226 0 0 0 0 0 0 0 0 0 1 999 
10 96 100 800 71.619 0.9999 1e-05 14.79 0.9997 2.994e-05 14.902 0 0 0 0 0 0 0 0 0 1 999 
10 96 100 1000 71.619 0.9999 1e-05 17.404 0.9997 2.994e-05 17.356 0 0 0 0 0 0 0 0 0 1 999 
10 96 100 1200 71.619 0.9999 1e-05 19.86 0.9997 2.994e-05 19.896 0 0 0 0 0 0 0 0 0 1 999 
10 96 100 1500 71.619 0.9999 1e-05 23.352 0.9997 2.994e-05 23.582 0 0 0 0 0 0 0 0 0 1 999 
10 96 100 2000 71.619 0.9999 1e-05 29.931 0.9997 2.994e-05 29.895 0 0 0 0 0 0 0 0 0 1 999 
10 96 500 10 28.7669 0.6527 0.049062 0.37847 0.6504 0.048188 0.37741 4 13 26 53 93 130 151 174 133 137 86 
10 96 500 20 28.767 0.8262 0.027401 0.62217 0.8305 0.025766 0.62922 0 1 5 5 17 36 91 122 202 238 283 
10 96 500 40 28.767 0.9318 0.01096 1.0822 0.9368 0.0087745 1.0723 0 0 1 1 2 3 18 41 99 247 588 
10 96 500 60 28.767 0.9642 0.0052236 1.4662 0.9668 0.004262 1.4638 0 0 0 0 2 1 3 13 49 192 740 
10 96 500 80 28.767 0.9779 0.0033449 1.8258 0.9799 0.0023884 1.9025 0 0 0 0 1 1 2 8 20 138 830 
10 96 500 100 28.767 0.9844 0.0024991 2.1658 0.9867 0.0015346 2.1636 0 0 0 0 1 0 2 7 11 99 880 
10 96 500 120 28.767 0.9878 0.0020532 2.4796 0.9902 0.0011451 2.5409 0 0 0 0 1 0 2 4 10 76 907 
10 96 500 200 28.767 0.9954 0.00081966 3.6556 0.9963 0.00045677 3.7271 0 0 0 0 1 0 0 0 4 32 963 
10 96 500 400 28.767 0.9985 0.00026802 6.1235 0.9991 0.0001093 6.1702 0 0 0 0 0 0 1 0 0 11 988 
10 96 500 600 28.767 0.9989 0.00016896 8.2186 0.9995 6.982e-05 7.8096 0 0 0 0 0 0 0 1 0 8 991 
10 96 500 800 28.767 0.999 0.00015916 9.6005 0.9997 2.994e-05 9.2652 0 0 0 0 0 0 0 1 0 7 992 
10 96 500 1000 28.767 0.9994 0.00011976 11.056 0.9998 1.998e-05 11.112 0 0 0 0 0 0 0 1 0 3 996 
10 96 500 1200 28.767 0.9994 0.00011976 13.075 0.9999 1e-05 13.037 0 0 0 0 0 0 0 1 0 3 996 
10 96 500 1500 28.767 0.9994 0.00011976 16.081 0.9999 1e-05 16.142 0 0 0 0 0 0 0 1 0 3 996 
10 96 500 2000 28.767 0.9994 0.00011976 21.529 0.9999 1e-05 21.568 0 0 0 0 0 0 0 1 0 3 996 
