k probes k_factor build_time recall var_recall query_time val_recall val_var_recall val_query_time r0 r1 r2 r3 r4 r5 r6 r7 r8 r9 r10
10 1 1 13.0306 0.094 0.014078 0.35966 0.0897 0.012556 0.35832 462 298 141 64 19 10 2 2 2 0 0 
10 1 2 13.031 0.127 0.022734 0.38838 0.1226 0.019609 0.39728 385 289 161 86 38 16 13 8 2 1 1 
10 1 3 13.031 0.1473 0.027901 0.39523 0.141 0.024564 0.39608 351 260 187 98 41 30 15 9 4 4 1 
10 1 4 13.031 0.1599 0.031013 0.38093 0.1527 0.028341 0.37701 333 249 181 115 49 31 20 12 4 4 2 
10 1 5 13.031 0.1671 0.033561 0.38209 0.1601 0.030849 0.38027 326 243 181 111 60 30 22 14 7 3 3 
10 1 8 13.031 0.1785 0.038746 0.39552 0.1697 0.034667 0.3951 320 234 174 114 58 42 23 15 8 8 4 
10 1 10 13.031 0.1827 0.040411 0.40313 0.1725 0.03643 0.40537 316 233 172 114 57 46 23 17 9 9 4 
10 1 12 13.031 0.1853 0.041555 0.41618 0.1741 0.037256 0.41286 315 231 172 110 59 48 23 20 9 8 5 
10 1 20 13.031 0.1874 0.043305 0.42395 0.1765 0.038837 0.43623 315 230 172 110 57 48 21 21 11 9 6 
10 1 25 13.031 0.1875 0.043337 0.42949 0.1768 0.039121 0.42673 315 230 172 109 58 48 21 21 11 9 6 
10 1 50 13.031 0.1875 0.043337 0.43608 0.1768 0.039121 0.43533 315 230 172 109 58 48 21 21 11 9 6 
10 1 75 13.031 0.1875 0.043337 0.47781 0.1768 0.039121 0.4581 315 230 172 109 58 48 21 21 11 9 6 
10 1 100 13.031 0.1875 0.043337 0.45378 0.1768 0.039121 0.45064 315 230 172 109 58 48 21 21 11 9 6 
10 1 250 13.031 0.1875 0.043337 0.48522 0.1768 0.039121 0.48525 315 230 172 109 58 48 21 21 11 9 6 
10 1 500 13.031 0.1875 0.043337 0.54802 0.1768 0.039121 0.59341 315 230 172 109 58 48 21 21 11 9 6 
10 2 1 13.031 0.1148 0.016337 0.37227 0.1101 0.014382 0.37981 382 311 172 83 32 10 6 2 2 0 0 
10 2 2 13.031 0.1634 0.025806 0.38925 0.1589 0.023384 0.38767 275 286 198 119 68 25 15 8 3 2 1 
10 2 3 13.031 0.191 0.031951 0.39348 0.192 0.029005 0.38293 233 260 210 135 76 40 24 8 7 5 2 
10 2 4 13.031 0.2131 0.036635 0.39179 0.2141 0.033405 0.39095 204 247 199 156 78 53 30 16 8 5 4 
10 2 5 13.031 0.2308 0.040472 0.40431 0.231 0.036656 0.39236 188 229 193 162 94 53 41 17 12 5 6 
10 2 8 13.031 0.2627 0.047526 0.42632 0.2568 0.043257 0.41276 162 198 192 165 95 84 41 27 17 11 8 
10 2 10 13.031 0.2734 0.051364 0.44284 0.2669 0.04554 0.42001 158 192 189 160 95 81 51 33 16 16 9 
10 2 12 13.031 0.2793 0.053035 0.42501 0.2746 0.048243 0.42382 153 190 189 158 95 80 56 34 18 17 10 
10 2 20 13.031 0.2911 0.057348 0.46299 0.2854 0.052339 0.46137 147 189 182 152 98 78 56 43 25 17 13 
10 2 25 13.031 0.2923 0.057829 0.47619 0.2865 0.052861 0.47886 146 190 180 153 96 80 56 43 24 19 13 
10 2 50 13.031 0.2934 0.058395 0.50777 0.2873 0.053522 0.51071 146 189 179 155 96 77 57 44 23 21 13 
10 2 75 13.031 0.2934 0.058395 0.51633 0.2873 0.053522 0.56875 146 189 179 155 96 77 57 44 23 21 13 
10 2 100 13.031 0.2934 0.058395 0.52769 0.2873 0.053522 0.5301 146 189 179 155 96 77 57 44 23 21 13 
10 2 250 13.031 0.2934 0.058395 0.56902 0.2873 0.053522 0.57095 146 189 179 155 96 77 57 44 23 21 13 
10 2 500 13.031 0.2934 0.058395 0.65744 0.2873 0.053522 0.6697 146 189 179 155 96 77 57 44 23 21 13 
10 4 1 13.031 0.1264 0.0173 0.36301 0.1228 0.015035 0.36135 339 319 182 99 39 10 8 2 2 0 0 
10 4 2 13.031 0.1874 0.028189 0.36978 0.1833 0.024235 0.36889 223 280 192 140 98 31 19 11 3 2 1 
10 4 3 13.031 0.2295 0.035776 0.37715 0.2288 0.031742 0.37587 167 239 205 155 109 62 33 14 9 3 4 
10 4 4 13.031 0.2586 0.039786 0.39362 0.262 0.035712 0.40302 136 208 208 160 122 79 47 20 10 3 7 
10 4 5 13.031 0.2831 0.043588 0.38895 0.2868 0.040586 0.40138 122 176 197 174 132 89 55 26 16 4 9 
10 4 8 13.031 0.3385 0.05246 0.42445 0.3399 0.047886 0.42513 84 143 172 163 153 114 74 40 26 15 16 
10 4 10 13.031 0.3596 0.055764 0.43696 0.3579 0.050148 0.44287 73 132 166 156 149 122 79 56 31 16 20 
10 4 12 13.031 0.375 0.057573 0.44077 0.3754 0.053208 0.43037 65 119 166 154 147 126 85 59 39 16 24 
10 4 20 13.031 0.4106 0.064292 0.47849 0.4067 0.059565 0.4769 51 106 162 130 142 129 95 73 48 32 32 
10 4 25 13.031 0.4195 0.066276 0.50709 0.4171 0.060979 0.50937 47 106 152 138 136 131 94 68 54 40 34 
10 4 50 13.031 0.4286 0.068991 0.61284 0.4271 0.063639 0.61842 46 103 140 149 133 126 96 67 55 41 44 
10 4 75 13.031 0.4288 0.068939 0.6826 0.4275 0.063918 0.66573 46 103 139 149 134 126 96 67 55 41 44 
10 4 100 13.031 0.4289 0.069004 0.67306 0.4275 0.063918 0.68383 46 103 139 149 134 126 96 66 56 41 44 
10 4 250 13.031 0.4289 0.069004 0.71562 0.4275 0.063918 0.71897 46 103 139 149 134 126 96 66 56 41 44 
10 4 500 13.031 0.4289 0.069004 0.78908 0.4275 0.063918 0.80943 46 103 139 149 134 126 96 66 56 41 44 
10 8 1 13.031 0.1329 0.017725 0.36757 0.1248 0.015581 0.36461 318 318 189 108 43 13 7 2 2 0 0 
10 8 2 13.031 0.1988 0.028827 0.37229 0.1922 0.025124 0.37197 196 269 208 154 94 42 14 17 3 2 1 
10 8 3 13.031 0.2485 0.037095 0.38286 0.2459 0.033637 0.37996 145 204 223 167 112 72 40 22 7 4 4 
10 8 4 13.031 0.2856 0.041374 0.3897 0.2867 0.038612 0.41411 102 183 204 183 136 80 56 29 17 3 7 
10 8 5 13.031 0.3157 0.044208 0.40944 0.3215 0.043311 0.39533 84 147 192 187 156 99 60 38 21 8 8 
10 8 8 13.031 0.386 0.051435 0.42017 0.3964 0.052199 0.41984 48 95 171 152 184 124 93 68 27 19 19 
10 8 10 13.031 0.4199 0.053487 0.42738 0.4297 0.054522 0.42758 35 80 143 146 187 138 98 87 38 24 24 
10 8 12 13.031 0.4473 0.055889 0.46974 0.4532 0.056246 0.46906 26 70 131 140 174 138 112 96 54 31 28 
10 8 20 13.031 0.5134 0.061622 0.49125 0.5175 0.058903 0.49097 15 52 89 134 133 144 132 105 89 59 48 
10 8 25 13.031 0.5358 0.062341 0.52022 0.5387 0.060433 0.53511 12 42 80 127 137 133 130 116 95 70 58 
10 8 50 13.031 0.5728 0.064645 0.66779 0.5809 0.061126 0.66566 6 34 65 121 123 129 126 127 91 89 89 
10 8 75 13.031 0.5802 0.064693 0.8074 0.5877 0.06154 0.82273 6 33 59 119 115 137 129 124 94 85 99 
10 8 100 13.031 0.5811 0.064818 0.90598 0.5886 0.061552 0.89593 6 33 59 117 117 136 129 122 95 87 99 
10 8 250 13.031 0.5816 0.064886 1.0142 0.5889 0.061608 1.0231 6 33 58 118 117 135 130 120 97 86 100 
10 8 500 13.031 0.5816 0.064886 1.0998 0.5889 0.061608 1.1119 6 33 58 118 117 135 130 120 97 86 100 
10 16 1 13.031 0.1373 0.017776 0.37571 0.1272 0.015496 0.3773 298 328 187 119 42 16 6 2 2 0 0 
10 16 2 13.031 0.2051 0.029373 0.38948 0.1968 0.025435 0.3813 182 269 211 152 100 45 18 17 3 2 1 
10 16 3 13.031 0.2591 0.037535 0.39194 0.2511 0.033713 0.41351 126 209 205 180 118 80 43 22 9 4 4 
10 16 4 13.031 0.2981 0.041768 0.41153 0.2976 0.038373 0.39624 92 166 203 183 144 97 54 32 17 5 7 
10 16 5 13.031 0.3335 0.045653 0.40243 0.3336 0.043715 0.40441 74 135 177 181 169 113 68 38 25 12 8 
10 16 8 13.031 0.4124 0.052399 0.42464 0.4195 0.052722 0.42493 38 86 139 153 183 142 99 80 33 29 18 
10 16 10 13.031 0.4532 0.053283 0.43703 0.4603 0.054048 0.43881 24 68 105 149 178 165 102 98 54 30 27 
10 16 12 13.031 0.4858 0.055314 0.44992 0.4942 0.054501 0.45158 20 53 93 126 178 153 128 104 74 34 37 
10 16 20 13.031 0.5778 0.059186 0.52868 0.5798 0.055107 0.50478 13 27 53 87 144 139 142 123 119 82 71 
10 16 25 13.031 0.6152 0.058568 0.53308 0.6128 0.054591 0.53099 9 22 41 84 111 118 147 150 119 112 87 
10 16 50 13.031 0.6933 0.054119 0.69037 0.6952 0.050668 0.69107 5 11 21 46 84 109 130 144 136 155 159 
10 16 75 13.031 0.7176 0.051662 0.84181 0.7226 0.047797 0.8387 3 6 23 37 69 103 125 143 140 159 192 
10 16 100 13.031 0.7271 0.050606 0.9887 0.7311 0.04679 0.98582 3 6 18 39 66 91 123 143 146 164 201 
10 16 250 13.031 0.7337 0.050004 1.5475 0.7376 0.046052 1.5617 3 5 15 41 65 81 127 142 143 166 212 
10 16 500 13.031 0.7337 0.050004 1.7956 0.7376 0.046052 1.765 3 5 15 41 65 81 127 142 143 166 212 
10 32 1 13.031 0.1368 0.017844 0.41422 0.1281 0.015556 0.41356 300 329 185 118 41 17 6 2 2 0 0 
10 32 2 13.031 0.2062 0.029511 0.40102 0.1986 0.025504 0.40179 179 272 208 153 99 48 18 17 3 2 1 
10 32 3 13.031 0.2599 0.0381 0.40636 0.2529 0.033585 0.40536 127 208 205 182 109 85 44 22 10 4 4 
10 32 4 13.031 0.3013 0.04199 0.41381 0.3008 0.038077 0.41509 89 163 201 190 137 101 58 30 19 5 7 
10 32 5 13.031 0.3382 0.046047 0.42033 0.3389 0.04304 0.43599 70 135 175 177 166 122 67 41 28 11 8 
10 32 8 13.031 0.4221 0.052334 0.46754 0.4272 0.051492 0.45243 35 80 131 157 173 143 118 78 36 31 18 
10 32 10 13.031 0.4637 0.053566 0.46983 0.4732 0.052434 0.45454 22 61 109 137 168 170 113 102 56 35 27 
10 32 12 13.031 0.5025 0.053778 0.48525 0.5097 0.052548 0.48954 15 47 79 124 166 172 127 113 80 39 38 
10 32 20 13.031 0.6059 0.056271 0.53719 0.6063 0.05018 0.54843 8 19 46 80 116 152 126 150 128 96 79 
10 32 25 13.031 0.6523 0.053548 0.57003 0.6494 0.048008 0.5829 5 13 31 65 91 121 140 167 139 117 111 
10 32 50 13.031 0.7624 0.042649 0.7176 0.7635 0.038636 0.7155 2 4 9 19 63 69 99 163 162 183 227 
10 32 75 13.031 0.8093 0.03652 0.87184 0.8122 0.032323 0.87206 0 5 3 11 35 62 87 122 161 205 309 
10 32 100 13.031 0.8317 0.031997 1.0419 0.8362 0.028758 1.0284 0 2 3 8 29 48 71 115 163 216 345 
10 32 250 13.031 0.8594 0.027059 1.9522 0.865 0.023478 1.9508 0 2 1 4 19 40 55 94 156 224 405 
10 32 500 13.031 0.8607 0.026752 2.8297 0.8659 0.02321 2.8544 0 2 1 4 17 42 52 96 151 229 406 
10 64 1 13.031 0.1373 0.017837 0.4511 0.128 0.015592 0.45793 298 329 186 119 41 17 6 2 2 0 0 
10 64 2 13.031 0.2064 0.029489 0.43483 0.1987 0.025534 0.43899 180 269 208 155 100 47 18 17 3 2 1 
10 64 3 13.031 0.2611 0.037975 0.48907 0.2533 0.033703 0.49255 126 204 206 184 111 85 44 22 10 4 4 
10 64 4 13.031 0.3026 0.041775 0.44993 0.3012 0.038017 0.44744 90 155 205 188 142 101 59 29 19 5 7 
10 64 5 13.031 0.3399 0.045844 0.49443 0.3401 0.042825 0.49081 68 132 177 176 168 124 67 41 27 12 8 
10 64 8 13.031 0.4245 0.051501 0.47853 0.4291 0.051134 0.47712 32 77 128 162 177 141 121 77 35 32 18 
10 64 10 13.031 0.4675 0.052746 0.48866 0.4759 0.051741 0.48736 21 54 107 142 167 173 114 103 55 37 27 
10 64 12 13.031 0.5075 0.052686 0.50046 0.5126 0.052013 0.49978 13 41 77 126 166 175 130 111 81 42 38 
10 64 20 13.031 0.6152 0.054503 0.55574 0.6137 0.048891 0.55402 6 17 42 71 116 153 138 141 132 102 82 
10 64 25 13.031 0.6627 0.05173 0.58831 0.659 0.046005 0.58527 4 11 26 56 92 126 140 162 140 126 117 
10 64 50 13.031 0.7869 0.037776 0.75134 0.7846 0.034197 0.7522 1 0 8 13 47 64 99 147 170 187 264 
10 64 75 13.031 0.8464 0.027695 0.91532 0.8455 0.025745 0.91389 0 1 2 3 19 39 74 126 143 221 372 
10 64 100 13.031 0.8795 0.021131 1.1632 0.8799 0.019706 1.1698 0 0 1 0 12 22 53 99 136 234 443 
10 64 250 13.031 0.9385 0.0097375 2.0371 0.9408 0.0092646 2.0861 0 0 0 0 1 5 15 38 99 212 630 
10 64 500 13.031 0.9466 0.0084369 3.617 0.9502 0.0075075 3.662 0 0 0 0 1 4 9 32 92 192 670 
10 128 1 13.031 0.1374 0.017859 0.50429 0.128 0.015592 0.50774 298 329 185 120 41 17 6 2 2 0 0 
10 128 2 13.031 0.2066 0.029526 0.512 0.1987 0.025534 0.50143 180 268 209 155 99 48 18 17 3 2 1 
10 128 3 13.031 0.2613 0.03801 0.50316 0.2532 0.033683 0.50454 126 203 207 184 111 84 45 22 10 4 4 
10 128 4 13.031 0.3028 0.041834 0.50906 0.3011 0.038027 0.51078 90 155 204 189 142 101 58 30 19 5 7 
10 128 5 13.031 0.3397 0.046 0.51695 0.34 0.042843 0.51748 69 132 176 177 167 124 66 42 27 12 8 
10 128 8 13.031 0.4248 0.051436 0.53817 0.4292 0.051078 0.53995 32 77 126 164 176 142 121 77 35 32 18 
10 128 10 13.031 0.4676 0.052823 0.5541 0.4762 0.051765 0.55618 21 54 108 140 168 173 114 102 56 37 27 
10 128 12 13.031 0.5079 0.05262 0.56555 0.513 0.051943 0.56633 13 40 78 125 166 176 130 110 82 42 38 
10 128 20 13.031 0.6168 0.054312 0.70329 0.6141 0.04876 0.66096 5 18 41 71 114 155 136 137 140 101 82 
10 128 25 13.031 0.6644 0.051844 0.70635 0.6602 0.045662 0.72144 3 13 26 54 90 128 138 159 143 128 118 
10 128 50 13.031 0.7915 0.037035 0.92662 0.7892 0.033136 0.92516 0 1 6 14 45 57 106 148 158 191 274 
10 128 75 13.031 0.854 0.02611 1.1516 0.851 0.024323 1.2348 0 0 2 2 15 40 68 122 143 216 392 
10 128 100 13.031 0.8903 0.018735 1.375 0.8898 0.017834 1.3736 0 0 0 2 7 15 46 92 140 226 472 
10 128 250 13.031 0.9654 0.0049678 2.6573 0.9669 0.0043788 2.6792 0 0 0 0 0 1 5 15 50 176 753 
10 128 500 13.031 0.9856 0.0016943 4.9259 0.9868 0.0015673 4.9095 0 0 0 0 0 0 0 3 14 107 876 
10 256 1 13.031 0.1374 0.017859 0.61019 0.128 0.015592 0.62087 298 329 185 120 41 17 6 2 2 0 0 
10 256 2 13.031 0.2066 0.029526 0.62088 0.1987 0.025534 0.62127 180 268 209 155 99 48 18 17 3 2 1 
10 256 3 13.031 0.2613 0.03801 0.63043 0.2532 0.033683 0.64792 126 203 207 184 111 84 45 22 10 4 4 
10 256 4 13.031 0.3028 0.041834 0.66385 0.3011 0.038027 0.64915 90 155 204 189 142 101 58 30 19 5 7 
10 256 5 13.031 0.3397 0.046 0.68694 0.34 0.042843 0.68632 69 132 176 177 167 124 66 42 27 12 8 
10 256 8 13.031 0.4248 0.051436 0.68136 0.4292 0.051078 0.67936 32 77 126 164 176 142 121 77 35 32 18 
10 256 10 13.031 0.4676 0.052823 0.69525 0.4762 0.051765 0.69351 21 54 108 140 168 173 114 102 56 37 27 
10 256 12 13.031 0.5079 0.05262 0.75311 0.513 0.051943 0.75161 13 40 78 125 166 176 130 110 82 42 38 
10 256 20 13.031 0.6168 0.054312 0.78429 0.6141 0.04876 0.78391 5 18 41 71 114 155 136 137 140 101 82 
10 256 25 13.031 0.6645 0.051882 0.8253 0.6602 0.045662 0.82805 3 13 26 54 90 128 138 159 142 129 118 
10 256 50 13.031 0.7917 0.036998 1.0515 0.7894 0.033021 1.0413 0 1 6 14 44 58 106 148 158 190 275 
10 256 75 13.031 0.855 0.025881 1.2601 0.8512 0.024283 1.257 0 0 2 2 14 40 68 119 146 215 394 
10 256 100 13.031 0.8919 0.018523 1.4934 0.89 0.017898 1.4762 0 0 0 2 7 15 44 89 141 225 477 
10 256 250 13.031 0.9694 0.004328 2.8196 0.9696 0.00412 2.6899 0 0 0 0 0 1 4 11 43 166 775 
10 256 500 13.031 0.9935 0.00066842 4.3282 0.9933 0.00074586 4.514 0 0 0 0 0 0 0 0 3 59 938 
10 512 1 13.031 0.1374 0.017859 0.83165 0.128 0.015592 0.83808 298 329 185 120 41 17 6 2 2 0 0 
10 512 2 13.031 0.2066 0.029526 0.85355 0.1987 0.025534 0.85545 180 268 209 155 99 48 18 17 3 2 1 
10 512 3 13.031 0.2613 0.03801 0.86767 0.2532 0.033683 0.86316 126 203 207 184 111 84 45 22 10 4 4 
10 512 4 13.031 0.3028 0.041834 0.86822 0.3011 0.038027 0.86698 90 155 204 189 142 101 58 30 19 5 7 
10 512 5 13.031 0.3397 0.046 0.87247 0.34 0.042843 0.898 69 132 176 177 167 124 66 42 27 12 8 
10 512 8 13.031 0.4248 0.051436 0.95706 0.4292 0.051078 0.90558 32 77 126 164 176 142 121 77 35 32 18 
10 512 10 13.031 0.4676 0.052823 0.94827 0.4762 0.051765 0.93109 21 54 108 140 168 173 114 102 56 37 27 
10 512 12 13.031 0.5079 0.05262 0.9294 0.513 0.051943 0.91345 13 40 78 125 166 176 130 110 82 42 38 
10 512 20 13.031 0.6168 0.054312 0.96806 0.6141 0.04876 1.0166 5 18 41 71 114 155 136 137 140 101 82 
10 512 25 13.031 0.6645 0.051882 1.0089 0.6603 0.04564 1.0037 3 13 26 54 90 128 138 159 142 129 118 
10 512 50 13.031 0.7917 0.036998 1.1845 0.7895 0.033053 1.1765 0 1 6 14 44 58 106 148 158 190 275 
10 512 75 13.031 0.855 0.025881 1.3663 0.8513 0.024303 1.3943 0 0 2 2 14 40 68 119 146 215 394 
10 512 100 13.031 0.8919 0.018523 1.5689 0.8901 0.01791 1.5739 0 0 0 2 7 15 44 89 141 225 477 
10 512 250 13.031 0.9694 0.004328 2.7214 0.9698 0.0041121 3.2524 0 0 0 0 0 1 4 11 43 166 775 
10 512 500 13.031 0.9937 0.00065096 5.5077 0.9935 0.00072848 5.4556 0 0 0 0 0 0 0 0 3 57 940 
10 1024 1 13.031 0.1374 0.017859 1.1863 0.128 0.015592 1.1912 298 329 185 120 41 17 6 2 2 0 0 
10 1024 2 13.031 0.2066 0.029526 1.1945 0.1987 0.025534 1.1892 180 268 209 155 99 48 18 17 3 2 1 
10 1024 3 13.031 0.2613 0.03801 1.2498 0.2532 0.033683 1.2455 126 203 207 184 111 84 45 22 10 4 4 
10 1024 4 13.031 0.3028 0.041834 1.2164 0.3011 0.038027 1.2151 90 155 204 189 142 101 58 30 19 5 7 
10 1024 5 13.031 0.3397 0.046 1.2189 0.34 0.042843 1.2274 69 132 176 177 167 124 66 42 27 12 8 
10 1024 8 13.031 0.4248 0.051436 1.2511 0.4292 0.051078 1.2664 32 77 126 164 176 142 121 77 35 32 18 
10 1024 10 13.031 0.4676 0.052823 1.2603 0.4762 0.051765 1.2728 21 54 108 140 168 173 114 102 56 37 27 
10 1024 12 13.031 0.5079 0.05262 1.4252 0.513 0.051943 1.3428 13 40 78 125 166 176 130 110 82 42 38 
10 1024 20 13.031 0.6168 0.054312 1.3365 0.6141 0.04876 1.5428 5 18 41 71 114 155 136 137 140 101 82 
10 1024 25 13.031 0.6645 0.051882 1.4515 0.6603 0.04564 1.3961 3 13 26 54 90 128 138 159 142 129 118 
10 1024 50 13.031 0.7917 0.036998 1.5175 0.7895 0.033053 1.5008 0 1 6 14 44 58 106 148 158 190 275 
10 1024 75 13.031 0.855 0.025881 1.9393 0.8513 0.024303 1.9164 0 0 2 2 14 40 68 119 146 215 394 
10 1024 100 13.031 0.8919 0.018523 2.0487 0.8901 0.01791 2.0123 0 0 0 2 7 15 44 89 141 225 477 
10 1024 250 13.031 0.9694 0.004328 3.6978 0.9698 0.0041121 3.3196 0 0 0 0 0 1 4 11 43 166 775 
10 1024 500 13.031 0.9937 0.00065096 5.6411 0.9935 0.00072848 4.7022 0 0 0 0 0 0 0 0 3 57 940 
10 2048 1 13.031 0.1374 0.017859 1.3565 0.128 0.015592 1.3627 298 329 185 120 41 17 6 2 2 0 0 
10 2048 2 13.031 0.2066 0.029526 1.4052 0.1987 0.025534 1.4206 180 268 209 155 99 48 18 17 3 2 1 
10 2048 3 13.031 0.2613 0.03801 1.392 0.2532 0.033683 1.3689 126 203 207 184 111 84 45 22 10 4 4 
10 2048 4 13.031 0.3028 0.041834 1.4482 0.3011 0.038027 1.389 90 155 204 189 142 101 58 30 19 5 7 
10 2048 5 13.031 0.3397 0.046 1.428 0.34 0.042843 1.4221 69 132 176 177 167 124 66 42 27 12 8 
10 2048 8 13.031 0.4248 0.051436 1.4507 0.4292 0.051078 1.4192 32 77 126 164 176 142 121 77 35 32 18 
10 2048 10 13.031 0.4676 0.052823 1.4118 0.4762 0.051765 1.4299 21 54 108 140 168 173 114 102 56 37 27 
10 2048 12 13.031 0.5079 0.05262 1.415 0.513 0.051943 1.4081 13 40 78 125 166 176 130 110 82 42 38 
10 2048 20 13.031 0.6168 0.054312 1.4662 0.6141 0.04876 1.4571 5 18 41 71 114 155 136 137 140 101 82 
10 2048 25 13.031 0.6645 0.051882 1.4924 0.6603 0.04564 1.4866 3 13 26 54 90 128 138 159 142 129 118 
10 2048 50 13.031 0.7917 0.036998 1.6824 0.7895 0.033053 1.6658 0 1 6 14 44 58 106 148 158 190 275 
10 2048 75 13.031 0.855 0.025881 1.8177 0.8513 0.024303 1.8195 0 0 2 2 14 40 68 119 146 215 394 
10 2048 100 13.031 0.8919 0.018523 2.1377 0.8901 0.01791 2.0008 0 0 0 2 7 15 44 89 141 225 477 
10 2048 250 13.031 0.9694 0.004328 2.9852 0.9698 0.0041121 2.9733 0 0 0 0 0 1 4 11 43 166 775 
10 2048 500 13.031 0.9937 0.00065096 4.8263 0.9935 0.00072848 4.8081 0 0 0 0 0 0 0 0 3 57 940 
10 4096 1 13.031 0.1374 0.017859 1.4263 0.128 0.015592 1.4234 298 329 185 120 41 17 6 2 2 0 0 
10 4096 2 13.031 0.2066 0.029526 1.4272 0.1987 0.025534 1.4368 180 268 209 155 99 48 18 17 3 2 1 
10 4096 3 13.031 0.2613 0.03801 1.4734 0.2532 0.033683 1.4311 126 203 207 184 111 84 45 22 10 4 4 
10 4096 4 13.031 0.3028 0.041834 1.4905 0.3011 0.038027 1.4572 90 155 204 189 142 101 58 30 19 5 7 
10 4096 5 13.031 0.3397 0.046 1.4719 0.34 0.042843 1.458 69 132 176 177 167 124 66 42 27 12 8 
10 4096 8 13.031 0.4248 0.051436 1.4949 0.4292 0.051078 1.4655 32 77 126 164 176 142 121 77 35 32 18 
10 4096 10 13.031 0.4676 0.052823 1.4777 0.4762 0.051765 1.475 21 54 108 140 168 173 114 102 56 37 27 
10 4096 12 13.031 0.5079 0.05262 1.4914 0.513 0.051943 1.5132 13 40 78 125 166 176 130 110 82 42 38 
10 4096 20 13.031 0.6168 0.054312 1.6037 0.6141 0.04876 1.5803 5 18 41 71 114 155 136 137 140 101 82 
10 4096 25 13.031 0.6645 0.051882 1.5747 0.6603 0.04564 1.5718 3 13 26 54 90 128 138 159 142 129 118 
10 4096 50 13.031 0.7917 0.036998 1.7718 0.7895 0.033053 1.7947 0 1 6 14 44 58 106 148 158 190 275 
10 4096 75 13.031 0.855 0.025881 1.9091 0.8513 0.024303 1.8986 0 0 2 2 14 40 68 119 146 215 394 
10 4096 100 13.031 0.8919 0.018523 2.0923 0.8901 0.01791 2.0638 0 0 0 2 7 15 44 89 141 225 477 
10 4096 250 13.031 0.9694 0.004328 3.0501 0.9698 0.0041121 3.0469 0 0 0 0 0 1 4 11 43 166 775 
10 4096 500 13.031 0.9937 0.00065096 5.0867 0.9935 0.00072848 4.9252 0 0 0 0 0 0 0 0 3 57 940 
10 8192 1 13.031 0.1374 0.017859 1.5548 0.128 0.015592 1.5575 298 329 185 120 41 17 6 2 2 0 0 
10 8192 2 13.031 0.2066 0.029526 1.5572 0.1987 0.025534 1.5621 180 268 209 155 99 48 18 17 3 2 1 
10 8192 3 13.031 0.2613 0.03801 1.627 0.2532 0.033683 1.6132 126 203 207 184 111 84 45 22 10 4 4 
10 8192 4 13.031 0.3028 0.041834 1.5856 0.3011 0.038027 1.5819 90 155 204 189 142 101 58 30 19 5 7 
10 8192 5 13.031 0.3397 0.046 1.5873 0.34 0.042843 1.5795 69 132 176 177 167 124 66 42 27 12 8 
10 8192 8 13.031 0.4248 0.051436 1.6067 0.4292 0.051078 1.6044 32 77 126 164 176 142 121 77 35 32 18 
10 8192 10 13.031 0.4676 0.052823 1.6144 0.4762 0.051765 1.632 21 54 108 140 168 173 114 102 56 37 27 
10 8192 12 13.031 0.5079 0.05262 1.6918 0.513 0.051943 1.6749 13 40 78 125 166 176 130 110 82 42 38 
10 8192 20 13.031 0.6168 0.054312 1.7176 0.6141 0.04876 1.6875 5 18 41 71 114 155 136 137 140 101 82 
10 8192 25 13.031 0.6645 0.051882 1.7132 0.6603 0.04564 1.7093 3 13 26 54 90 128 138 159 142 129 118 
10 8192 50 13.031 0.7917 0.036998 1.8774 0.7895 0.033053 1.8794 0 1 6 14 44 58 106 148 158 190 275 
10 8192 75 13.031 0.855 0.025881 2.0508 0.8513 0.024303 2.0276 0 0 2 2 14 40 68 119 146 215 394 
10 8192 100 13.031 0.8919 0.018523 2.2859 0.8901 0.01791 2.2254 0 0 0 2 7 15 44 89 141 225 477 
10 8192 250 13.031 0.9694 0.004328 3.1939 0.9698 0.0041121 3.2072 0 0 0 0 0 1 4 11 43 166 775 
10 8192 500 13.031 0.9937 0.00065096 5.0224 0.9935 0.00072848 5.0329 0 0 0 0 0 0 0 0 3 57 940 
