	k	n_trees	depth	sparsity	v	build_time	recall	var_recall	query_time	cs_size	val_recall	val_var_recall	val_query_time	r0	r1	r2	r3	r4	r5	r6	r7	r8	r9	r10
0	10	1	6	0.0323	1	0.0303771	0.1217	0.027366	0.66231	1562.5	0.1209	0.025359	0.70691	429	284	138	64	34	21	11	6	5	4	4
1	10	1	7	0.0323	1	0.0374139	0.0842	0.016627	0.34114	781.25	0.0821	0.016606	0.33795	538	261	117	37	28	8	3	2	3	2	1
2	10	1	8	0.0323	1	0.0735782	0.0625	0.013237	0.18994	390.62	0.0527	0.008321	0.17696	634	227	87	25	11	7	3	0	3	2	1
3	10	1	9	0.0323	1	0.0650616	0.0449	0.0092432	0.10422	195.31	0.0393	0.0084139	0.10198	724	181	60	16	7	6	2	2	2	0	0
4	10	1	10	0.0323	1	0.0878429	0.0281	0.0054058	0.064138	97.65	0.0245	0.0030728	0.061385	810	135	37	11	3	1	1	0	2	0	0
5	10	1	11	0.0323	1	0.133952	0.0183	0.0030982	0.043999	48.829	0.0158	0.0023527	0.042187	863	106	24	4	1	1	0	0	1	0	0
6	10	1	12	0.0323	1	0.168426	0.0146	0.0022691	0.033433	24.415	0.011	0.0018208	0.031458	888	88	19	2	1	2	0	0	0	0	0
7	10	5	6	0.0323	1	0.0498934	0.4118	0.060021	3.5256	7057.1	0.407	0.056107	3.4946	37	91	142	199	152	122	96	49	37	37	38
12	10	5	7	0.0323	1	0.0692065	0.3122	0.053705	1.8663	3664.3	0.3006	0.051571	1.8569	89	182	201	173	117	86	57	32	26	23	14
17	10	5	8	0.0323	1	0.0766221	0.2243	0.044824	0.91339	1868.3	0.2185	0.040628	0.97047	172	296	199	120	82	49	27	21	13	7	14
22	10	5	9	0.0323	1	0.151566	0.1538	0.032018	0.5824	949.52	0.1627	0.03165	0.82635	325	306	164	93	39	23	18	17	11	1	3
27	10	5	10	0.0323	1	0.148954	0.1125	0.023077	0.26089	480.0	0.1093	0.020644	0.25009	427	309	150	42	28	16	13	4	7	4	0
32	10	5	11	0.0323	1	0.248949	0.0771	0.01424	0.15907	241.29	0.0758	0.013828	0.13821	548	283	95	38	17	9	4	2	3	1	0
37	10	5	12	0.0323	1	0.241621	0.0516	0.0091065	0.095443	121.03	0.0482	0.0089457	0.093592	676	212	65	29	9	6	1	1	1	0	0
42	10	10	6	0.0323	1	0.0629829	0.5774	0.055805	6.5565	12624.0	0.5933	0.055581	6.3671	2	21	60	102	129	164	151	116	107	63	85
52	10	10	7	0.0323	1	0.0689756	0.4793	0.059501	3.4459	6868.4	0.4742	0.062837	3.415	12	60	112	151	164	146	111	89	65	39	51
62	10	10	8	0.0323	1	0.117209	0.3569	0.058131	1.8399	3590.4	0.3509	0.055815	1.8337	67	126	192	179	136	113	57	44	37	23	26
72	10	10	9	0.0323	1	0.108353	0.2621	0.047341	0.89638	1832.8	0.2601	0.048166	0.95898	143	208	217	174	85	57	49	31	15	9	12
82	10	10	10	0.0323	1	0.200685	0.1814	0.034288	0.48691	936.61	0.1823	0.036994	0.4732	254	297	187	103	72	36	18	15	11	5	2
92	10	10	11	0.0323	1	0.270884	0.137	0.02886	0.30292	475.1	0.1306	0.025349	0.30014	386	279	148	91	37	19	18	13	4	2	3
102	10	10	12	0.0323	1	0.333552	0.0914	0.018184	0.16867	239.59	0.086	0.01626	0.14169	511	285	92	61	25	8	10	5	1	1	1
112	10	25	6	0.0323	1	0.0767143	0.8217	0.027647	12.514	24760.0	0.8115	0.031209	12.451	0	0	0	7	22	46	92	131	197	217	288
130	10	25	7	0.0323	1	0.104033	0.699	0.045204	7.4206	14378.0	0.6994	0.045966	7.2734	1	5	10	35	95	114	144	154	152	148	142
148	10	25	8	0.0323	1	0.119254	0.5828	0.057101	4.0874	7978.6	0.5796	0.058703	3.9312	6	19	50	113	119	161	148	116	111	69	88
166	10	25	9	0.0323	1	0.171476	0.4536	0.061729	2.1966	4247.1	0.4495	0.064504	2.1628	19	82	131	157	151	131	101	89	59	39	41
184	10	25	10	0.0323	1	0.256917	0.3504	0.0605	1.1719	2219.6	0.3388	0.056371	1.1263	68	157	194	153	126	109	58	50	38	21	26
202	10	25	11	0.0323	1	0.430607	0.2536	0.049757	0.60951	1143.8	0.2457	0.046248	0.64292	165	225	203	151	86	62	36	29	16	19	8
220	10	25	12	0.0323	1	0.348078	0.1926	0.038964	0.37443	582.84	0.1782	0.033358	0.37144	246	279	190	125	63	27	29	13	17	6	5
238	10	50	6	0.0323	1	0.102865	0.9147	0.013027	19.287	36983.0	0.9145	0.011972	18.961	0	0	0	0	2	6	24	78	120	241	529
256	10	50	7	0.0323	1	0.142683	0.8324	0.02956	11.795	23101.0	0.8317	0.025831	11.554	0	1	0	7	24	45	87	126	150	223	337
274	10	50	8	0.0323	1	0.18963	0.7398	0.043379	7.0624	13594.0	0.7272	0.042503	6.9421	0	2	11	26	65	95	132	149	161	152	207
292	10	50	9	0.0323	1	0.285742	0.6266	0.056489	3.8808	7573.3	0.6099	0.057449	3.779	3	12	36	89	112	144	144	126	120	99	115
310	10	50	10	0.0323	1	0.423318	0.502	0.062919	2.1572	4103.4	0.4942	0.064891	2.1201	15	55	90	153	150	129	128	92	81	49	58
328	10	50	11	0.0323	1	0.571345	0.3886	0.061872	1.1672	2167.5	0.3924	0.062845	1.183	44	117	182	166	150	104	76	54	42	33	32
346	10	50	12	0.0323	1	0.706603	0.2909	0.056324	0.67721	1124.4	0.2853	0.055329	0.63674	128	209	175	161	116	66	54	31	27	14	19
364	10	75	6	0.0323	1	0.160207	0.9514	0.0071452	23.033	44749.0	0.9464	0.0067338	22.733	0	0	0	0	0	4	4	28	84	198	682
382	10	75	7	0.0323	1	0.221534	0.9022	0.015731	15.351	29574.0	0.8938	0.015978	15.053	0	0	0	0	2	16	36	73	150	223	500
400	10	75	8	0.0323	1	0.295012	0.8225	0.027331	9.4535	18107.0	0.8142	0.030249	9.2311	0	0	0	8	17	49	87	142	192	214	291
418	10	75	9	0.0323	1	0.428843	0.711	0.046946	5.4021	10413.0	0.7006	0.048568	5.3097	1	7	9	46	68	103	159	139	140	167	161
436	10	75	10	0.0323	1	0.691239	0.6031	0.059019	3.049	5769.2	0.5904	0.061009	2.9559	3	12	57	98	125	145	132	138	88	96	106
454	10	75	11	0.0323	1	1.09602	0.4815	0.064232	1.6691	3092.9	0.4576	0.060583	1.6636	16	59	123	140	175	139	76	100	59	63	50
472	10	75	12	0.0323	1	1.13822	0.3664	0.062674	1.0105	1629.7	0.364	0.061325	0.99011	70	145	152	177	141	86	86	59	24	31	29
490	10	100	6	0.0323	1	0.19255	0.9631	0.0048933	27.144	49839.0	0.9619	0.0050835	25.604	0	0	0	0	0	0	5	8	74	177	736
508	10	100	7	0.0323	1	0.259102	0.9297	0.0096375	17.785	34368.0	0.9267	0.0095066	17.513	0	0	0	0	0	4	14	44	121	253	564
526	10	100	8	0.0323	1	0.377811	0.8624	0.022429	11.378	21723.0	0.8627	0.02146	11.054	0	0	2	1	10	21	74	112	162	232	386
544	10	100	9	0.0323	1	0.566527	0.7712	0.037448	6.6438	12773.0	0.7578	0.038297	6.4827	0	0	9	14	47	81	109	143	200	166	231
562	10	100	10	0.0323	1	0.826866	0.6583	0.051803	3.8907	7261.2	0.6525	0.053587	3.762	0	9	32	48	111	137	154	137	119	128	125
580	10	100	11	0.0323	1	1.26726	0.5384	0.065551	2.142	3958.9	0.5342	0.063394	2.1331	8	43	83	128	166	101	134	105	81	75	76
598	10	100	12	0.0323	1	1.37597	0.4253	0.064374	1.282	2109.5	0.4128	0.065702	1.2645	30	108	158	152	120	134	102	65	55	44	32
616	10	125	6	0.0323	1	0.226176	0.9685	0.0041019	27.454	53218.0	0.9704	0.0038477	27.032	0	0	0	0	0	1	1	13	42	183	760
634	10	125	7	0.0323	1	0.335702	0.9442	0.0077942	19.984	38046.0	0.9389	0.0083251	19.747	0	0	0	0	0	4	6	34	88	236	632
652	10	125	8	0.0323	1	0.446524	0.8951	0.015902	12.85	24896.0	0.8873	0.017746	12.562	0	0	0	1	2	14	35	92	143	258	455
670	10	125	9	0.0323	1	0.718755	0.8138	0.029139	7.9149	14972.0	0.8027	0.031955	7.7145	0	0	3	4	15	68	100	136	177	218	279
688	10	125	10	0.0323	1	1.11075	0.7091	0.046994	4.6751	8621.6	0.7023	0.049134	4.4289	0	4	16	34	79	121	137	148	157	122	182
706	10	125	11	0.0323	1	1.64638	0.5917	0.060422	2.7617	4765.0	0.5858	0.06128	2.723	1	28	54	95	133	157	121	121	98	98	94
724	10	125	12	0.0323	1	1.80148	0.4767	0.065933	1.557	2565.4	0.4627	0.063843	1.4798	15	81	112	160	138	124	100	100	72	46	52
742	10	150	6	0.0323	1	0.255004	0.9766	0.0031356	29.368	56881.0	0.9792	0.0025899	29.649	0	0	0	0	0	0	2	7	34	137	820
760	10	150	7	0.0323	1	0.371189	0.9553	0.0062582	21.7	41253.0	0.9542	0.0058082	22.726	0	0	0	0	0	2	5	22	73	205	693
778	10	150	8	0.0323	1	0.515144	0.9093	0.013717	14.352	27400.0	0.9093	0.012796	14.024	0	0	0	2	1	7	23	77	147	235	508
796	10	150	9	0.0323	1	0.807051	0.842	0.024661	9.1101	16936.0	0.8351	0.025083	8.3152	0	0	2	3	10	45	70	122	185	242	321
814	10	150	10	0.0323	1	1.24294	0.7417	0.042474	6.1744	9881.6	0.7407	0.040834	5.1713	0	3	5	26	65	96	139	152	147	158	209
832	10	150	11	0.0323	1	1.83799	0.6263	0.057496	3.173	5521.1	0.6213	0.058315	3.0704	1	16	43	72	125	143	143	122	120	92	123
850	10	150	12	0.0323	1	1.97172	0.515	0.063799	1.844	2999.8	0.5075	0.063477	1.7025	9	43	104	142	153	132	118	91	80	64	64
868	10	200	6	0.0323	1	0.365296	0.9832	0.0020598	32.391	61679.0	0.983	0.0022332	31.939	0	0	0	0	0	0	0	4	21	114	861
886	10	200	7	0.0323	1	0.474533	0.9692	0.0040955	24.032	46301.0	0.9659	0.0041513	23.536	0	0	0	0	0	1	3	7	49	172	768
904	10	200	8	0.0323	1	0.731392	0.9335	0.009277	16.857	31700.0	0.9304	0.0098657	16.511	0	0	0	0	1	3	15	36	109	258	578
922	10	200	9	0.0323	1	1.05388	0.8766	0.019031	10.572	20188.0	0.8738	0.019954	9.8247	0	0	0	2	3	19	62	95	161	252	406
940	10	200	10	0.0323	1	1.71584	0.801	0.03137	6.9759	12136.0	0.7924	0.033276	6.3477	0	0	2	6	32	65	107	138	184	205	261
958	10	200	11	0.0323	1	2.50667	0.6934	0.048565	3.9819	6912.2	0.6865	0.047756	3.7118	0	4	23	47	73	134	129	155	144	140	151
976	10	200	12	0.0323	1	2.59233	0.5741	0.061741	2.3107	3823.0	0.5707	0.060312	2.2427	5	33	57	116	132	133	135	116	111	77	85
994	10	250	6	0.0323	1	0.427066	0.9854	0.0018687	33.91	64844.0	0.9863	0.001684	33.334	0	0	0	0	0	0	0	2	25	90	883
1012	10	250	7	0.0323	1	0.633847	0.9741	0.0035427	26.635	50059.0	0.9759	0.002812	26.118	0	0	0	0	0	0	2	10	39	143	806
1030	10	250	8	0.0323	1	0.877582	0.9494	0.0064661	18.503	35298.0	0.9481	0.0068833	18.212	0	0	0	0	0	1	4	22	98	223	652
1048	10	250	9	0.0323	1	1.33054	0.9057	0.014032	12.408	23019.0	0.8991	0.014344	11.887	0	0	0	0	0	12	26	85	143	238	496
1066	10	250	10	0.0323	1	2.12723	0.8309	0.026241	7.9821	14036.0	0.8265	0.028396	7.4676	0	0	1	2	15	43	99	132	180	212	316
1084	10	250	11	0.0323	1	3.03744	0.7314	0.043377	4.6249	8165.0	0.7256	0.044549	4.3453	0	1	8	32	70	99	146	140	163	144	197
1102	10	250	12	0.0323	1	3.17909	0.6223	0.058431	3.1306	4583.5	0.6128	0.057754	2.7049	1	14	41	101	115	130	133	135	117	95	118
1120	10	300	6	0.0323	1	0.519652	0.9868	0.0015873	35.33	66905.0	0.9873	0.0014702	39.365	0	0	0	0	0	0	0	1	19	91	889
1138	10	300	7	0.0323	1	0.711989	0.9797	0.0026205	27.9	52850.0	0.9794	0.0024981	27.444	0	0	0	0	0	0	0	6	32	121	841
1156	10	300	8	0.0323	1	1.13553	0.9604	0.0054373	20.747	38080.0	0.9587	0.00565	19.937	0	0	0	0	0	1	6	16	58	203	716
1174	10	300	9	0.0323	1	1.62642	0.9245	0.01058	13.863	25417.0	0.9171	0.01271	12.991	0	0	0	0	2	4	17	43	135	256	543
1192	10	300	10	0.0323	1	2.50084	0.8522	0.023338	8.6123	15795.0	0.8507	0.023543	8.2172	0	0	0	3	20	28	54	124	180	249	342
1210	10	300	11	0.0323	1	3.56924	0.7656	0.039136	5.2992	9326.1	0.7593	0.038872	5.1436	0	3	2	21	49	88	120	132	194	156	235
1228	10	300	12	0.0323	1	3.65526	0.6523	0.054609	3.1053	5284.6	0.6551	0.054268	3.0754	0	11	29	76	104	137	130	126	142	123	122
1246	10	350	6	0.0323	1	0.666979	0.9882	0.0015423	36.619	69164.0	0.9892	0.0012246	36.045	0	0	0	0	0	0	0	3	16	77	904
1264	10	350	7	0.0323	1	0.843411	0.9815	0.00225	29.242	55254.0	0.982	0.0022583	28.719	0	0	0	0	0	0	0	3	28	120	849
1282	10	350	8	0.0323	1	1.18492	0.9649	0.0044224	20.863	40628.0	0.9665	0.0045323	19.97	0	0	0	0	0	0	1	11	68	178	742
1300	10	350	9	0.0323	1	1.90232	0.9349	0.0094615	16.024	27539.0	0.9333	0.00891	15.052	0	0	0	0	2	2	12	46	99	245	594
1318	10	350	10	0.0323	1	2.85473	0.8806	0.018622	9.4907	17426.0	0.873	0.020131	9.0123	0	0	0	0	6	20	54	91	159	251	419
1336	10	350	11	0.0323	1	4.01843	0.789	0.034493	5.8932	10378.0	0.7887	0.032335	5.5516	0	0	2	14	31	75	124	142	159	195	258
1354	10	350	12	0.0323	1	4.17731	0.6992	0.049149	4.1566	5959.5	0.6814	0.051445	3.9542	0	3	13	47	97	123	131	131	152	130	173
1372	10	400	6	0.0323	1	0.694552	0.9894	0.0012889	38.296	70715.0	0.9896	0.0012531	37.651	0	0	0	0	0	0	0	1	14	75	910
1390	10	400	7	0.0323	1	0.975099	0.9841	0.0019391	30.07	57377.0	0.9845	0.0018516	29.585	0	0	0	0	0	0	0	2	24	105	869
1408	10	400	8	0.0323	1	1.43221	0.9706	0.0037794	23.409	42791.0	0.9696	0.0038997	22.253	0	0	0	0	0	0	0	11	52	157	780
1426	10	400	9	0.0323	1	2.05933	0.9422	0.007827	15.893	29379.0	0.9369	0.0088973	15.399	0	0	0	0	0	0	9	33	116	211	631
1444	10	400	10	0.0323	1	3.3301	0.8943	0.015473	10.43	18834.0	0.8847	0.017413	10.007	0	0	0	0	3	13	35	90	148	268	443
1462	10	400	11	0.0323	1	4.63656	0.8171	0.028947	6.8769	11391.0	0.8088	0.031834	6.3964	0	0	2	6	16	53	110	137	181	197	298
1480	10	400	12	0.0323	1	4.77616	0.7163	0.047412	4.1814	6605.5	0.7115	0.046064	4.0822	0	2	17	41	79	100	135	134	168	144	180
1498	10	500	6	0.0323	1	0.880708	0.9899	0.0012292	39.353	72993.0	0.9905	0.0011009	40.062	0	0	0	0	0	0	0	1	13	72	914
1516	10	500	7	0.0323	1	1.18741	0.9851	0.0018098	33.011	60491.0	0.9868	0.0015473	32.054	0	0	0	0	0	0	0	3	18	104	875
1534	10	500	8	0.0323	1	1.70298	0.9778	0.00281	24.67	46214.0	0.9772	0.0029631	23.832	0	0	0	0	0	0	1	7	27	143	822
1552	10	500	9	0.0323	1	2.55291	0.9523	0.0068616	17.532	32562.0	0.9549	0.0057618	17.072	0	0	0	0	0	3	4	25	89	193	686
1570	10	500	10	0.0323	1	3.92655	0.9101	0.012941	11.866	21330.0	0.9071	0.013633	11.316	0	0	0	0	0	8	25	73	152	236	506
1588	10	500	11	0.0323	1	5.35802	0.8459	0.025569	7.86	13172.0	0.8419	0.02578	7.1849	0	0	0	2	18	45	65	126	164	228	352
1606	10	500	12	0.0323	1	5.85935	0.7578	0.040119	4.8612	7776.7	0.7591	0.037234	4.7361	0	2	12	24	37	83	128	169	154	176	215
