	k	n_trees	depth	sparsity	v	build_time	recall	var_recall	query_time	cs_size	val_recall	val_var_recall	val_query_time	r0	r1	r2	r3	r4	r5	r6	r7	r8	r9	r10
0	10	1	6	0.0323	1	0.377951	0.0975	0.020664	0.66634	1562.5	0.0944	0.017867	0.71576	483	294	124	46	22	8	10	5	3	2	3
1	10	1	7	0.0323	1	0.427731	0.0618	0.010291	0.3382	781.26	0.0654	0.0097526	0.33399	612	249	92	23	12	7	2	3	0	0	0
2	10	1	8	0.0323	1	0.476757	0.0461	0.007172	0.18531	390.6	0.0426	0.0078331	0.18161	685	222	60	23	4	3	2	1	0	0	0
3	10	1	9	0.0323	1	0.518731	0.0269	0.0040905	0.10459	195.32	0.0238	0.0031567	0.10309	801	153	31	9	3	3	0	0	0	0	0
4	10	1	10	0.0323	1	0.551994	0.0194	0.0027464	0.063703	97.648	0.0198	0.0035115	0.062449	850	118	23	6	3	0	0	0	0	0	0
5	10	1	11	0.0323	1	0.611944	0.0135	0.0020098	0.044022	48.816	0.0124	0.0012875	0.042294	895	84	14	6	0	1	0	0	0	0	0
6	10	1	12	0.0323	1	0.641364	0.0091	0.0013085	0.034074	24.42	0.0094	0.0012729	0.032648	925	64	8	2	0	1	0	0	0	0	0
7	10	5	6	0.0323	1	0.584759	0.3679	0.05059	3.7458	7435.4	0.3766	0.051204	3.65	48	122	166	183	162	116	91	44	33	20	15
12	10	5	7	0.0323	1	0.608792	0.2683	0.044009	1.959	3794.2	0.2635	0.039818	1.9353	131	186	224	176	117	68	40	20	15	17	6
17	10	5	8	0.0323	1	0.719712	0.1787	0.028865	0.98013	1919.8	0.1831	0.034058	0.97011	219	322	200	125	62	32	17	10	8	4	1
22	10	5	9	0.0323	1	0.743281	0.131	0.024263	0.50188	966.0	0.1247	0.021141	0.52122	361	307	175	81	33	13	12	8	6	3	1
27	10	5	10	0.0323	1	0.854372	0.0833	0.015627	0.26157	485.19	0.0815	0.013361	0.30042	537	272	96	53	22	7	8	2	2	1	0
32	10	5	11	0.0323	1	0.861851	0.0582	0.0094622	0.16601	243.19	0.0556	0.0090777	0.14577	623	255	74	30	9	4	2	3	0	0	0
37	10	5	12	0.0323	1	0.93626	0.0389	0.0054022	0.1117	121.73	0.0382	0.0064072	0.089188	717	204	64	8	3	3	1	0	0	0	0
42	10	10	6	0.0323	1	0.679707	0.5929	0.055956	7.4442	13996.0	0.5886	0.051381	6.6273	3	26	51	75	132	161	150	123	113	82	84
52	10	10	7	0.0323	1	0.764976	0.4407	0.054948	3.7455	7316.2	0.4508	0.056256	3.6785	17	78	127	175	163	135	121	74	42	37	31
62	10	10	8	0.0323	1	0.844555	0.3224	0.048146	1.9982	3759.8	0.3181	0.04775	1.9379	65	157	206	191	149	94	59	24	17	22	16
72	10	10	9	0.0323	1	0.902274	0.2333	0.03888	1.0178	1907.8	0.2246	0.039434	0.97953	162	239	216	159	96	51	33	20	11	10	3
82	10	10	10	0.0323	1	0.951721	0.1699	0.030875	0.98237	962.61	0.1607	0.030156	0.52814	286	253	218	117	67	19	11	11	12	3	3
92	10	10	11	0.0323	1	1.05252	0.1033	0.019178	0.30673	484.13	0.1022	0.018714	0.30168	465	283	131	61	23	19	11	4	3	0	0
102	10	10	12	0.0323	1	1.1479	0.0728	0.014214	0.19424	242.66	0.0732	0.013135	0.16651	583	248	104	28	18	9	5	1	3	0	1
112	10	25	6	0.0323	1	1.16008	0.8645	0.02027	14.878	29769.0	0.8592	0.022618	14.173	0	0	0	2	10	18	55	121	188	232	374
130	10	25	7	0.0323	1	1.41529	0.7361	0.037785	8.4152	16652.0	0.7314	0.039494	9.1601	0	0	10	21	48	105	144	174	173	155	170
148	10	25	8	0.0323	1	1.41948	0.571	0.054493	4.8406	8878.1	0.5662	0.054752	4.5233	3	24	61	97	136	159	154	126	103	66	71
166	10	25	9	0.0323	1	1.49167	0.427	0.058329	2.5339	4605.5	0.4401	0.05766	2.4291	26	88	138	162	182	141	79	70	37	43	34
184	10	25	10	0.0323	1	1.72297	0.3203	0.055373	1.5031	2356.6	0.3127	0.052761	1.3854	72	194	198	173	118	83	53	41	25	28	15
202	10	25	11	0.0323	1	1.80703	0.2217	0.043743	0.7619	1193.7	0.2203	0.038196	0.77428	199	252	219	119	79	46	33	22	14	10	7
220	10	25	12	0.0323	1	1.82237	0.1656	0.031909	0.49588	601.7	0.1576	0.030132	0.48876	300	289	174	99	56	38	20	9	11	3	1
238	10	50	6	0.0323	1	2.22351	0.9706	0.0036193	24.532	47883.0	0.9681	0.0041966	24.122	0	0	0	0	0	0	2	8	41	180	769
256	10	50	7	0.0323	1	2.55642	0.9033	0.014894	15.276	29018.0	0.8974	0.014648	17.359	0	0	0	0	4	11	34	69	147	251	484
274	10	50	8	0.0323	1	2.65542	0.7938	0.031453	8.628	16254.0	0.7865	0.033041	8.2247	0	1	2	12	28	58	108	159	197	192	243
292	10	50	9	0.0323	1	2.80065	0.6509	0.051311	4.8493	8740.7	0.6447	0.052965	4.5996	1	4	34	63	103	139	160	145	117	110	124
310	10	50	10	0.0323	1	2.91282	0.5055	0.061141	2.4796	4558.8	0.5043	0.059531	2.5717	15	45	85	146	162	163	112	91	62	56	63
328	10	50	11	0.0323	1	3.05405	0.3699	0.060164	1.3906	2341.2	0.3627	0.058517	1.3447	52	125	189	184	134	109	81	32	28	31	35
346	10	50	12	0.0323	1	2.9604	0.2633	0.050694	0.81531	1188.7	0.26	0.04981	0.77863	145	227	191	170	95	65	34	25	16	18	14
364	10	75	6	0.0323	1	3.48782	0.9925	0.00077452	33.364	59829.0	0.9926	0.00084609	34.28	0	0	0	0	0	0	0	0	4	67	929
382	10	75	7	0.0323	1	3.62071	0.9609	0.0050863	20.47	38662.0	0.9611	0.0050619	19.746	0	0	0	0	0	1	3	13	68	199	716
400	10	75	8	0.0323	1	3.78724	0.8861	0.017755	12.055	22619.0	0.8805	0.018308	11.611	0	0	0	1	7	16	40	92	164	246	434
418	10	75	9	0.0323	1	4.18723	0.7626	0.037859	6.8093	12471.0	0.7602	0.038194	7.0882	0	3	4	18	41	85	140	154	157	182	216
436	10	75	10	0.0323	1	4.62954	0.6207	0.054596	3.8081	6635.8	0.6099	0.05811	3.6448	0	12	44	78	125	145	150	126	119	96	105
454	10	75	11	0.0323	1	4.38362	0.4749	0.065225	2.14	3443.7	0.4774	0.063313	2.0182	21	72	106	154	158	131	118	77	61	39	63
472	10	75	12	0.0323	1	4.89614	0.3502	0.061181	1.3805	1762.2	0.3456	0.056878	1.4787	73	139	208	161	132	91	59	48	37	25	27
490	10	100	6	0.0323	1	4.34411	0.9982	0.00019696	34.945	67778.0	0.9979	0.00024584	34.289	0	0	0	0	0	0	0	0	1	16	983
508	10	100	7	0.0323	1	4.84302	0.9824	0.0022125	25.917	45995.0	0.9811	0.0023752	26.053	0	0	0	0	0	0	1	3	23	117	856
526	10	100	8	0.0323	1	5.12145	0.9344	0.0095262	16.352	28139.0	0.9334	0.009514	15.252	0	0	0	0	0	5	14	38	115	231	597
544	10	100	9	0.0323	1	5.42525	0.845	0.025501	8.7837	15937.0	0.8332	0.026785	8.3728	0	0	0	4	21	29	82	113	180	224	347
562	10	100	10	0.0323	1	5.68709	0.7007	0.047217	5.4618	8612.2	0.6928	0.050078	5.0879	0	4	17	37	80	127	148	150	136	133	168
580	10	100	11	0.0323	1	5.73688	0.5618	0.064005	3.2219	4511.0	0.5552	0.062676	3.2177	6	28	80	106	155	145	111	109	95	72	93
598	10	100	12	0.0323	1	6.09364	0.4275	0.064999	1.612	2322.9	0.4148	0.066928	1.7285	30	92	157	170	149	110	92	69	50	32	49
616	10	125	6	0.0323	1	5.79091	0.9987	0.00012844	42.583	73747.0	0.9987	0.00014846	39.559	0	0	0	0	0	0	0	0	0	13	987
634	10	125	7	0.0323	1	6.3771	0.9921	0.0009085	27.479	52208.0	0.9923	0.00091162	26.698	0	0	0	0	0	0	0	1	6	64	929
652	10	125	8	0.0323	1	6.57484	0.9598	0.0053493	17.558	33026.0	0.9579	0.0056633	16.924	0	0	0	0	0	1	3	16	71	195	714
670	10	125	9	0.0323	1	6.80243	0.8833	0.01915	10.547	19126.0	0.88	0.018899	9.9467	0	0	0	1	8	22	40	101	150	239	439
688	10	125	10	0.0323	1	7.361	0.7617	0.038181	6.0211	10481.0	0.7638	0.038108	5.846	0	1	1	27	48	83	119	163	171	167	220
706	10	125	11	0.0323	1	7.67264	0.6235	0.060038	3.3809	5542.9	0.6162	0.059317	3.2802	2	16	48	79	116	151	134	126	103	93	132
724	10	125	12	0.0323	1	8.19278	0.4808	0.065397	2.0814	2871.7	0.4751	0.067077	2.0434	17	52	121	173	157	128	91	83	61	58	59
742	10	150	6	0.0323	1	6.2319	0.9997	2.994e-05	41.29	78104.0	0.9999	1e-05	40.477	0	0	0	0	0	0	0	0	0	3	997
760	10	150	7	0.0323	1	6.76665	0.9969	0.00034073	32.423	57453.0	0.9968	0.00033009	31.584	0	0	0	0	0	0	0	0	2	27	971
778	10	150	8	0.0323	1	7.28545	0.9758	0.0031575	19.703	37260.0	0.974	0.0034274	19.037	0	0	0	0	0	0	3	7	27	155	808
796	10	150	9	0.0323	1	7.48002	0.9193	0.01201	12.652	22027.0	0.9177	0.01281	11.463	0	0	0	0	0	8	17	67	139	220	549
814	10	150	10	0.0323	1	7.95681	0.8149	0.031299	7.0831	12271.0	0.8131	0.03179	6.8387	0	0	3	10	27	54	94	120	188	213	291
832	10	150	11	0.0323	1	8.51852	0.6801	0.053948	4.5642	6545.6	0.6709	0.052636	4.6406	1	8	26	63	88	114	129	150	144	116	161
850	10	150	12	0.0323	1	8.56144	0.5284	0.06614	2.6561	3407.5	0.5253	0.068498	2.6223	8	39	102	131	149	148	106	85	89	61	82
868	10	200	6	0.0323	1	7.66738	0.9998	1.998e-05	46.297	84183.0	0.9998	1.998e-05	45.166	0	0	0	0	0	0	0	0	0	2	998
886	10	200	7	0.0323	1	8.55688	0.9995	4.98e-05	35.131	65226.0	0.9993	6.958e-05	33.592	0	0	0	0	0	0	0	0	0	5	995
904	10	200	8	0.0323	1	8.76785	0.9904	0.001169	26.778	44593.0	0.9893	0.0011967	24.952	0	0	0	0	0	0	1	1	6	77	915
922	10	200	9	0.0323	1	9.69986	0.9533	0.006856	15.187	27305.0	0.9552	0.0062592	14.325	0	0	0	0	1	2	5	22	87	191	692
940	10	200	10	0.0323	1	10.0871	0.8763	0.020969	9.2375	15603.0	0.876	0.021285	8.8155	0	1	1	1	6	19	60	106	151	222	433
958	10	200	11	0.0323	1	10.5625	0.7601	0.041219	5.596	8462.5	0.7592	0.040656	5.3351	0	1	5	21	55	89	138	143	148	151	249
976	10	200	12	0.0323	1	10.8467	0.6099	0.061293	4.0781	4457.3	0.6066	0.060997	3.1495	4	16	53	81	137	151	130	108	110	85	125
994	10	250	6	0.0323	1	9.43577	0.9999	1e-05	47.434	88093.0	0.9999	1e-05	45.959	0	0	0	0	0	0	0	0	0	1	999
1012	10	250	7	0.0323	1	10.1738	0.9993	6.958e-05	42.734	70982.0	0.9996	3.988e-05	33.074	0	0	0	0	0	0	0	0	0	7	993
1030	10	250	8	0.0323	1	10.8259	0.9952	0.00057754	27.03	50363.0	0.9966	0.00038883	25.932	0	0	0	0	0	0	0	0	6	36	958
1048	10	250	9	0.0323	1	11.4074	0.9738	0.003417	18.627	31927.0	0.9749	0.0032633	17.754	0	0	0	0	0	0	2	11	29	163	795
1066	10	250	10	0.0323	1	11.7684	0.9232	0.011974	10.885	18606.0	0.9167	0.013204	10.324	0	0	0	0	3	4	23	51	133	219	567
1084	10	250	11	0.0323	1	12.8745	0.8096	0.033581	7.4715	10275.0	0.8054	0.033705	6.3729	0	1	2	13	31	55	101	125	177	194	301
1102	10	250	12	0.0323	1	13.4592	0.669	0.056776	4.3638	5467.3	0.6703	0.0517	4.1687	1	7	36	72	79	126	151	124	119	127	158
1120	10	300	6	0.0323	1	10.9359	0.9999	1e-05	47.735	90592.0	0.9998	1.998e-05	46.795	0	0	0	0	0	0	0	0	0	1	999
1138	10	300	7	0.0323	1	11.5693	0.9999	1e-05	41.68	75177.0	0.9998	1.998e-05	34.149	0	0	0	0	0	0	0	0	0	1	999
1156	10	300	8	0.0323	1	11.5032	0.9989	0.00012892	33.134	55366.0	0.9981	0.00018658	25.501	0	0	0	0	0	0	0	0	1	9	990
1174	10	300	9	0.0323	1	13.6739	0.9841	0.0020192	20.282	35948.0	0.982	0.0023383	19.208	0	0	0	0	0	0	1	2	22	105	870
1192	10	300	10	0.0323	1	14.0268	0.9447	0.0083803	12.575	21419.0	0.9407	0.0095631	12.274	0	0	0	0	0	3	13	32	91	208	653
1210	10	300	11	0.0323	1	14.8428	0.8594	0.022714	7.8691	11987.0	0.8523	0.023538	7.1708	0	0	0	1	13	32	63	109	179	224	379
1228	10	300	12	0.0323	1	15.8842	0.7287	0.048515	5.7628	6443.8	0.7172	0.049073	4.7666	1	3	8	44	67	107	137	136	141	129	227
1246	10	350	6	0.0323	1	12.1905	0.9999	1e-05	54.812	92104.0	0.9999	1e-05	47.995	0	0	0	0	0	0	0	0	0	1	999
1264	10	350	7	0.0323	1	13.4834	0.9998	1.998e-05	43.624	78351.0	0.9999	1e-05	43.323	0	0	0	0	0	0	0	0	0	2	998
1282	10	350	8	0.0323	1	14.1064	0.999	9.9099e-05	33.742	59208.0	0.9989	0.0001089	31.663	0	0	0	0	0	0	0	0	0	10	990
1300	10	350	9	0.0323	1	15.4125	0.9916	0.00095039	23.093	39651.0	0.9929	0.00070029	23.868	0	0	0	0	0	0	0	1	6	69	924
1318	10	350	10	0.0323	1	16.7294	0.9556	0.0064751	14.215	24055.0	0.9547	0.0064844	13.99	0	0	0	0	0	1	7	23	79	184	706
1336	10	350	11	0.0323	1	17.2151	0.886	0.020064	8.9866	13644.0	0.872	0.020517	8.7308	0	0	0	4	2	26	56	79	135	239	459
1354	10	350	12	0.0323	1	18.1274	0.7675	0.040194	6.0287	7389.3	0.7529	0.041413	5.4594	0	1	7	22	44	74	145	146	146	162	253
1372	10	400	6	0.0323	1	13.9814	0.9999	1e-05	50.762	93542.0	0.9999	1e-05	49.745	0	0	0	0	0	0	0	0	0	1	999
1390	10	400	7	0.0323	1	14.9778	1.0	0.0	46.601	81328.0	1.0	0.0	45.138	0	0	0	0	0	0	0	0	0	0	1000
1408	10	400	8	0.0323	1	16.1854	0.9995	4.98e-05	35.492	62807.0	0.9993	6.958e-05	33.684	0	0	0	0	0	0	0	0	0	5	995
1426	10	400	9	0.0323	1	17.4437	0.9954	0.00057942	24.531	42828.0	0.9939	0.00063342	22.803	0	0	0	0	0	0	0	1	4	35	960
1444	10	400	10	0.0323	1	18.8004	0.9694	0.0048485	15.925	26449.0	0.9711	0.0037385	14.937	0	0	0	0	0	0	6	20	40	142	792
1462	10	400	11	0.0323	1	19.63	0.9089	0.015807	10.339	15196.0	0.9005	0.016466	10.004	0	0	0	0	4	16	34	67	124	222	533
1480	10	400	12	0.0323	1	20.4583	0.7988	0.037036	7.3695	8310.7	0.7929	0.036076	6.6967	0	1	4	18	30	74	110	109	165	198	291
1498	10	500	6	0.0323	1	15.9045	0.9999	1e-05	55.194	95110.0	1.0	0.0	52.894	0	0	0	0	0	0	0	0	0	1	999
1516	10	500	7	0.0323	1	17.8443	1.0	0.0	47.99	85223.0	0.9999	1e-05	46.223	0	0	0	0	0	0	0	0	0	0	1000
1534	10	500	8	0.0323	1	19.3705	0.9999	1e-05	37.174	68255.0	0.9998	1.998e-05	36.311	0	0	0	0	0	0	0	0	0	1	999
1552	10	500	9	0.0323	1	20.1112	0.9979	0.00024584	28.216	48368.0	0.9972	0.00031247	30.698	0	0	0	0	0	0	0	0	2	17	981
1570	10	500	10	0.0323	1	21.3673	0.9857	0.0017473	19.688	30825.0	0.9856	0.0017544	18.396	0	0	0	0	0	0	0	2	20	97	881
1588	10	500	11	0.0323	1	22.97	0.9369	0.0094779	13.63	18099.0	0.9434	0.0080245	12.827	0	0	0	1	2	2	8	37	127	205	618
1606	10	500	12	0.0323	1	23.6798	0.8491	0.026966	8.2684	10061.0	0.8467	0.026416	7.679	0	0	1	9	13	37	72	118	163	207	380
