	k	n_trees	depth	sparsity	v	build_time	recall	var_recall	query_time	projection_time	traversal_time	vote_time	exact_time	cs_size	val_recall	val_var_recall	val_query_time	r0	r1	r2	r3	r4	r5	r6	r7	r8	r9	r10
0	10	1	6	0.0323	1	0.0682965	0.097	0.016608	0.64587	0.00074408	0.00011796	0.021141	0.62357	1562.5	0.0884	0.015181	0.68912	468	296	128	57	28	12	8	0	0	3	0
1	10	1	7	0.0323	1	0.0750141	0.063	0.010702	0.33361	0.00081471	0.00012357	0.018461	0.31391	781.23	0.0614	0.0093794	0.33517	616	245	75	37	16	7	3	1	0	0	0
2	10	1	8	0.0323	1	0.0772359	0.0437	0.0066069	0.17817	0.0009349	9.6148e-05	0.017343	0.15954	390.64	0.0416	0.0063958	0.17836	698	216	54	20	8	3	1	0	0	0	0
3	10	1	9	0.0323	1	0.0825627	0.0319	0.0055379	0.10317	0.000838	0.00014003	0.016936	0.084995	195.34	0.0381	0.0077461	0.10154	775	169	34	16	2	1	1	1	1	0	0
4	10	1	10	0.0323	1	0.0851672	0.016	0.0022062	0.064525	0.00085867	0.00017087	0.016983	0.046253	97.638	0.0192	0.0032546	0.063897	873	102	19	4	2	0	0	0	0	0	0
5	10	1	11	0.0323	1	0.0932395	0.0127	0.0016904	0.043859	0.00089236	0.00016469	0.016985	0.025563	48.824	0.0105	0.0013411	0.04258	897	83	17	2	1	0	0	0	0	0	0
6	10	1	12	0.0323	1	0.0990229	0.0091	0.0010683	0.033445	0.00089261	0.00018151	0.01784	0.014274	24.436	0.0074	0.00086611	0.032182	920	70	9	1	0	0	0	0	0	0	0
7	10	5	6	0.0323	1	0.0937153	0.3951	0.050617	3.714	0.0027746	0.00034598	0.05885	3.6514	7397.1	0.3805	0.051561	3.603	29	99	171	160	175	136	100	55	32	21	22
12	10	5	7	0.0323	1	0.100119	0.2714	0.041804	1.8777	0.0017253	0.00033279	0.033977	1.8412	3793.4	0.2713	0.042409	1.8766	104	207	229	170	119	82	30	25	14	14	6
17	10	5	8	0.0323	1	0.107783	0.1818	0.029859	0.93527	0.00168	0.00047644	0.024444	0.90827	1921.8	0.1698	0.028156	1.0162	233	284	217	126	59	42	18	7	8	5	1
22	10	5	9	0.0323	1	0.113155	0.1236	0.022245	0.578	0.00184	0.00067687	0.020198	0.55493	966.82	0.1189	0.021214	0.6586	381	323	141	74	36	22	14	4	2	3	0
27	10	5	10	0.0323	1	0.138448	0.0957	0.016168	0.26547	0.0021232	0.00077551	0.020477	0.24172	485.06	0.093	0.015807	0.25513	464	317	111	57	28	9	9	4	1	0	0
32	10	5	11	0.0323	1	0.132029	0.0602	0.0099259	0.1417	0.0019879	0.00085347	0.017385	0.12114	243.04	0.0588	0.0090716	0.14132	627	235	86	26	16	8	1	1	0	0	0
37	10	5	12	0.0323	1	0.144956	0.0362	0.0051948	0.099991	0.0029143	0.0011429	0.023096	0.072388	121.78	0.0355	0.0050748	0.084295	741	187	50	14	7	1	0	0	0	0	0
42	10	10	6	0.0323	1	0.0888383	0.5861	0.052249	7.1528	0.0060229	0.00065135	0.12023	7.0252	14018.0	0.5797	0.053091	6.987	4	19	44	86	147	156	149	148	101	70	76
52	10	10	7	0.0323	1	0.097209	0.446	0.05588	3.7047	0.0039183	0.00079545	0.060645	3.639	7313.0	0.4308	0.054786	3.6691	17	65	126	181	177	148	93	61	57	39	36
62	10	10	8	0.0323	1	0.132545	0.3126	0.04901	1.8674	0.0029282	0.00092212	0.03769	1.8256	3757.9	0.3047	0.048757	1.839	70	185	197	195	136	74	53	30	28	24	8
72	10	10	9	0.0323	1	0.115844	0.2235	0.037936	0.93721	0.0029395	0.0010585	0.025579	0.90734	1908.5	0.2257	0.039069	1.0159	181	237	220	158	86	47	30	18	11	9	3
82	10	10	10	0.0323	1	0.17226	0.1685	0.029027	0.47912	0.0031424	0.0016979	0.021479	0.45253	962.2	0.1665	0.030178	0.48678	253	324	195	93	60	36	17	10	8	4	0
92	10	10	11	0.0323	1	0.123236	0.1193	0.024242	0.25967	0.0031984	0.0021063	0.019167	0.23489	484.0	0.1094	0.020192	0.25847	425	291	135	65	36	20	10	13	4	0	1
102	10	10	12	0.0323	1	0.169809	0.0706	0.012568	0.19127	0.005318	0.0021982	0.024318	0.15904	242.82	0.0659	0.011779	0.1688	583	255	98	29	20	6	5	4	0	0	0
112	10	25	6	0.0323	1	0.102033	0.8433	0.023779	15.249	0.011184	0.0020129	0.30937	14.925	30069.0	0.8546	0.02068	14.961	0	0	2	2	14	33	63	143	187	233	323
130	10	25	7	0.0323	1	0.133172	0.7303	0.041353	8.2809	0.011221	0.0030305	0.17334	8.0923	16617.0	0.7249	0.041812	8.156	0	3	6	34	60	101	132	165	167	162	170
148	10	25	8	0.0323	1	0.153632	0.5954	0.053592	4.5162	0.008746	0.0037898	0.097483	4.4056	8843.2	0.5766	0.055348	4.4684	3	12	50	87	134	160	159	129	94	84	88
166	10	25	9	0.0323	1	0.172252	0.4489	0.06108	2.2947	0.0068036	0.0044523	0.049938	2.2331	4609.3	0.4255	0.059179	2.2717	25	76	133	155	155	137	112	71	61	30	45
184	10	25	10	0.0323	1	0.155103	0.3239	0.052091	1.6328	0.00737	0.003934	0.031802	1.5893	2358.4	0.3123	0.052932	1.2247	68	165	218	177	125	91	55	39	24	23	15
202	10	25	11	0.0323	1	0.213059	0.2188	0.04337	0.62159	0.0076225	0.0052982	0.028248	0.5801	1195.0	0.2123	0.038717	0.66525	201	277	173	150	73	39	34	17	23	9	4
220	10	25	12	0.0323	1	0.169919	0.1656	0.032689	0.40646	0.0099949	0.0064648	0.026137	0.36355	601.41	0.1599	0.029532	0.38399	292	300	182	89	62	31	15	8	13	8	0
238	10	50	6	0.0323	1	0.191376	0.9729	0.0036392	22.401	0.028166	0.0042888	0.58119	21.786	48032.0	0.968	0.0047007	21.396	0	0	0	0	0	0	2	9	44	148	797
256	10	50	7	0.0323	1	0.164366	0.9026	0.014688	14.485	0.020444	0.0063176	0.33378	14.124	29006.0	0.9023	0.014459	14.263	0	0	0	0	1	15	31	73	151	248	481
274	10	50	8	0.0323	1	0.188946	0.7835	0.034592	8.4346	0.021218	0.0081545	0.1864	8.2179	16362.0	0.7796	0.034318	8.2072	0	0	3	19	34	70	109	154	180	196	235
292	10	50	9	0.0323	1	0.207325	0.6557	0.051879	4.4647	0.018451	0.0090166	0.11326	4.3235	8725.1	0.6382	0.051552	4.3621	2	11	18	60	115	138	142	153	131	91	139
310	10	50	10	0.0323	1	0.175216	0.4887	0.062545	2.3878	0.013418	0.0079154	0.055541	2.3106	4566.0	0.5008	0.062041	2.3199	16	51	112	150	162	137	110	91	64	50	57
328	10	50	11	0.0323	1	0.233915	0.3832	0.064923	1.2449	0.015688	0.012147	0.044337	1.1724	2337.1	0.3708	0.060508	1.2678	50	136	167	179	134	93	77	51	45	35	33
346	10	50	12	0.0323	1	0.180016	0.2681	0.051003	0.63678	0.016194	0.01378	0.031893	0.57459	1188.9	0.2548	0.048245	0.65731	148	209	211	149	89	78	38	28	24	19	7
364	10	75	6	0.0323	1	0.25002	0.9916	0.00095039	30.471	0.026094	0.0054571	0.84384	29.594	59949.0	0.9926	0.00084609	30.093	0	0	0	0	0	0	0	0	9	66	925
382	10	75	7	0.0323	1	0.259275	0.9598	0.0049689	19.751	0.029329	0.0081376	0.49896	19.214	38713.0	0.9612	0.0050596	19.35	0	0	0	0	0	0	4	16	56	226	698
400	10	75	8	0.0323	1	0.372062	0.8866	0.018058	11.467	0.033368	0.010603	0.31125	11.111	22623.0	0.8788	0.018249	11.18	0	0	0	3	2	14	51	94	157	231	448
418	10	75	9	0.0323	1	0.261191	0.7702	0.039932	6.504	0.031864	0.018171	0.16231	6.2908	12475.0	0.7602	0.037333	6.3124	0	4	6	20	45	76	118	150	161	180	240
436	10	75	10	0.0323	1	0.269142	0.628	0.056553	3.3888	0.023247	0.016963	0.10748	3.2406	6622.0	0.6156	0.054391	3.3444	2	19	33	75	125	135	148	128	114	111	110
454	10	75	11	0.0323	1	0.413639	0.4741	0.064924	1.8454	0.022371	0.020963	0.07159	1.7301	3439.8	0.4789	0.06539	1.8286	18	58	125	162	170	123	91	84	64	44	61
472	10	75	12	0.0323	1	0.361112	0.3493	0.058158	0.9723	0.023113	0.02348	0.040613	0.88473	1762.2	0.3425	0.058342	0.96569	64	152	187	179	131	93	67	50	28	25	24
490	10	100	6	0.0323	1	0.253268	0.9978	0.00021538	35.107	0.032203	0.0066609	1.0554	34.011	68238.0	0.9983	0.00016728	34.616	0	0	0	0	0	0	0	0	0	22	978
508	10	100	7	0.0323	1	0.304092	0.9834	0.0022066	23.216	0.035597	0.010436	0.65085	22.518	46243.0	0.9801	0.0021561	22.893	0	0	0	0	0	0	1	4	23	104	868
526	10	100	8	0.0323	1	0.316899	0.9323	0.010477	14.405	0.041544	0.015699	0.37832	13.968	28221.0	0.9344	0.0099466	14.131	0	0	0	0	1	6	16	42	117	217	601
544	10	100	9	0.0323	1	0.362041	0.8322	0.027551	8.3528	0.04141	0.024037	0.24453	8.0418	15973.0	0.8326	0.027525	8.0984	0	0	0	8	22	36	84	135	178	213	324
562	10	100	10	0.0323	1	0.346188	0.7094	0.049101	4.4533	0.037765	0.025519	0.1495	4.2399	8592.1	0.708	0.047403	4.2837	1	6	11	51	77	95	153	138	145	144	179
580	10	100	11	0.0323	1	0.383345	0.5627	0.063983	2.444	0.030006	0.030995	0.092946	2.2897	4510.9	0.55	0.064525	2.352	4	33	84	100	145	145	112	120	94	73	90
598	10	100	12	0.0323	1	0.462328	0.4155	0.065936	1.2923	0.031794	0.034704	0.051026	1.1744	2322.0	0.4225	0.06655	1.2606	33	116	153	163	153	105	86	57	53	42	39
616	10	125	6	0.0323	1	0.357693	0.9995	6.982e-05	37.731	0.039764	0.007794	1.2262	36.456	74143.0	0.9994	5.97e-05	37.304	0	0	0	0	0	0	0	0	1	3	996
634	10	125	7	0.0323	1	0.437867	0.9935	0.00072848	26.571	0.044798	0.013099	0.78575	25.726	52023.0	0.9929	0.00084043	26.18	0	0	0	0	0	0	0	0	6	53	941
652	10	125	8	0.0323	1	0.421246	0.9637	0.0045969	16.633	0.047103	0.020021	0.48778	16.077	32979.0	0.9623	0.005254	16.644	0	0	0	0	0	0	3	9	69	186	733
670	10	125	9	0.0323	1	0.502697	0.8952	0.016814	9.8958	0.048675	0.032536	0.29925	9.5143	19066.0	0.8858	0.018757	9.6136	0	0	0	3	1	15	38	87	148	237	471
688	10	125	10	0.0323	1	0.527907	0.7618	0.038219	5.4161	0.045184	0.03739	0.18674	5.146	10474.0	0.7595	0.042692	5.2374	0	1	7	14	53	79	124	180	160	150	232
706	10	125	11	0.0323	1	0.493589	0.6211	0.057502	3.0174	0.041784	0.041804	0.12153	2.8118	5537.0	0.6202	0.059491	2.8814	4	14	44	73	131	132	155	129	105	97	116
724	10	125	12	0.0323	1	0.52574	0.4822	0.067651	1.582	0.041448	0.042947	0.07985	1.4173	2873.4	0.4737	0.063382	1.5612	12	81	108	159	145	126	107	80	60	64	58
742	10	150	6	0.0323	1	0.38999	0.9997	2.994e-05	36.82	0.044841	0.0090215	1.4696	35.296	78002.0	0.9997	2.994e-05	34.145	0	0	0	0	0	0	0	0	0	3	997
760	10	150	7	0.0323	1	0.442951	0.9956	0.00052116	29.152	0.050353	0.014438	0.91449	28.171	57208.0	0.9963	0.00035667	28.77	0	0	0	0	0	0	0	1	2	37	960
778	10	150	8	0.0323	1	0.572679	0.979	0.0027618	19.086	0.055093	0.022871	0.57717	18.43	37071.0	0.9746	0.0033382	18.682	0	0	0	0	0	0	1	8	25	132	834
796	10	150	9	0.0323	1	0.530472	0.9145	0.013954	11.382	0.067046	0.037695	0.35371	10.922	22070.0	0.9139	0.01323	10.516	0	0	0	0	4	4	40	55	130	226	541
814	10	150	10	0.0323	1	0.552028	0.8185	0.031379	6.474	0.05863	0.049288	0.22756	6.1377	12231.0	0.8143	0.030096	6.3015	0	2	3	10	27	38	95	134	184	201	306
832	10	150	11	0.0323	1	0.575207	0.6839	0.052603	3.5271	0.054053	0.054274	0.14663	3.2717	6539.1	0.6646	0.055542	3.4106	2	7	24	49	92	109	157	159	111	119	171
850	10	150	12	0.0323	1	0.501358	0.5311	0.065348	2.2722	0.054498	0.053733	0.10727	2.0563	3410.9	0.5286	0.065988	1.7147	8	45	92	127	151	131	123	98	83	66	76
868	10	200	6	0.0323	1	0.610958	0.9999	1e-05	42.543	0.055753	0.012198	1.7695	40.704	84223.0	0.9998	1.998e-05	41.939	0	0	0	0	0	0	0	0	0	1	999
886	10	200	7	0.0323	1	0.639299	0.9994	5.97e-05	33.16	0.062358	0.020391	1.1225	31.953	64961.0	0.9982	0.00017694	32.711	0	0	0	0	0	0	0	0	0	6	994
904	10	200	8	0.0323	1	0.600908	0.9902	0.0011451	22.572	0.068264	0.030407	0.74888	21.723	44542.0	0.9917	0.00096207	22.172	0	0	0	0	0	0	0	0	13	72	915
922	10	200	9	0.0323	1	0.714307	0.9522	0.0073825	15.317	0.084838	0.060038	0.54918	14.622	27316.0	0.9575	0.0055693	13.899	0	0	0	0	0	3	10	27	73	196	691
940	10	200	10	0.0323	1	0.678747	0.8752	0.022387	8.1624	0.081657	0.06404	0.31983	7.696	15561.0	0.8748	0.021046	7.9023	0	0	1	6	4	29	52	95	172	192	449
958	10	200	11	0.0323	1	0.693587	0.7572	0.040108	4.6554	0.075037	0.077149	0.20981	4.2929	8462.1	0.7543	0.043345	4.4299	0	3	6	22	46	96	116	159	176	150	226
976	10	200	12	0.0323	1	0.810674	0.6104	0.061433	2.4968	0.071488	0.071532	0.1497	2.2036	4456.5	0.6083	0.060321	2.391	4	19	42	108	111	149	128	126	101	90	122
994	10	250	6	0.0323	1	0.697782	0.9999	1e-05	45.617	0.06499	0.015763	2.0396	43.495	88280.0	1.0	0.0	45.924	0	0	0	0	0	0	0	0	0	1	999
1012	10	250	7	0.0323	1	0.722231	0.9997	2.994e-05	35.995	0.075947	0.024985	1.3498	34.543	71248.0	0.9996	3.988e-05	35.454	0	0	0	0	0	0	0	0	0	3	997
1030	10	250	8	0.0323	1	0.76943	0.9966	0.00034879	25.836	0.082814	0.042774	0.88412	24.825	50080.0	0.9966	0.00036881	25.328	0	0	0	0	0	0	0	0	1	32	967
1048	10	250	9	0.0323	1	0.861785	0.9747	0.0033933	16.415	0.094035	0.061024	0.60152	15.658	31971.0	0.973	0.0032743	15.97	0	0	0	0	0	0	1	12	33	147	807
1066	10	250	10	0.0323	1	0.791406	0.9163	0.013238	9.9181	0.095202	0.08269	0.3931	9.3461	18650.0	0.9179	0.012222	9.5416	0	0	0	1	2	9	20	68	128	233	539
1084	10	250	11	0.0323	1	0.916487	0.8139	0.032669	5.6463	0.10549	0.10584	0.26807	5.1662	10287.0	0.8055	0.033373	5.3139	0	2	8	6	26	41	100	148	167	198	304
1102	10	250	12	0.0323	1	0.924699	0.6813	0.053113	3.1929	0.095622	0.099427	0.18518	2.8122	5463.8	0.6682	0.056746	3.1006	2	11	22	45	92	128	144	147	126	116	167
1120	10	300	6	0.0323	1	0.816635	0.9999	1e-05	46.657	0.074555	0.019049	2.3171	44.245	90262.0	0.9999	1e-05	46.024	0	0	0	0	0	0	0	0	0	1	999
1138	10	300	7	0.0323	1	0.797859	0.9998	1.998e-05	38.225	0.088678	0.027208	1.5226	36.585	75649.0	0.9997	2.994e-05	37.888	0	0	0	0	0	0	0	0	0	2	998
1156	10	300	8	0.0323	1	0.850065	0.9984	0.0001576	28.391	0.096151	0.050694	1.0218	27.221	55116.0	0.998	0.00023624	27.928	0	0	0	0	0	0	0	0	0	16	984
1174	10	300	9	0.0323	1	0.986814	0.9837	0.0018462	18.399	0.10526	0.080552	0.6927	17.519	36054.0	0.9833	0.0022734	20.629	0	0	0	0	0	0	0	0	24	115	861
1192	10	300	10	0.0323	1	0.982237	0.9438	0.0085501	11.382	0.11391	0.10142	0.46948	10.696	21455.0	0.9374	0.0092705	11.046	0	0	0	0	1	3	11	33	94	210	648
1210	10	300	11	0.0323	1	0.937722	0.8526	0.025138	6.5639	0.12716	0.12401	0.3395	5.9723	11981.0	0.852	0.026683	6.2968	0	0	0	6	11	35	74	122	154	221	377
1228	10	300	12	0.0323	1	1.04049	0.7301	0.04583	3.7928	0.1192	0.12547	0.24037	3.3073	6441.9	0.7219	0.04926	3.5946	0	3	14	39	50	102	150	151	140	144	207
1246	10	350	6	0.0323	1	0.875479	1.0	0.0	47.263	0.08628	0.022929	2.6557	44.497	92192.0	0.9998	1.998e-05	46.677	0	0	0	0	0	0	0	0	0	0	1000
1264	10	350	7	0.0323	1	0.953731	0.9999	1e-05	39.922	0.10379	0.031373	1.6889	38.096	78744.0	0.9998	1.998e-05	39.402	0	0	0	0	0	0	0	0	0	1	999
1282	10	350	8	0.0323	1	0.911913	0.9996	3.988e-05	30.546	0.10831	0.059997	1.1617	29.215	59100.0	0.9992	7.9439e-05	30.059	0	0	0	0	0	0	0	0	0	4	996
1300	10	350	9	0.0323	1	1.10891	0.9902	0.0013453	20.488	0.12334	0.087441	0.81642	19.46	39740.0	0.9911	0.00099178	19.943	0	0	0	0	0	0	1	2	11	66	920
1318	10	350	10	0.0323	1	1.06145	0.9593	0.0060796	12.766	0.12825	0.11319	0.54315	11.978	24005.0	0.9596	0.0059338	12.326	0	0	0	0	0	3	4	23	60	187	723
1336	10	350	11	0.0323	1	1.23337	0.88	0.01994	7.5742	0.1475	0.14622	0.40102	6.8786	13640.0	0.8822	0.019603	7.0941	0	0	1	0	7	27	50	85	158	244	428
1354	10	350	12	0.0323	1	1.20374	0.7752	0.041987	4.4629	0.14078	0.14534	0.28024	3.896	7386.4	0.7641	0.042744	4.0863	0	2	9	26	41	75	112	150	143	171	271
1372	10	400	6	0.0323	1	0.856444	1.0	0.0	48.397	0.098164	0.025982	2.9544	45.318	93566.0	0.9999	1e-05	47.98	0	0	0	0	0	0	0	0	0	0	1000
1390	10	400	7	0.0323	1	1.1439	1.0	0.0	41.49	0.11259	0.03553	1.9011	39.44	81416.0	1.0	0.0	40.877	0	0	0	0	0	0	0	0	0	0	1000
1408	10	400	8	0.0323	1	1.1967	0.9991	8.9279e-05	32.471	0.12633	0.072119	1.2833	30.988	62573.0	0.9994	5.97e-05	31.783	0	0	0	0	0	0	0	0	0	9	991
1426	10	400	9	0.0323	1	1.10888	0.994	0.00066466	22.162	0.14271	0.10193	0.90137	21.015	42934.0	0.9938	0.0007423	21.579	0	0	0	0	0	0	0	0	5	50	945
1444	10	400	10	0.0323	1	1.37298	0.9706	0.0039996	14.377	0.14971	0.12739	0.62545	13.473	26475.0	0.9687	0.0042345	13.642	0	0	0	0	0	0	2	9	57	145	787
1462	10	400	11	0.0323	1	1.36494	0.9092	0.015791	8.3822	0.16391	0.16957	0.45015	7.5975	15157.0	0.9112	0.01495	7.8782	0	0	1	1	3	11	34	68	135	210	537
1480	10	400	12	0.0323	1	1.39285	0.7987	0.038166	5.1632	0.16232	0.18675	0.33839	4.4752	8301.7	0.8043	0.034106	4.6077	0	0	7	17	45	55	99	134	152	191	300
1498	10	500	6	0.0323	1	1.54198	1.0	0.0	50.16	0.1165	0.033658	3.6293	46.379	95162.0	0.9998	1.998e-05	49.288	0	0	0	0	0	0	0	0	0	0	1000
1516	10	500	7	0.0323	1	1.55401	0.9999	1e-05	46.407	0.14837	0.046007	2.2732	43.938	85000.0	0.9998	1.998e-05	44.25	0	0	0	0	0	0	0	0	0	1	999
1534	10	500	8	0.0323	1	2.10381	0.9999	1e-05	35.44	0.15483	0.089315	1.5576	33.637	68251.0	1.0	0.0	34.312	0	0	0	0	0	0	0	0	0	1	999
1552	10	500	9	0.0323	1	2.61138	0.9983	0.0001873	25.854	0.16688	0.13148	1.1095	24.444	48418.0	0.9978	0.00029546	24.828	0	0	0	0	0	0	0	0	1	15	984
1570	10	500	10	0.0323	1	1.56986	0.9839	0.0021329	16.382	0.18605	0.16422	0.76717	15.263	30841.0	0.9842	0.0018522	15.741	0	0	0	0	0	0	0	6	21	101	872
1588	10	500	11	0.0323	1	5.05582	0.9396	0.0095614	10.453	0.20029	0.22632	0.5486	9.4764	18104.0	0.9404	0.0089768	9.5417	0	0	0	0	1	4	14	42	93	210	636
1606	10	500	12	0.0323	1	2.60589	0.8544	0.025987	6.1346	0.20707	0.2427	0.4293	5.2547	10055.0	0.8501	0.024204	5.6328	0	0	1	5	15	36	66	125	141	222	389
