k n_trees search_k build_time recall var_recall query_time val_recall val_var_recall val_query_time
10 1 25 0.319743 0.013 0.0011424 0.0141 0.008 0.00094545 0.012999
10 1 50 0.31974 0.013 0.0011424 0.013123 0.008 0.00094545 0.01305
10 1 100 0.31974 0.013 0.0011424 0.013098 0.008 0.00094545 0.013033
10 1 200 0.31974 0.013 0.0011424 0.013032 0.008 0.00094545 0.013006
10 1 400 0.31974 0.016 0.0013576 0.01949 0.016 0.0015596 0.017989
10 1 1000 0.31974 0.027 0.0021929 0.040804 0.024 0.0024485 0.039265
10 1 2000 0.31974 0.046 0.0037212 0.075501 0.043 0.0040919 0.072869
10 1 4000 0.31974 0.07 0.0061616 0.14351 0.074 0.0065899 0.1414
10 1 10000 0.31974 0.155 0.010177 0.35568 0.149 0.009797 0.35047
10 1 20000 0.31974 0.262 0.014905 0.75316 0.289 0.013514 0.72215
10 1 40000 0.31974 0.467 0.019405 1.4972 0.498 0.025451 1.4801
10 1 100000 0.31974 1 0 3.4277 1 0 3.4236
10 1 200000 0.31974 1 0 3.423 1 0 3.4171
10 1 400000 0.31974 1 0 3.4263 1 0 3.4249
10 5 25 1.10903 0.004 0.00038788 0.013627 0.007 0.00065758 0.013321
10 5 50 1.109 0.004 0.00038788 0.013481 0.007 0.00065758 0.013164
10 5 100 1.109 0.004 0.00038788 0.01326 0.007 0.00065758 0.013088
10 5 200 1.109 0.004 0.00038788 0.013238 0.007 0.00065758 0.013087
10 5 400 1.109 0.004 0.00038788 0.01922 0.009 0.0010293 0.018835
10 5 1000 1.109 0.021 0.0020798 0.041047 0.017 0.0016273 0.041221
10 5 2000 1.109 0.041 0.0040596 0.075239 0.038 0.0031879 0.075411
10 5 4000 1.109 0.07 0.0079798 0.14569 0.067 0.0050616 0.14312
10 5 10000 1.109 0.144 0.01461 0.35472 0.149 0.011211 0.35082
10 5 20000 1.109 0.288 0.020461 0.69095 0.271 0.019454 0.69853
10 5 40000 1.109 0.474 0.024974 1.3241 0.46 0.024242 1.3136
10 5 100000 1.109 0.807 0.012577 2.692 0.784 0.014085 2.6374
10 5 200000 1.109 0.97 0.0027273 3.7251 0.97 0.0033333 3.7291
10 5 400000 1.109 1 0 5.0138 1 0 5.0132
10 10 25 2.11658 0.006 0.00077172 0.014217 0.008 0.00094545 0.013849
10 10 50 2.1166 0.006 0.00077172 0.014196 0.008 0.00094545 0.013744
10 10 100 2.1166 0.006 0.00077172 0.013922 0.008 0.00094545 0.01391
10 10 200 2.1166 0.006 0.00077172 0.013994 0.008 0.00094545 0.013679
10 10 400 2.1166 0.008 0.00094545 0.019989 0.01 0.0011111 0.019579
10 10 1000 2.1166 0.021 0.0026859 0.042366 0.02 0.0022222 0.041629
10 10 2000 2.1166 0.035 0.0041162 0.080546 0.029 0.0032919 0.077142
10 10 4000 2.1166 0.077 0.0080515 0.14516 0.061 0.0064434 0.14423
10 10 10000 2.1166 0.174 0.017499 0.3507 0.146 0.014832 0.3489
10 10 20000 2.1166 0.292 0.020945 0.70265 0.28 0.022626 0.6942
10 10 40000 2.1166 0.486 0.025257 1.324 0.461 0.030888 1.3162
10 10 100000 2.1166 0.802 0.015956 2.5245 0.788 0.0144 2.5098
10 10 200000 2.1166 0.955 0.0045202 3.6168 0.964 0.0037414 3.6293
10 10 400000 2.1166 1 0 4.9521 0.999 0.0001 4.9447
10 25 25 5.09024 0.005 0.0004798 0.015042 0.01 0.0011111 0.014812
10 25 50 5.0902 0.005 0.0004798 0.014782 0.01 0.0011111 0.01468
10 25 100 5.0902 0.005 0.0004798 0.014716 0.01 0.0011111 0.014662
10 25 200 5.0902 0.005 0.0004798 0.014758 0.01 0.0011111 0.014665
10 25 400 5.0902 0.006 0.0005697 0.020533 0.014 0.0014182 0.021342
10 25 1000 5.0902 0.022 0.0023394 0.042852 0.021 0.0020798 0.042647
10 25 2000 5.0902 0.04 0.0042424 0.078217 0.042 0.0044808 0.078307
10 25 4000 5.0902 0.073 0.0078495 0.14657 0.069 0.0076152 0.14723
10 25 10000 5.0902 0.174 0.016893 0.3521 0.165 0.013611 0.34961
10 25 20000 5.0902 0.308 0.02236 0.68791 0.281 0.020948 0.68454
10 25 40000 5.0902 0.48 0.022626 1.2823 0.483 0.026072 1.2804
10 25 100000 5.0902 0.798 0.014541 2.4662 0.793 0.016213 2.4592
10 25 200000 5.0902 0.954 0.0041253 3.6154 0.961 0.0038172 3.6152
10 25 400000 5.0902 0.999 0.0001 4.9563 0.999 0.0001 4.9417
10 50 25 10.0411 0.011 0.0011909 0.016387 0.008 0.00094545 0.016157
10 50 50 10.041 0.011 0.0011909 0.016114 0.008 0.00094545 0.016042
10 50 100 10.041 0.011 0.0011909 0.016227 0.008 0.00094545 0.01602
10 50 200 10.041 0.011 0.0011909 0.016058 0.008 0.00094545 0.015993
10 50 400 10.041 0.016 0.0015596 0.022758 0.012 0.0014707 0.02205
10 50 1000 10.041 0.028 0.0024404 0.044708 0.029 0.0028879 0.044804
10 50 2000 10.041 0.039 0.0032111 0.079622 0.047 0.0049404 0.080027
10 50 4000 10.041 0.082 0.0077535 0.14932 0.09 0.009596 0.14821
10 50 10000 10.041 0.186 0.016166 0.35294 0.175 0.014015 0.36009
10 50 20000 10.041 0.315 0.021692 0.68418 0.313 0.015688 0.68352
10 50 40000 10.041 0.511 0.020787 1.2764 0.5 0.022828 1.2768
10 50 100000 10.041 0.804 0.012711 2.4716 0.815 0.015833 2.4553
10 50 200000 10.041 0.953 0.0047384 3.5985 0.954 0.0051354 3.6034
10 50 400000 10.041 0.999 0.0001 4.9446 0.997 0.00029394 4.9261
10 100 25 20.0362 0.008 0.00094545 0.019302 0.007 0.00065758 0.018879
10 100 50 20.036 0.008 0.00094545 0.018808 0.007 0.00065758 0.018682
10 100 100 20.036 0.008 0.00094545 0.018824 0.007 0.00065758 0.018638
10 100 200 20.036 0.008 0.00094545 0.018753 0.007 0.00065758 0.018626
10 100 400 20.036 0.015 0.0016919 0.025813 0.011 0.00098889 0.024615
10 100 1000 20.036 0.03 0.0031313 0.048768 0.022 0.0019354 0.048402
10 100 2000 20.036 0.04 0.0042424 0.08314 0.044 0.0041051 0.083864
10 100 4000 20.036 0.08 0.0074747 0.15589 0.085 0.0071465 0.15545
10 100 10000 20.036 0.184 0.015903 0.36088 0.191 0.014161 0.36154
10 100 20000 20.036 0.324 0.023863 0.69438 0.31 0.025556 0.70292
10 100 40000 20.036 0.523 0.026435 1.2887 0.516 0.021762 1.2896
10 100 100000 20.036 0.808 0.011046 2.4707 0.816 0.014489 2.4642
10 100 200000 20.036 0.953 0.0049404 3.6433 0.959 0.0032515 3.6306
10 100 400000 20.036 0.996 0.00038788 4.9889 0.997 0.00029394 4.9563
10 200 25 39.6889 0.011 0.0011909 0.023719 0.004 0.00038788 0.023023
10 200 50 39.689 0.011 0.0011909 0.023057 0.004 0.00038788 0.022909
10 200 100 39.689 0.011 0.0011909 0.022976 0.004 0.00038788 0.022849
10 200 200 39.689 0.011 0.0011909 0.023036 0.004 0.00038788 0.022845
10 200 400 39.689 0.019 0.0019586 0.031465 0.011 0.00098889 0.030319
10 200 1000 39.689 0.03 0.0035354 0.054705 0.028 0.0024404 0.054774
10 200 2000 39.689 0.053 0.0053444 0.091543 0.05 0.0043434 0.091396
10 200 4000 39.689 0.088 0.0069253 0.16237 0.089 0.0070495 0.164
10 200 10000 39.689 0.178 0.014461 0.37343 0.203 0.017466 0.37387
10 200 20000 39.689 0.337 0.021951 0.71629 0.349 0.02111 0.71082
10 200 40000 39.689 0.544 0.024711 1.3078 0.541 0.028908 1.3094
10 200 100000 39.689 0.832 0.016339 2.4801 0.834 0.012166 2.4901
10 200 200000 39.689 0.97 0.0027273 3.6557 0.972 0.0030465 3.6584
10 200 400000 39.689 0.999 0.0001 5.0036 0.999 0.0001 5.0038
10 400 25 79.3364 0.01 0.00090909 0.032897 0.005 0.0004798 0.031418
10 400 50 79.336 0.01 0.00090909 0.032027 0.005 0.0004798 0.031195
10 400 100 79.336 0.01 0.00090909 0.032012 0.005 0.0004798 0.031265
10 400 200 79.336 0.01 0.00090909 0.031829 0.005 0.0004798 0.031214
10 400 400 79.336 0.017 0.0014253 0.040123 0.009 0.00082727 0.039656
10 400 1000 79.336 0.033 0.0028394 0.065731 0.023 0.002597 0.066227
10 400 2000 79.336 0.05 0.0055556 0.10477 0.043 0.004496 0.10395
10 400 4000 79.336 0.091 0.0095141 0.17939 0.086 0.009297 0.18056
10 400 10000 79.336 0.205 0.016237 0.39538 0.205 0.013611 0.39576
10 400 20000 79.336 0.331 0.024787 0.74439 0.347 0.023324 0.73961
10 400 40000 79.336 0.56 0.022424 1.3409 0.566 0.021863 1.3387
10 400 100000 79.336 0.836 0.014651 2.53 0.851 0.012019 2.5215
10 400 200000 79.336 0.965 0.0035101 3.6934 0.977 0.0017889 3.6952
10 400 400000 79.336 0.999 0.0001 5.0513 1 0 5.0487
