k m efc search build_time recall var_recall query_time val_recall val_var_recall val_query_time
10 4 100 10 0.910037 0.063 0.0074051 0.0029866 0.054 0.0049333 0.0023182
10 4 100 20 0.91004 0.124 0.012752 0.0033721 0.105 0.0093687 0.0033035
10 4 100 40 0.91004 0.229 0.016221 0.0059489 0.183 0.017789 0.0057368
10 4 100 60 0.91004 0.285 0.018056 0.0079698 0.246 0.022307 0.007757
10 4 100 80 0.91004 0.346 0.020287 0.010107 0.292 0.025188 0.0097883
10 4 100 100 0.91004 0.391 0.020019 0.01232 0.343 0.028132 0.012282
10 4 100 120 0.91004 0.43 0.017677 0.014662 0.374 0.030024 0.014703
10 4 100 200 0.91004 0.541 0.020827 0.025591 0.485 0.027753 0.025547
10 4 100 400 0.91004 0.67 0.020303 0.063094 0.622 0.025976 0.061363
10 4 100 600 0.91004 0.739 0.017353 0.10687 0.693 0.024496 0.10366
10 4 100 800 0.91004 0.776 0.015984 0.15658 0.736 0.023741 0.16267
10 4 100 1000 0.91004 0.814 0.012731 0.25326 0.768 0.020784 0.2438
10 4 100 1200 0.91004 0.829 0.011777 0.31126 0.809 0.016383 0.30722
10 4 100 1500 0.91004 0.852 0.0104 0.44201 0.841 0.013959 0.45654
10 4 100 2000 0.91004 0.877 0.0088596 0.79443 0.872 0.012541 0.76142
10 4 500 10 2.93468 0.063 0.0076071 0.0030566 0.046 0.0049333 0.0022498
10 4 500 20 2.9347 0.101 0.011211 0.0031984 0.084 0.0086303 0.0031002
10 4 500 40 2.9347 0.175 0.01947 0.0053733 0.166 0.012974 0.0053215
10 4 500 60 2.9347 0.227 0.021789 0.0078902 0.232 0.016945 0.0075616
10 4 500 80 2.9347 0.274 0.022752 0.0099896 0.283 0.018799 0.0099917
10 4 500 100 2.9347 0.317 0.024254 0.012673 0.343 0.020052 0.012482
10 4 500 120 2.9347 0.359 0.025878 0.015361 0.375 0.023106 0.015312
10 4 500 200 2.9347 0.52 0.023838 0.026866 0.506 0.02461 0.027202
10 4 500 400 2.9347 0.701 0.018888 0.062574 0.665 0.02351 0.063451
10 4 500 600 2.9347 0.788 0.019451 0.1141 0.757 0.019243 0.11499
10 4 500 800 2.9347 0.836 0.016065 0.18394 0.803 0.017264 0.1713
10 4 500 1000 2.9347 0.869 0.014484 0.24091 0.834 0.01661 0.24463
10 4 500 1200 2.9347 0.893 0.011769 0.32477 0.866 0.01257 0.31549
10 4 500 1500 2.9347 0.919 0.0082212 0.46529 0.9 0.009899 0.47584
10 4 500 2000 2.9347 0.944 0.0045091 0.78367 0.922 0.0077939 0.7957
10 8 100 10 2.19304 0.1 0.0092929 0.0046147 0.092 0.0092283 0.0036443
10 8 100 20 2.193 0.204 0.015741 0.0057161 0.146 0.016044 0.0055946
10 8 100 40 2.193 0.34 0.023838 0.0096529 0.258 0.020036 0.0095704
10 8 100 60 2.193 0.44 0.02101 0.014486 0.36 0.020808 0.014021
10 8 100 80 2.193 0.489 0.021393 0.018533 0.43 0.026364 0.018394
10 8 100 100 2.193 0.537 0.019122 0.023146 0.5 0.019192 0.023087
10 8 100 120 2.193 0.583 0.020213 0.028374 0.548 0.019087 0.02795
10 8 100 200 2.193 0.707 0.02086 0.048828 0.682 0.020279 0.048623
10 8 100 400 2.193 0.836 0.015661 0.10902 0.829 0.017029 0.10868
10 8 100 600 2.193 0.889 0.010686 0.18122 0.887 0.010637 0.17983
10 8 100 800 2.193 0.915 0.0073485 0.26555 0.92 0.0082828 0.26539
10 8 100 1000 2.193 0.938 0.0056121 0.36182 0.939 0.0068475 0.36041
10 8 100 1200 2.193 0.955 0.0045202 0.47359 0.948 0.0059556 0.47043
10 8 100 1500 2.193 0.968 0.0032081 0.669 0.965 0.0043182 0.66744
10 8 100 2000 2.193 0.974 0.0021455 1.0675 0.976 0.0026505 1.0649
10 8 500 10 7.25494 0.079 0.0071303 0.0050322 0.062 0.0054101 0.004046
10 8 500 20 7.2549 0.158 0.012158 0.006306 0.13 0.011212 0.0060829
10 8 500 40 7.2549 0.263 0.020536 0.011282 0.258 0.018016 0.010649
10 8 500 60 7.2549 0.36 0.022424 0.015356 0.359 0.024262 0.015013
10 8 500 80 7.2549 0.435 0.025328 0.019769 0.439 0.027049 0.019648
10 8 500 100 7.2549 0.513 0.028617 0.024715 0.501 0.029393 0.024732
10 8 500 120 7.2549 0.576 0.026893 0.029916 0.536 0.026772 0.029875
10 8 500 200 7.2549 0.726 0.021741 0.051904 0.667 0.021627 0.051912
10 8 500 400 7.2549 0.856 0.011984 0.11633 0.847 0.011001 0.11963
10 8 500 600 7.2549 0.914 0.0080848 0.19205 0.914 0.0070747 0.19233
10 8 500 800 7.2549 0.94 0.0058586 0.28084 0.941 0.0042616 0.28535
10 8 500 1000 7.2549 0.955 0.0039141 0.38981 0.963 0.0029606 0.38585
10 8 500 1200 7.2549 0.967 0.0032434 0.50119 0.973 0.0021929 0.5045
10 8 500 1500 7.2549 0.977 0.0023949 0.70399 0.98 0.0016162 0.70521
10 8 500 2000 7.2549 0.982 0.0018949 1.1185 0.99 0.00090909 1.1167
10 12 100 10 4.21433 0.122 0.012238 0.0061492 0.104 0.010287 0.0050722
10 12 100 20 4.2143 0.236 0.020711 0.0080596 0.2 0.01697 0.0079721
10 12 100 40 4.2143 0.388 0.026521 0.014884 0.34 0.024444 0.014695
10 12 100 60 4.2143 0.494 0.027438 0.022009 0.447 0.025142 0.021773
10 12 100 80 4.2143 0.567 0.02587 0.029499 0.526 0.024974 0.029089
10 12 100 100 4.2143 0.622 0.023552 0.036648 0.589 0.024221 0.036402
10 12 100 120 4.2143 0.667 0.024658 0.044334 0.627 0.027849 0.044184
10 12 100 200 4.2143 0.795 0.016641 0.077611 0.751 0.020302 0.077433
10 12 100 400 4.2143 0.892 0.010844 0.17133 0.886 0.011519 0.17236
10 12 100 600 4.2143 0.931 0.0074131 0.27925 0.93 0.0063636 0.27826
10 12 100 800 4.2143 0.955 0.0057323 0.39582 0.953 0.0045364 0.39563
10 12 100 1000 4.2143 0.969 0.0035747 0.52687 0.966 0.0032768 0.5268
10 12 100 1200 4.2143 0.981 0.0015545 0.67322 0.974 0.0025495 0.67303
10 12 100 1500 4.2143 0.985 0.0012879 0.92672 0.98 0.0018182 0.92073
10 12 100 2000 4.2143 0.988 0.0010667 1.3932 0.985 0.0014899 1.3909
10 12 500 10 13.2658 0.122 0.008198 0.0066231 0.089 0.01008 0.0054117
10 12 500 20 13.266 0.195 0.015025 0.0085314 0.162 0.013289 0.0084856
10 12 500 40 13.266 0.339 0.021393 0.015941 0.297 0.019284 0.015901
10 12 500 60 13.266 0.454 0.023115 0.023392 0.43 0.032222 0.023325
10 12 500 80 13.266 0.549 0.023534 0.031142 0.502 0.026663 0.030983
10 12 500 100 13.266 0.622 0.022743 0.039417 0.57 0.028182 0.039076
10 12 500 120 13.266 0.678 0.020521 0.047502 0.631 0.024585 0.047222
10 12 500 200 13.266 0.801 0.014241 0.08303 0.755 0.018662 0.082351
10 12 500 400 13.266 0.923 0.0054253 0.18142 0.892 0.0086222 0.18165
10 12 500 600 13.266 0.959 0.0036556 0.30007 0.941 0.0050697 0.29368
10 12 500 800 13.266 0.977 0.0023949 0.41693 0.963 0.0029606 0.41833
10 12 500 1000 13.266 0.985 0.0018939 0.55315 0.977 0.0019909 0.56652
10 12 500 1200 13.266 0.989 0.0011909 0.70808 0.983 0.0016273 0.71115
10 12 500 1500 13.266 0.997 0.00029394 0.96167 0.99 0.00090909 0.95795
10 12 500 2000 13.266 0.997 0.00029394 1.4286 0.993 0.00065758 1.4285
10 16 100 10 6.58399 0.123 0.014718 0.0082046 0.124 0.013964 0.0067536
10 16 100 20 6.584 0.251 0.021514 0.01105 0.239 0.019373 0.010975
10 16 100 40 6.584 0.402 0.02444 0.02107 0.395 0.029975 0.020864
10 16 100 60 6.584 0.522 0.022137 0.031008 0.51 0.036061 0.030924
10 16 100 80 6.584 0.607 0.023082 0.041727 0.611 0.032302 0.041248
10 16 100 100 6.584 0.66 0.020808 0.053226 0.664 0.027176 0.052092
10 16 100 120 6.584 0.72 0.018586 0.064241 0.723 0.021587 0.063351
10 16 100 200 6.584 0.835 0.014621 0.11248 0.825 0.013005 0.11111
10 16 100 400 6.584 0.935 0.0051263 0.24244 0.929 0.0055141 0.24101
10 16 100 600 6.584 0.963 0.0035667 0.38326 0.965 0.0031061 0.39071
10 16 100 800 6.584 0.974 0.0023475 0.5441 0.98 0.0018182 0.53921
10 16 100 1000 6.584 0.985 0.0014899 0.71079 0.987 0.0013444 0.70462
10 16 100 1200 6.584 0.991 0.0010293 0.88613 0.987 0.0013444 0.88086
10 16 100 1500 6.584 0.995 0.00068182 1.1644 0.99 0.00090909 1.162
10 16 100 2000 6.584 0.997 0.00049596 1.6736 0.997 0.00029394 1.6717
10 16 500 10 20.3899 0.115 0.012803 0.0088647 0.111 0.0121 0.0071815
10 16 500 20 20.39 0.242 0.024885 0.01231 0.2 0.018182 0.011797
10 16 500 40 20.39 0.406 0.029863 0.022099 0.364 0.031216 0.021964
10 16 500 60 20.39 0.518 0.030986 0.032931 0.477 0.031486 0.032598
10 16 500 80 20.39 0.599 0.026969 0.04398 0.569 0.031049 0.043633
10 16 500 100 20.39 0.663 0.025183 0.055431 0.625 0.02553 0.054946
10 16 500 120 20.39 0.718 0.024117 0.067548 0.687 0.022153 0.06667
10 16 500 200 20.39 0.859 0.010524 0.11699 0.831 0.013676 0.11629
10 16 500 400 20.39 0.955 0.0043182 0.25239 0.945 0.0057323 0.25262
10 16 500 600 20.39 0.983 0.0018293 0.40217 0.981 0.0019586 0.40159
10 16 500 800 20.39 0.987 0.0013444 0.56152 0.989 0.00098889 0.56592
10 16 500 1000 20.39 0.993 0.0008596 0.73217 0.995 0.0004798 0.72758
10 16 500 1200 20.39 0.996 0.0005899 0.90923 0.996 0.00038788 0.90869
10 16 500 1500 20.39 0.999 0.0001 1.1911 0.998 0.00019798 1.1881
10 16 500 2000 20.39 0.999 0.0001 1.7005 0.999 0.0001 1.6999
10 24 100 10 11.8442 0.166 0.016812 0.011729 0.151 0.012625 0.010179
10 24 100 20 11.844 0.298 0.023228 0.018037 0.271 0.018847 0.017695
10 24 100 40 11.844 0.476 0.026287 0.034342 0.437 0.026395 0.034211
10 24 100 60 11.844 0.591 0.019413 0.051623 0.566 0.030145 0.051454
10 24 100 80 11.844 0.679 0.017433 0.069359 0.64 0.028485 0.06957
10 24 100 100 11.844 0.742 0.01438 0.088135 0.703 0.025344 0.087882
10 24 100 120 11.844 0.797 0.013021 0.10719 0.755 0.020076 0.1069
10 24 100 200 11.844 0.897 0.0095869 0.18594 0.879 0.012989 0.18699
10 24 100 400 11.844 0.959 0.0038576 0.39922 0.964 0.0037414 0.3952
10 24 100 600 11.844 0.981 0.0015545 0.61095 0.987 0.0013444 0.61169
10 24 100 800 11.844 0.99 0.00090909 0.83137 0.996 0.00038788 0.83227
10 24 100 1000 11.844 0.994 0.0005697 1.0502 0.998 0.00019798 1.0498
10 24 100 1200 11.844 0.997 0.00029394 1.2667 0.998 0.00019798 1.269
10 24 100 1500 11.844 0.998 0.00019798 1.5936 0.998 0.00019798 1.5953
10 24 100 2000 11.844 1 0 2.1651 0.999 0.0001 2.1637
10 24 500 10 38.1663 0.172 0.01638 0.012269 0.129 0.010565 0.010456
10 24 500 20 38.166 0.311 0.026039 0.018418 0.241 0.021029 0.018533
10 24 500 40 38.166 0.478 0.029208 0.035957 0.407 0.024092 0.035335
10 24 500 60 38.166 0.603 0.028375 0.053925 0.536 0.028994 0.053051
10 24 500 80 38.166 0.668 0.021996 0.072129 0.633 0.030516 0.071807
10 24 500 100 38.166 0.743 0.018637 0.091318 0.721 0.02309 0.090829
10 24 500 120 38.166 0.801 0.015454 0.11066 0.771 0.019858 0.11019
10 24 500 200 38.166 0.898 0.011107 0.19264 0.88 0.010909 0.19127
10 24 500 400 38.166 0.97 0.0025253 0.40632 0.966 0.0030747 0.40664
10 24 500 600 38.166 0.991 0.00082727 0.62962 0.981 0.0019586 0.62588
10 24 500 800 38.166 0.997 0.00029394 0.8659 0.994 0.0005697 0.86831
10 24 500 1000 38.166 0.998 0.00019798 1.0934 0.997 0.00029394 1.0605
10 24 500 1200 38.166 1 0 1.3199 1 0 1.3211
10 24 500 1500 38.166 1 0 1.6011 1 0 1.5986
10 24 500 2000 38.166 1 0 2.1578 1 0 2.1537
10 36 100 10 19.886 0.194 0.014711 0.017656 0.158 0.011147 0.016294
10 36 100 20 19.886 0.342 0.026905 0.029319 0.287 0.020132 0.029752
10 36 100 40 19.886 0.551 0.025555 0.057675 0.488 0.024299 0.057988
10 36 100 60 19.886 0.68 0.022828 0.088232 0.635 0.023308 0.087806
10 36 100 80 19.886 0.748 0.021511 0.11918 0.721 0.020464 0.11826
10 36 100 100 19.886 0.804 0.015943 0.15111 0.789 0.016544 0.15146
10 36 100 120 19.886 0.848 0.011814 0.18349 0.826 0.017297 0.18318
10 36 100 200 19.886 0.938 0.004804 0.31708 0.922 0.008198 0.31748
10 36 100 400 19.886 0.979 0.0020798 0.66292 0.978 0.0021374 0.65636
10 36 100 600 19.886 0.989 0.0011909 0.95651 0.99 0.0011111 0.95777
10 36 100 800 19.886 0.995 0.00068182 1.2777 0.995 0.0004798 1.2771
10 36 100 1000 19.886 0.996 0.0005899 1.5094 0.997 0.00029394 1.5051
10 36 100 1200 19.886 0.996 0.0005899 1.8075 0.999 0.0001 1.7617
10 36 100 1500 19.886 0.999 0.0001 2.1367 1 0 2.1382
10 36 100 2000 19.886 1 0 2.7594 1 0 2.756
10 36 500 10 72.1344 0.18 0.018384 0.018632 0.139 0.012504 0.016772
10 36 500 20 72.134 0.337 0.027001 0.032105 0.28 0.019596 0.031151
10 36 500 40 72.134 0.535 0.029571 0.059748 0.481 0.027211 0.059993
10 36 500 60 72.134 0.655 0.023914 0.090352 0.62 0.022424 0.090081
10 36 500 80 72.134 0.75 0.017879 0.12196 0.723 0.020375 0.12175
10 36 500 100 72.134 0.817 0.015971 0.15461 0.79 0.017071 0.15423
10 36 500 120 72.134 0.859 0.011534 0.18747 0.84 0.014141 0.18748
10 36 500 200 72.134 0.943 0.0061121 0.3228 0.937 0.0057889 0.32281
10 36 500 400 72.134 0.992 0.00074343 0.66585 0.991 0.0010293 0.66618
10 36 500 600 72.134 0.998 0.00019798 0.96652 0.997 0.00029394 0.96493
10 36 500 800 72.134 0.999 0.0001 1.2506 1 0 1.2488
10 36 500 1000 72.134 1 0 1.5097 1 0 1.5059
10 36 500 1200 72.134 1 0 1.7589 1 0 1.7585
10 36 500 1500 72.134 1 0 2.1188 1 0 2.1167
10 36 500 2000 72.134 1 0 2.7213 1 0 2.7245
10 48 100 10 26.8426 0.215 0.019672 0.024043 0.187 0.015082 0.022616
10 48 100 20 26.843 0.374 0.02659 0.041786 0.343 0.021264 0.042342
10 48 100 40 26.843 0.569 0.028625 0.081756 0.528 0.026279 0.083117
10 48 100 60 26.843 0.702 0.025046 0.12571 0.64 0.02404 0.12567
10 48 100 80 26.843 0.783 0.017183 0.16847 0.745 0.020682 0.17063
10 48 100 100 26.843 0.832 0.013713 0.2126 0.799 0.019898 0.21203
10 48 100 120 26.843 0.863 0.011041 0.25721 0.84 0.016364 0.25828
10 48 100 200 26.843 0.943 0.0040919 0.44033 0.939 0.0078576 0.43932
10 48 100 400 26.843 0.989 0.00098889 0.88266 0.985 0.0018939 0.87816
10 48 100 600 26.843 0.995 0.0004798 1.2412 0.996 0.0005899 1.2297
10 48 100 800 26.843 0.998 0.00019798 1.5959 0.999 0.0001 1.5703
10 48 100 1000 26.843 0.999 0.0001 1.8997 1 0 1.8762
10 48 100 1200 26.843 1 0 2.1821 1 0 2.1574
10 48 100 1500 26.843 1 0 2.6198 1 0 2.5254
10 48 100 2000 26.843 1 0 3.2585 1 0 3.1573
10 48 500 10 107.224 0.214 0.017782 0.036299 0.184 0.013277 0.030451
10 48 500 20 107.22 0.387 0.027001 0.048922 0.334 0.017216 0.043129
10 48 500 40 107.22 0.588 0.028339 0.085839 0.542 0.026905 0.085568
10 48 500 60 107.22 0.723 0.022597 0.12975 0.673 0.024819 0.12963
10 48 500 80 107.22 0.802 0.016562 0.17466 0.764 0.018691 0.17441
10 48 500 100 107.22 0.857 0.012577 0.22071 0.828 0.012137 0.22039
10 48 500 120 107.22 0.896 0.0096808 0.26766 0.872 0.010521 0.27323
10 48 500 200 107.22 0.959 0.0042616 0.46576 0.961 0.0038172 0.45721
10 48 500 400 107.22 0.996 0.00038788 0.91465 0.996 0.0005899 0.89535
10 48 500 600 107.22 1 0 1.2961 0.999 0.0001 1.2999
10 48 500 800 107.22 1 0 1.6047 1 0 1.589
10 48 500 1000 107.22 1 0 1.8808 1 0 1.8803
10 48 500 1200 107.22 1 0 2.1599 1 0 2.1572
10 48 500 1500 107.22 1 0 2.5491 1 0 2.5454
10 48 500 2000 107.22 1 0 3.1659 1 0 3.1765
10 64 100 10 189.302 0.235 0.019672 0.04521 0.193 0.018435 0.037769
10 64 100 20 189.3 0.39 0.032222 0.062277 0.362 0.024602 0.059032
10 64 100 40 189.3 0.582 0.032804 0.1179 0.593 0.018637 0.11958
10 64 100 60 189.3 0.712 0.026319 0.17981 0.72 0.017172 0.18124
10 64 100 80 189.3 0.806 0.017539 0.24469 0.793 0.016213 0.24454
10 64 100 100 189.3 0.857 0.013385 0.31144 0.846 0.013216 0.31146
10 64 100 120 189.3 0.891 0.011332 0.37747 0.887 0.010031 0.3777
10 64 100 200 189.3 0.963 0.0035667 0.6373 0.963 0.0031626 0.63673
10 64 100 400 189.3 0.993 0.00065758 1.1814 0.997 0.00029394 1.1811
10 64 100 600 189.3 1 0 1.6645 0.998 0.00019798 1.6345
10 64 100 800 189.3 1 0 2.0454 1 0 2.0178
10 64 100 1000 189.3 1 0 2.3923 1 0 2.3357
10 64 100 1200 189.3 1 0 2.6351 1 0 2.6353
10 64 100 1500 189.3 1 0 3.0478 1 0 3.0437
10 64 100 2000 189.3 1 0 3.8 1 0 3.6911
10 64 500 10 138.387 0.207 0.018637 0.046604 0.19 0.01404 0.038568
10 64 500 20 138.39 0.398 0.027673 0.065124 0.354 0.023317 0.060935
10 64 500 40 138.39 0.619 0.027615 0.12422 0.583 0.023243 0.12438
10 64 500 60 138.39 0.75 0.021111 0.18746 0.723 0.016334 0.18673
10 64 500 80 138.39 0.828 0.017592 0.25561 0.812 0.013188 0.25416
10 64 500 100 138.39 0.878 0.010622 0.31912 0.862 0.010865 0.31733
10 64 500 120 138.39 0.912 0.0089455 0.38545 0.893 0.0085364 0.38414
10 64 500 200 138.39 0.969 0.0027667 0.65739 0.972 0.0032485 0.65689
10 64 500 400 138.39 0.997 0.00029394 1.2219 0.998 0.00019798 1.2088
10 64 500 600 138.39 1 0 1.694 0.999 0.0001 1.6613
10 64 500 800 138.39 1 0 2.0206 1 0 2.0243
10 64 500 1000 138.39 1 0 2.3437 1 0 2.3419
10 64 500 1200 138.39 1 0 2.6388 1 0 2.6389
10 64 500 1500 138.39 1 0 3.0655 1 0 3.041
10 64 500 2000 138.39 1 0 3.6748 1 0 3.6705
10 96 100 10 277.044 0.241 0.023454 0.049237 0.241 0.019413 0.047097
10 96 100 20 277.04 0.437 0.031647 0.094005 0.408 0.021349 0.094048
10 96 100 40 277.04 0.66 0.026869 0.19228 0.652 0.02939 0.1908
10 96 100 60 277.04 0.777 0.020981 0.29162 0.769 0.019736 0.29034
10 96 100 80 277.04 0.848 0.015855 0.3891 0.841 0.014767 0.38715
10 96 100 100 277.04 0.902 0.0088848 0.48693 0.9 0.0080808 0.48573
10 96 100 120 277.04 0.931 0.006403 0.5836 0.927 0.0068394 0.58304
10 96 100 200 277.04 0.98 0.0018182 0.94585 0.982 0.0014909 0.94358
10 96 100 400 277.04 0.998 0.00019798 1.6438 0.998 0.00019798 1.6421
10 96 100 600 277.04 1 0 2.1593 1 0 2.1565
10 96 100 800 277.04 1 0 2.5606 1 0 2.5613
10 96 100 1000 277.04 1 0 2.9038 1 0 2.8989
10 96 100 1200 277.04 1 0 3.2013 1 0 3.2025
10 96 100 1500 277.04 1 0 3.602 1 0 3.5938
10 96 100 2000 277.04 1 0 4.2013 1 0 4.1994
10 96 500 10 141.036 0.248 0.022117 0.067553 0.21 0.017273 0.05522
10 96 500 20 141.04 0.441 0.024666 0.099224 0.386 0.020812 0.098854
10 96 500 40 141.04 0.651 0.027575 0.20055 0.633 0.023647 0.20052
10 96 500 60 141.04 0.79 0.017475 0.30725 0.775 0.013207 0.30762
10 96 500 80 141.04 0.856 0.015822 0.41442 0.861 0.011292 0.4137
10 96 500 100 141.04 0.91 0.010404 0.51481 0.905 0.0085606 0.51314
10 96 500 120 141.04 0.937 0.0057889 0.6246 0.931 0.0070091 0.62465
10 96 500 200 141.04 0.986 0.0014182 1.0142 0.978 0.0021374 1.0104
10 96 500 400 141.04 0.997 0.00029394 1.7651 0.999 0.0001 1.7655
10 96 500 600 141.04 1 0 2.2536 0.999 0.0001 2.2481
10 96 500 800 141.04 1 0 2.7198 1 0 2.68
10 96 500 1000 141.04 1 0 2.9939 1 0 2.9914
10 96 500 1200 141.04 1 0 3.2838 1 0 3.2835
10 96 500 1500 141.04 1 0 3.6746 1 0 3.6692
10 96 500 2000 141.04 1 0 4.2579 1 0 4.255
