k probes k_factor build_time recall var_recall query_time val_recall val_var_recall val_query_time
10 1 1 7.07783 0.001 0.0001 0.014973 0 0 0.014537
10 1 2 7.0778 0.001 0.0001 0.01466 0 0 0.014585
10 1 3 7.0778 0.001 0.0001 0.015507 0.001 0.0001 0.015141
10 1 4 7.0778 0.002 0.00019798 0.015419 0.003 0.00029394 0.015334
10 1 5 7.0778 0.002 0.00019798 0.015832 0.003 0.00029394 0.015498
10 1 8 7.0778 0.003 0.00029394 0.016611 0.003 0.00029394 0.016499
10 1 10 7.0778 0.003 0.00029394 0.016906 0.004 0.00038788 0.016948
10 1 12 7.0778 0.003 0.00029394 0.017492 0.004 0.00038788 0.017389
10 1 20 7.0778 0.009 0.00082727 0.019823 0.008 0.00074343 0.019937
10 1 25 7.0778 0.01 0.00090909 0.020822 0.008 0.00074343 0.020599
10 1 50 7.0778 0.01 0.00090909 0.022221 0.009 0.00082727 0.021664
10 1 75 7.0778 0.01 0.00090909 0.022282 0.009 0.00082727 0.022021
10 1 100 7.0778 0.01 0.00090909 0.023259 0.009 0.00082727 0.023014
10 1 250 7.0778 0.01 0.00090909 0.026915 0.009 0.00082727 0.026469
10 1 500 7.0778 0.01 0.00090909 0.032438 0.009 0.00082727 0.03213
10 2 1 7.0778 0.001 0.0001 0.014477 0 0 0.014323
10 2 2 7.0778 0.001 0.0001 0.014621 0 0 0.014503
10 2 3 7.0778 0.001 0.0001 0.015069 0.001 0.0001 0.014737
10 2 4 7.0778 0.001 0.0001 0.015067 0.002 0.00019798 0.014958
10 2 5 7.0778 0.001 0.0001 0.01535 0.002 0.00019798 0.015184
10 2 8 7.0778 0.002 0.00019798 0.01648 0.003 0.00029394 0.016185
10 2 10 7.0778 0.002 0.00019798 0.016794 0.003 0.00029394 0.016811
10 2 12 7.0778 0.002 0.00019798 0.017481 0.003 0.00029394 0.01761
10 2 20 7.0778 0.006 0.0005697 0.020533 0.007 0.00065758 0.020818
10 2 25 7.0778 0.008 0.00074343 0.022455 0.009 0.00082727 0.022701
10 2 50 7.0778 0.017 0.0016273 0.028789 0.014 0.0014182 0.028708
10 2 75 7.0778 0.017 0.0016273 0.029779 0.014 0.0014182 0.029561
10 2 100 7.0778 0.017 0.0016273 0.030832 0.014 0.0014182 0.030741
10 2 250 7.0778 0.017 0.0016273 0.035078 0.014 0.0014182 0.034815
10 2 500 7.0778 0.017 0.0016273 0.041417 0.014 0.0014182 0.041203
10 4 1 7.0778 0.001 0.0001 0.014783 0 0 0.014573
10 4 2 7.0778 0.001 0.0001 0.014882 0 0 0.014761
10 4 3 7.0778 0.001 0.0001 0.015107 0.001 0.0001 0.014995
10 4 4 7.0778 0.001 0.0001 0.015544 0.002 0.00019798 0.015202
10 4 5 7.0778 0.001 0.0001 0.015511 0.002 0.00019798 0.015422
10 4 8 7.0778 0.002 0.00019798 0.017312 0.003 0.00029394 0.016574
10 4 10 7.0778 0.002 0.00019798 0.017089 0.003 0.00029394 0.017095
10 4 12 7.0778 0.002 0.00019798 0.018151 0.004 0.00038788 0.017894
10 4 20 7.0778 0.006 0.0005697 0.021028 0.008 0.00074343 0.021232
10 4 25 7.0778 0.008 0.00074343 0.023242 0.01 0.00090909 0.023202
10 4 50 7.0778 0.014 0.0014182 0.032569 0.019 0.0017566 0.03245
10 4 75 7.0778 0.026 0.0025495 0.040668 0.025 0.002096 0.040161
10 4 100 7.0778 0.028 0.0028444 0.045062 0.027 0.0021929 0.044056
10 4 250 7.0778 0.028 0.0028444 0.050096 0.027 0.0021929 0.049249
10 4 500 7.0778 0.028 0.0028444 0.057738 0.027 0.0021929 0.056942
10 8 1 7.0778 0.001 0.0001 0.015309 0 0 0.015057
10 8 2 7.0778 0.001 0.0001 0.015358 0 0 0.015243
10 8 3 7.0778 0.001 0.0001 0.015574 0.001 0.0001 0.015451
10 8 4 7.0778 0.001 0.0001 0.015766 0.002 0.00019798 0.015681
10 8 5 7.0778 0.001 0.0001 0.016229 0.002 0.00019798 0.015915
10 8 8 7.0778 0.002 0.00019798 0.016942 0.003 0.00029394 0.016956
10 8 10 7.0778 0.002 0.00019798 0.0175 0.003 0.00029394 0.01755
10 8 12 7.0778 0.002 0.00019798 0.01822 0.004 0.00038788 0.018307
10 8 20 7.0778 0.006 0.0005697 0.02144 0.008 0.00074343 0.021691
10 8 25 7.0778 0.007 0.00065758 0.023586 0.01 0.00090909 0.023608
10 8 50 7.0778 0.016 0.0017616 0.03286 0.02 0.0016162 0.033069
10 8 75 7.0778 0.027 0.003001 0.04218 0.027 0.002799 0.04253
10 8 100 7.0778 0.035 0.0033081 0.051186 0.032 0.0030061 0.051658
10 8 250 7.0778 0.05 0.0043434 0.077506 0.043 0.004496 0.077392
10 8 500 7.0778 0.05 0.0043434 0.08743 0.043 0.004496 0.086881
10 16 1 7.0778 0.001 0.0001 0.016495 0 0 0.016004
10 16 2 7.0778 0.001 0.0001 0.016264 0 0 0.016165
10 16 3 7.0778 0.001 0.0001 0.016486 0.001 0.0001 0.016401
10 16 4 7.0778 0.001 0.0001 0.016689 0.002 0.00019798 0.01661
10 16 5 7.0778 0.001 0.0001 0.016878 0.002 0.00019798 0.016848
10 16 8 7.0778 0.002 0.00019798 0.018201 0.003 0.00029394 0.017931
10 16 10 7.0778 0.002 0.00019798 0.018451 0.003 0.00029394 0.018586
10 16 12 7.0778 0.002 0.00019798 0.019171 0.004 0.00038788 0.019279
10 16 20 7.0778 0.006 0.0005697 0.02241 0.008 0.00074343 0.022646
10 16 25 7.0778 0.007 0.00065758 0.024541 0.01 0.00090909 0.024588
10 16 50 7.0778 0.016 0.0017616 0.034064 0.019 0.0015545 0.034031
10 16 75 7.0778 0.022 0.0025414 0.043305 0.025 0.002298 0.043515
10 16 100 7.0778 0.033 0.0036475 0.053337 0.032 0.0030061 0.053086
10 16 250 7.0778 0.069 0.006201 0.10885 0.06 0.0052525 0.10734
10 16 500 7.0778 0.084 0.0078222 0.14351 0.079 0.0079384 0.14255
10 32 1 7.0778 0.001 0.0001 0.018336 0 0 0.017774
10 32 2 7.0778 0.001 0.0001 0.01827 0 0 0.018372
10 32 3 7.0778 0.001 0.0001 0.018406 0.001 0.0001 0.018188
10 32 4 7.0778 0.001 0.0001 0.018547 0.002 0.00019798 0.018458
10 32 5 7.0778 0.001 0.0001 0.018673 0.002 0.00019798 0.01865
10 32 8 7.0778 0.002 0.00019798 0.019667 0.003 0.00029394 0.019708
10 32 10 7.0778 0.002 0.00019798 0.020261 0.003 0.00029394 0.020349
10 32 12 7.0778 0.002 0.00019798 0.021202 0.004 0.00038788 0.021078
10 32 20 7.0778 0.006 0.0005697 0.024192 0.008 0.00074343 0.024476
10 32 25 7.0778 0.007 0.00065758 0.02627 0.01 0.00090909 0.026377
10 32 50 7.0778 0.016 0.0017616 0.035807 0.019 0.0015545 0.035802
10 32 75 7.0778 0.022 0.0025414 0.045152 0.025 0.002298 0.045343
10 32 100 7.0778 0.033 0.0036475 0.054853 0.032 0.0030061 0.054789
10 32 250 7.0778 0.065 0.0063384 0.11448 0.064 0.0059636 0.11205
10 32 500 7.0778 0.114 0.012933 0.21303 0.111 0.01008 0.20998
10 64 1 7.0778 0.001 0.0001 0.021543 0 0 0.021215
10 64 2 7.0778 0.001 0.0001 0.021806 0 0 0.021398
10 64 3 7.0778 0.001 0.0001 0.021733 0.001 0.0001 0.02164
10 64 4 7.0778 0.001 0.0001 0.022198 0.002 0.00019798 0.021859
10 64 5 7.0778 0.001 0.0001 0.022144 0.002 0.00019798 0.022075
10 64 8 7.0778 0.002 0.00019798 0.023978 0.003 0.00029394 0.023229
10 64 10 7.0778 0.002 0.00019798 0.023535 0.003 0.00029394 0.023696
10 64 12 7.0778 0.002 0.00019798 0.024407 0.004 0.00038788 0.024539
10 64 20 7.0778 0.006 0.0005697 0.027573 0.008 0.00074343 0.027929
10 64 25 7.0778 0.007 0.00065758 0.029811 0.01 0.00090909 0.029844
10 64 50 7.0778 0.016 0.0017616 0.039369 0.019 0.0015545 0.039276
10 64 75 7.0778 0.022 0.0025414 0.048593 0.025 0.002298 0.048829
10 64 100 7.0778 0.033 0.0036475 0.058321 0.032 0.0030061 0.058278
10 64 250 7.0778 0.063 0.0059909 0.118 0.064 0.0059636 0.11599
10 64 500 7.0778 0.112 0.012986 0.22207 0.109 0.0093121 0.21897
10 128 1 7.0778 0.001 0.0001 0.027994 0 0 0.027681
10 128 2 7.0778 0.001 0.0001 0.028028 0 0 0.028858
10 128 3 7.0778 0.001 0.0001 0.028259 0.001 0.0001 0.028124
10 128 4 7.0778 0.001 0.0001 0.028384 0.002 0.00019798 0.028326
10 128 5 7.0778 0.001 0.0001 0.028557 0.002 0.00019798 0.028521
10 128 8 7.0778 0.002 0.00019798 0.029568 0.003 0.00029394 0.029621
10 128 10 7.0778 0.002 0.00019798 0.030593 0.003 0.00029394 0.030238
10 128 12 7.0778 0.002 0.00019798 0.030872 0.004 0.00038788 0.030967
10 128 20 7.0778 0.006 0.0005697 0.034436 0.008 0.00074343 0.03452
10 128 25 7.0778 0.007 0.00065758 0.036249 0.01 0.00090909 0.036332
10 128 50 7.0778 0.016 0.0017616 0.045709 0.019 0.0015545 0.045755
10 128 75 7.0778 0.022 0.0025414 0.055143 0.025 0.002298 0.055637
10 128 100 7.0778 0.033 0.0036475 0.064912 0.032 0.0030061 0.064812
10 128 250 7.0778 0.063 0.0059909 0.12503 0.064 0.0059636 0.12274
10 128 500 7.0778 0.111 0.01311 0.22913 0.108 0.0094303 0.22584
10 256 1 7.0778 0.001 0.0001 0.0403 0 0 0.039685
10 256 2 7.0778 0.001 0.0001 0.039809 0 0 0.039715
10 256 3 7.0778 0.001 0.0001 0.040025 0.001 0.0001 0.039962
10 256 4 7.0778 0.001 0.0001 0.040222 0.002 0.00019798 0.040195
10 256 5 7.0778 0.001 0.0001 0.040482 0.002 0.00019798 0.040446
10 256 8 7.0778 0.002 0.00019798 0.0416 0.003 0.00029394 0.0415
10 256 10 7.0778 0.002 0.00019798 0.042011 0.003 0.00029394 0.042136
10 256 12 7.0778 0.002 0.00019798 0.043245 0.004 0.00038788 0.042894
10 256 20 7.0778 0.006 0.0005697 0.04605 0.008 0.00074343 0.046294
10 256 25 7.0778 0.007 0.00065758 0.048217 0.01 0.00090909 0.048306
10 256 50 7.0778 0.016 0.0017616 0.057681 0.019 0.0015545 0.057717
10 256 75 7.0778 0.022 0.0025414 0.066494 0.025 0.002298 0.066737
10 256 100 7.0778 0.033 0.0036475 0.076776 0.032 0.0030061 0.076921
10 256 250 7.0778 0.063 0.0059909 0.13724 0.064 0.0059636 0.13492
10 256 500 7.0778 0.111 0.01311 0.24155 0.108 0.0094303 0.23869
10 512 1 7.0778 0.001 0.0001 0.059638 0 0 0.059354
10 512 2 7.0778 0.001 0.0001 0.059682 0 0 0.059765
10 512 3 7.0778 0.001 0.0001 0.060464 0.001 0.0001 0.060103
10 512 4 7.0778 0.001 0.0001 0.060161 0.002 0.00019798 0.06009
10 512 5 7.0778 0.001 0.0001 0.060345 0.002 0.00019798 0.060302
10 512 8 7.0778 0.002 0.00019798 0.061294 0.003 0.00029394 0.061389
10 512 10 7.0778 0.002 0.00019798 0.062613 0.003 0.00029394 0.06233
10 512 12 7.0778 0.002 0.00019798 0.062985 0.004 0.00038788 0.062813
10 512 20 7.0778 0.006 0.0005697 0.066594 0.008 0.00074343 0.06619
10 512 25 7.0778 0.007 0.00065758 0.068046 0.01 0.00090909 0.06815
10 512 50 7.0778 0.016 0.0017616 0.078562 0.019 0.0015545 0.077957
10 512 75 7.0778 0.022 0.0025414 0.086882 0.025 0.002298 0.087112
10 512 100 7.0778 0.033 0.0036475 0.09673 0.032 0.0030061 0.096673
10 512 250 7.0778 0.063 0.0059909 0.15686 0.064 0.0059636 0.15477
10 512 500 7.0778 0.111 0.01311 0.26179 0.108 0.0094303 0.25851
10 1024 1 7.0778 0.001 0.0001 0.084478 0 0 0.084245
10 1024 2 7.0778 0.001 0.0001 0.08465 0 0 0.084117
10 1024 3 7.0778 0.001 0.0001 0.084617 0.001 0.0001 0.084826
10 1024 4 7.0778 0.001 0.0001 0.086569 0.002 0.00019798 0.08568
10 1024 5 7.0778 0.001 0.0001 0.085052 0.002 0.00019798 0.08499
10 1024 8 7.0778 0.002 0.00019798 0.086136 0.003 0.00029394 0.086378
10 1024 10 7.0778 0.002 0.00019798 0.088752 0.003 0.00029394 0.087709
10 1024 12 7.0778 0.002 0.00019798 0.087501 0.004 0.00038788 0.087628
10 1024 20 7.0778 0.006 0.0005697 0.091067 0.008 0.00074343 0.091027
10 1024 25 7.0778 0.007 0.00065758 0.093027 0.01 0.00090909 0.092946
10 1024 50 7.0778 0.016 0.0017616 0.10312 0.019 0.0015545 0.10474
10 1024 75 7.0778 0.022 0.0025414 0.11194 0.025 0.002298 0.1127
10 1024 100 7.0778 0.033 0.0036475 0.12175 0.032 0.0030061 0.12202
10 1024 250 7.0778 0.063 0.0059909 0.18217 0.064 0.0059636 0.18023
10 1024 500 7.0778 0.111 0.01311 0.28943 0.108 0.0094303 0.28523
10 2048 1 7.0778 0.001 0.0001 0.096525 0 0 0.096983
10 2048 2 7.0778 0.001 0.0001 0.096697 0 0 0.096541
10 2048 3 7.0778 0.001 0.0001 0.097212 0.001 0.0001 0.096983
10 2048 4 7.0778 0.001 0.0001 0.097086 0.002 0.00019798 0.096946
10 2048 5 7.0778 0.001 0.0001 0.097473 0.002 0.00019798 0.097362
10 2048 8 7.0778 0.002 0.00019798 0.10028 0.003 0.00029394 0.098667
10 2048 10 7.0778 0.002 0.00019798 0.099066 0.003 0.00029394 0.099299
10 2048 12 7.0778 0.002 0.00019798 0.099646 0.004 0.00038788 0.099871
10 2048 20 7.0778 0.006 0.0005697 0.1021 0.008 0.00074343 0.1029
10 2048 25 7.0778 0.007 0.00065758 0.10512 0.01 0.00090909 0.10516
10 2048 50 7.0778 0.016 0.0017616 0.11452 0.019 0.0015545 0.11465
10 2048 75 7.0778 0.022 0.0025414 0.12403 0.025 0.002298 0.12425
10 2048 100 7.0778 0.033 0.0036475 0.13431 0.032 0.0030061 0.13452
10 2048 250 7.0778 0.063 0.0059909 0.19492 0.064 0.0059636 0.19249
10 2048 500 7.0778 0.111 0.01311 0.30017 0.108 0.0094303 0.29702
10 4096 1 7.0778 0.001 0.0001 0.10469 0 0 0.1044
10 4096 2 7.0778 0.001 0.0001 0.10477 0 0 0.10439
10 4096 3 7.0778 0.001 0.0001 0.10521 0.001 0.0001 0.10479
10 4096 4 7.0778 0.001 0.0001 0.10521 0.002 0.00019798 0.10566
10 4096 5 7.0778 0.001 0.0001 0.10599 0.002 0.00019798 0.1055
10 4096 8 7.0778 0.002 0.00019798 0.10746 0.003 0.00029394 0.10875
10 4096 10 7.0778 0.002 0.00019798 0.10844 0.003 0.00029394 0.10743
10 4096 12 7.0778 0.002 0.00019798 0.10774 0.004 0.00038788 0.10785
10 4096 20 7.0778 0.006 0.0005697 0.1116 0.008 0.00074343 0.11186
10 4096 25 7.0778 0.007 0.00065758 0.113 0.01 0.00090909 0.11311
10 4096 50 7.0778 0.016 0.0017616 0.12316 0.019 0.0015545 0.12291
10 4096 75 7.0778 0.022 0.0025414 0.13251 0.025 0.002298 0.13275
10 4096 100 7.0778 0.033 0.0036475 0.14224 0.032 0.0030061 0.14189
10 4096 250 7.0778 0.063 0.0059909 0.20263 0.064 0.0059636 0.20054
10 4096 500 7.0778 0.111 0.01311 0.30857 0.108 0.0094303 0.30532
10 8192 1 7.0778 0.001 0.0001 0.12054 0 0 0.11944
10 8192 2 7.0778 0.001 0.0001 0.11825 0 0 0.11784
10 8192 3 7.0778 0.001 0.0001 0.11759 0.001 0.0001 0.11768
10 8192 4 7.0778 0.001 0.0001 0.11768 0.002 0.00019798 0.11785
10 8192 5 7.0778 0.001 0.0001 0.1193 0.002 0.00019798 0.11859
10 8192 8 7.0778 0.002 0.00019798 0.12029 0.003 0.00029394 0.11992
10 8192 10 7.0778 0.002 0.00019798 0.11969 0.003 0.00029394 0.11996
10 8192 12 7.0778 0.002 0.00019798 0.12125 0.004 0.00038788 0.12178
10 8192 20 7.0778 0.006 0.0005697 0.12366 0.008 0.00074343 0.12439
10 8192 25 7.0778 0.007 0.00065758 0.12689 0.01 0.00090909 0.12724
10 8192 50 7.0778 0.016 0.0017616 0.13599 0.019 0.0015545 0.13612
10 8192 75 7.0778 0.022 0.0025414 0.14574 0.025 0.002298 0.14552
10 8192 100 7.0778 0.033 0.0036475 0.15557 0.032 0.0030061 0.15504
10 8192 250 7.0778 0.063 0.0059909 0.21842 0.064 0.0059636 0.21567
10 8192 500 7.0778 0.111 0.01311 0.32118 0.108 0.0094303 0.31785
