k m efc search build_time recall var_recall query_time val_recall val_var_recall val_query_time r0 r1 r2 r3 r4 r5 r6 r7 r8 r9 r10
10 4 100 10 8.82201 0.378 0.070386 0.17163 0.3696 0.070066 0.17292 140 109 116 99 145 114 97 81 59 29 11 
10 4 100 20 8.822 0.5362 0.077367 0.27326 0.5256 0.077102 0.27707 55 50 83 87 102 111 119 137 110 91 55 
10 4 100 40 8.822 0.6635 0.067605 0.46136 0.6628 0.068525 0.46214 25 21 35 57 77 91 107 149 144 167 127 
10 4 100 60 8.822 0.7143 0.060486 0.63481 0.7164 0.05913 0.63752 15 19 24 39 64 72 92 138 178 189 170 
10 4 100 80 8.822 0.7435 0.055473 0.79929 0.7436 0.052872 0.80118 10 11 21 34 60 69 90 104 188 207 206 
10 4 100 100 8.822 0.759 0.052451 0.95812 0.7624 0.050377 0.99636 8 10 19 28 53 66 92 97 181 223 223 
10 4 100 120 8.822 0.7707 0.049441 1.3037 0.778 0.047664 1.2136 7 5 20 25 50 64 83 103 175 232 236 
10 4 100 200 8.822 0.8047 0.041169 1.5738 0.8125 0.040334 1.5711 6 0 12 18 39 49 75 99 181 233 288 
10 4 100 400 8.822 0.8347 0.031237 2.9946 0.8377 0.033963 2.8887 0 0 4 12 29 42 72 96 161 255 329 
10 4 100 600 8.822 0.8498 0.027628 4.2269 0.8508 0.030029 4.2258 0 0 2 9 22 40 59 88 164 263 353 
10 4 100 800 8.822 0.8567 0.026361 5.6328 0.857 0.02854 5.6251 0 0 2 7 22 36 53 85 161 267 367 
10 4 100 1000 8.822 0.8624 0.025051 7.1136 0.8637 0.027019 7.123 0 0 1 6 21 34 50 82 155 274 377 
10 4 100 1200 8.822 0.8655 0.024284 8.7766 0.8685 0.026004 8.6577 0 0 1 6 15 36 51 83 151 270 387 
10 4 100 1500 8.822 0.8692 0.023515 11.408 0.8725 0.024979 11.193 0 0 1 6 14 32 49 82 152 268 396 
10 4 100 2000 8.822 0.8732 0.022344 15.834 0.8756 0.024069 15.821 0 0 1 6 12 27 49 80 148 279 398 
10 4 500 10 36.1203 0.4083 0.073034 0.17678 0.3959 0.072806 0.17755 114 94 113 127 110 124 104 91 63 43 17 
10 4 500 20 36.12 0.5854 0.076964 0.28339 0.5683 0.072698 0.28537 36 48 62 75 94 98 130 139 120 102 96 
10 4 500 40 36.12 0.7278 0.058346 0.48614 0.7196 0.059175 0.48494 13 14 22 34 65 73 99 126 162 199 193 
10 4 500 60 36.12 0.7933 0.043749 0.76296 0.7848 0.047116 0.76449 5 5 16 16 35 58 77 127 151 241 269 
10 4 500 80 36.12 0.8194 0.038322 0.85617 0.8158 0.040671 0.85211 4 3 10 14 28 48 70 99 163 250 311 
10 4 500 100 36.12 0.8377 0.034563 1.0325 0.8348 0.036926 1.0321 4 2 7 8 23 50 57 92 153 255 349 
10 4 500 120 36.12 0.8519 0.030507 1.3389 0.8479 0.03417 1.2256 3 1 4 8 18 45 48 88 157 251 377 
10 4 500 200 36.12 0.882 0.022839 2.1437 0.8826 0.025643 1.8693 1 1 3 3 10 23 49 66 147 253 444 
10 4 500 400 36.12 0.9079 0.017185 3.5436 0.9112 0.019114 3.2389 1 0 1 4 7 10 27 60 118 259 513 
10 4 500 600 36.12 0.9213 0.01401 4.7282 0.9202 0.017369 4.7454 1 0 0 3 4 9 16 52 106 255 554 
10 4 500 800 36.12 0.9282 0.012838 6.2719 0.9239 0.016635 6.2608 1 0 0 3 2 7 17 44 98 244 584 
10 4 500 1000 36.12 0.9322 0.011915 7.8846 0.9283 0.015745 7.8696 1 0 0 2 2 6 15 44 87 246 597 
10 4 500 1200 36.12 0.9352 0.011192 9.5759 0.9318 0.014844 9.5771 1 0 0 2 1 5 13 43 86 240 609 
10 4 500 1500 36.12 0.938 0.010787 12.284 0.9345 0.014434 12.249 1 0 0 2 1 5 11 40 83 235 622 
10 4 500 2000 36.12 0.9419 0.010205 17.394 0.9382 0.013795 17.184 1 0 0 2 1 4 10 36 78 227 641 
10 8 100 10 13.5909 0.5451 0.078575 0.29389 0.5548 0.074672 0.29219 49 66 65 88 96 105 123 133 121 95 59 
10 8 100 20 13.591 0.7201 0.060587 0.47389 0.728 0.057193 0.4733 14 21 17 43 60 68 108 133 152 198 186 
10 8 100 40 13.591 0.827 0.03935 0.79698 0.8351 0.036935 0.79326 5 3 7 17 27 47 66 99 143 234 352 
10 8 100 60 13.591 0.8625 0.030374 1.2402 0.8713 0.028775 1.1975 4 0 6 9 14 31 54 87 133 242 420 
10 8 100 80 13.591 0.8821 0.024834 1.3715 0.889 0.024403 1.3865 3 0 2 8 11 21 40 81 129 245 460 
10 8 100 100 13.591 0.8953 0.020649 1.6665 0.9003 0.021912 1.5909 0 1 2 6 6 20 37 65 131 239 493 
10 8 100 120 13.591 0.9043 0.01853 1.7319 0.9088 0.019963 1.7239 0 1 2 3 6 15 37 53 129 235 519 
10 8 100 200 13.591 0.9234 0.014247 2.6032 0.9226 0.017126 2.5996 0 0 1 3 5 8 25 39 109 232 578 
10 8 100 400 13.591 0.9399 0.010328 4.5713 0.9395 0.012542 4.581 0 0 1 1 1 6 15 33 83 225 635 
10 8 100 600 13.591 0.9475 0.0089027 6.4758 0.9463 0.010817 6.4804 0 0 1 0 1 5 12 30 65 218 668 
10 8 100 800 13.591 0.9513 0.0081264 8.381 0.9495 0.01001 8.377 0 0 1 0 1 2 12 29 59 210 686 
10 8 100 1000 13.591 0.9521 0.0079435 10.321 0.9526 0.0090223 10.302 0 0 1 0 1 2 10 31 56 210 689 
10 8 100 1200 13.591 0.9544 0.0075081 12.286 0.9546 0.0085073 12.305 0 0 1 0 1 2 9 26 56 206 699 
10 8 100 1500 13.591 0.9558 0.0072336 15.408 0.9567 0.0079631 15.517 0 0 1 0 1 2 8 23 58 201 706 
10 8 100 2000 13.591 0.9583 0.0065176 21.008 0.9586 0.0074735 21.052 0 0 0 0 2 2 6 20 58 195 717 
10 8 500 10 51.9773 0.5771 0.07412 0.31422 0.5825 0.072216 0.31761 33 53 64 69 101 102 141 129 128 104 76 
10 8 500 20 51.977 0.7632 0.050356 0.52574 0.7656 0.050667 0.51995 4 12 18 37 32 66 91 131 163 212 234 
10 8 500 40 51.977 0.8737 0.026385 0.91764 0.8761 0.026325 0.89185 0 1 7 7 10 31 48 71 144 241 440 
10 8 500 60 51.977 0.9087 0.017912 1.2393 0.9144 0.018131 1.243 0 0 1 5 5 20 32 45 120 237 535 
10 8 500 80 51.977 0.9293 0.012564 1.5617 0.9295 0.015856 1.5642 0 0 0 2 4 7 24 39 91 239 594 
10 8 500 100 51.977 0.9388 0.010565 1.9371 0.9387 0.013746 1.8542 0 0 0 1 3 5 22 24 89 224 632 
10 8 500 120 51.977 0.9452 0.0091861 2.1553 0.9451 0.012709 2.1602 0 0 0 1 3 3 16 21 80 221 655 
10 8 500 200 51.977 0.9574 0.0069922 3.2712 0.9567 0.0097048 3.2798 0 0 0 0 2 3 9 16 65 185 720 
10 8 500 400 51.977 0.9679 0.0049045 5.7712 0.968 0.006983 5.5446 0 0 0 0 0 1 5 17 45 155 777 
10 8 500 600 51.977 0.973 0.0040951 7.5686 0.9715 0.0063841 7.4682 0 0 0 0 0 1 4 13 33 144 805 
10 8 500 800 51.977 0.9755 0.0037335 9.5882 0.9733 0.0059631 9.573 0 0 0 0 0 1 3 11 33 129 823 
10 8 500 1000 51.977 0.9768 0.0036054 11.658 0.9747 0.0057156 11.671 0 0 0 0 0 1 3 11 30 122 833 
10 8 500 1200 51.977 0.9779 0.003385 13.804 0.9756 0.0055502 13.847 0 0 0 0 0 1 3 10 25 124 837 
10 8 500 1500 51.977 0.9791 0.0032564 17.165 0.9771 0.0053509 17.419 0 0 0 0 0 1 3 9 25 115 847 
10 8 500 2000 51.977 0.9811 0.0029157 23.372 0.9783 0.0050842 23.247 0 0 0 0 0 0 4 8 21 107 860 
10 12 100 10 16.3938 0.6159 0.069427 0.37532 0.6163 0.068993 0.37509 25 37 50 70 85 89 149 126 160 119 90 
10 12 100 20 16.394 0.7707 0.04816 0.59617 0.7785 0.047816 0.59987 5 10 9 32 49 56 87 131 169 204 248 
10 12 100 40 16.394 0.8696 0.027163 0.99659 0.8677 0.028816 0.99964 0 1 4 6 20 33 45 83 132 243 433 
10 12 100 60 16.394 0.9035 0.018817 1.359 0.901 0.021601 1.3873 0 0 2 5 8 11 34 71 115 232 522 
10 12 100 80 16.394 0.917 0.015567 1.7285 0.9167 0.017729 1.6588 0 0 1 2 7 11 20 64 110 219 566 
10 12 100 100 16.394 0.9257 0.013983 1.8372 0.9264 0.015458 1.8448 0 0 1 2 5 10 16 53 103 212 598 
10 12 100 120 16.394 0.9327 0.012013 2.112 0.9328 0.013898 2.121 0 0 0 0 5 11 10 50 95 208 621 
10 12 100 200 16.394 0.9479 0.0082839 3.2223 0.9456 0.010571 3.1571 0 0 0 0 1 5 6 34 86 192 676 
10 12 100 400 16.394 0.9589 0.0064873 5.4419 0.9586 0.0076737 5.464 0 0 0 0 1 2 7 21 63 178 728 
10 12 100 600 16.394 0.9641 0.0056268 8.2471 0.9643 0.0066822 9.005 0 0 0 0 0 3 5 16 58 160 758 
10 12 100 800 16.394 0.968 0.0049409 11.38 0.9663 0.0064808 10.826 0 0 0 0 0 3 3 14 48 155 777 
10 12 100 1000 16.394 0.9699 0.0044685 11.903 0.9687 0.0061364 10.827 0 0 0 0 0 2 2 13 47 150 786 
10 12 100 1200 16.394 0.9714 0.0042263 12.292 0.9698 0.006014 12.394 0 0 0 0 0 2 2 11 44 147 794 
10 12 100 1500 16.394 0.9733 0.003921 15.351 0.9709 0.005829 15.512 0 0 0 0 0 1 3 9 43 137 807 
10 12 100 2000 16.394 0.975 0.0037588 20.829 0.9727 0.0053901 20.914 0 0 0 0 0 1 3 9 39 128 820 
10 12 500 10 60.0443 0.6511 0.062782 0.42783 0.6523 0.06508 0.43067 15 28 34 62 83 93 126 147 169 135 108 
10 12 500 20 60.044 0.817 0.037949 0.70475 0.8233 0.036784 0.7141 2 6 11 16 19 48 72 112 172 234 308 
10 12 500 40 60.044 0.9122 0.017349 1.202 0.9126 0.017198 1.309 0 0 5 3 6 10 22 59 111 244 540 
10 12 500 60 60.044 0.938 0.011988 1.6393 0.9368 0.013139 1.524 0 0 3 0 2 8 18 32 83 210 644 
10 12 500 80 60.044 0.9526 0.0091424 1.8957 0.949 0.01099 1.9073 0 0 1 1 2 5 13 21 62 183 712 
10 12 500 100 60.044 0.9583 0.007879 2.2643 0.9552 0.0097627 2.2713 0 0 1 1 0 4 13 15 60 165 741 
10 12 500 120 60.044 0.9611 0.0068236 2.5974 0.9605 0.0084382 2.6185 0 0 0 1 0 4 10 14 59 162 750 
10 12 500 200 60.044 0.9715 0.0044822 3.8792 0.9704 0.00615 3.9057 0 0 0 0 0 1 7 10 40 142 800 
10 12 500 400 60.044 0.9783 0.0034025 6.8064 0.9774 0.0049542 6.6477 0 0 0 0 0 1 3 10 27 116 843 
10 12 500 600 60.044 0.9812 0.0030296 9.0764 0.981 0.0044234 9.1265 0 0 0 0 0 1 2 9 26 96 866 
10 12 500 800 60.044 0.983 0.0027938 11.471 0.9827 0.0041949 11.497 0 0 0 0 0 1 2 8 23 87 879 
10 12 500 1000 60.044 0.984 0.0025465 13.8 0.9835 0.0040018 13.849 0 0 0 0 0 1 1 7 23 84 884 
10 12 500 1200 60.044 0.9845 0.0024322 16.417 0.9841 0.0039612 16.226 0 0 0 0 0 1 1 6 22 84 886 
10 12 500 1500 60.044 0.9855 0.002222 19.784 0.9852 0.0038048 19.817 0 0 0 0 0 1 1 3 24 79 892 
10 12 500 2000 60.044 0.9868 0.0020478 26.205 0.986 0.0037077 26.205 0 0 0 0 0 1 1 2 23 71 902 
10 16 100 10 18.936 0.6475 0.070744 0.4419 0.6419 0.068263 0.44606 20 37 43 53 88 95 103 131 154 161 115 
10 16 100 20 18.936 0.8083 0.043945 0.80052 0.8053 0.044186 0.73147 5 5 17 17 34 38 80 105 151 236 312 
10 16 100 40 18.936 0.8933 0.022988 1.166 0.89 0.025325 1.1723 0 0 4 8 8 25 38 62 120 228 507 
10 16 100 60 18.936 0.9196 0.016172 1.7074 0.9203 0.018336 1.5812 0 0 1 3 6 13 32 38 112 208 587 
10 16 100 80 18.936 0.938 0.012088 2.0034 0.9322 0.015078 1.9671 0 0 0 3 3 8 22 28 82 205 649 
10 16 100 100 18.936 0.9466 0.010239 2.1861 0.94 0.013674 2.1526 0 0 0 2 1 7 19 27 65 192 687 
10 16 100 120 18.936 0.9517 0.0091663 2.6297 0.9457 0.011333 2.4961 0 0 0 1 0 9 16 23 57 184 710 
10 16 100 200 18.936 0.9629 0.0065401 3.6463 0.9587 0.0083527 3.6613 0 0 0 0 0 4 13 16 44 163 760 
10 16 100 400 18.936 0.9727 0.0047094 6.209 0.9698 0.006074 6.189 0 0 0 0 0 2 7 13 35 126 817 
10 16 100 600 18.936 0.9762 0.0039375 8.4806 0.9748 0.00507 8.5104 0 0 0 0 0 2 4 11 29 121 833 
10 16 100 800 18.936 0.9793 0.003485 11.157 0.9769 0.0047612 10.784 0 0 0 0 0 2 3 10 24 107 854 
10 16 100 1000 18.936 0.9814 0.0030971 12.996 0.9779 0.0045662 13.015 0 0 0 0 0 1 3 10 21 97 868 
10 16 100 1200 18.936 0.9827 0.0027935 15.319 0.9786 0.0044665 15.364 0 0 0 0 0 1 3 6 22 94 874 
10 16 100 1500 18.936 0.984 0.0025666 18.729 0.9798 0.0043563 18.802 0 0 0 0 0 1 3 4 21 89 882 
10 16 100 2000 18.936 0.985 0.0023373 25.089 0.9812 0.0041507 25.086 0 0 0 0 0 1 2 3 22 84 888 
10 16 500 10 68.5841 0.7001 0.056967 0.50809 0.6909 0.06319 0.51595 12 8 29 52 72 81 110 129 174 199 134 
10 16 500 20 68.584 0.8541 0.032075 0.83527 0.8546 0.03093 0.84377 2 1 6 14 16 38 59 78 141 246 399 
10 16 500 40 68.584 0.932 0.01367 1.416 0.9333 0.014055 1.4313 0 0 0 3 4 7 28 47 72 203 636 
10 16 500 60 68.584 0.9552 0.0086816 1.9399 0.9528 0.010363 1.9561 0 0 0 0 3 5 13 29 50 166 734 
10 16 500 80 68.584 0.9648 0.0065675 2.4162 0.9621 0.0084621 2.4398 0 0 0 0 2 2 8 24 44 138 782 
10 16 500 100 68.584 0.9691 0.005761 2.8648 0.9664 0.0075586 2.8917 0 0 0 0 1 3 6 20 40 124 806 
10 16 500 120 68.584 0.9724 0.0049632 3.3 0.9714 0.0063884 3.3246 0 0 0 0 1 3 4 13 40 120 819 
10 16 500 200 68.584 0.979 0.0038829 4.8845 0.9776 0.0049632 4.8508 0 0 0 0 1 2 4 7 31 95 860 
10 16 500 400 68.584 0.9858 0.0025209 7.8116 0.9829 0.0041017 7.6396 0 0 0 0 0 1 4 4 19 71 901 
10 16 500 600 68.584 0.9877 0.0020608 10.186 0.9848 0.0037928 10.222 0 0 0 0 0 1 2 5 12 71 909 
10 16 500 800 68.584 0.9891 0.0018731 12.725 0.9862 0.0035932 12.766 0 0 0 0 0 1 2 4 11 62 920 
10 16 500 1000 68.584 0.9896 0.0017136 15.178 0.9868 0.0035293 15.266 0 0 0 0 0 0 3 4 9 62 922 
10 16 500 1200 68.584 0.9903 0.0016175 17.673 0.9877 0.0034021 17.741 0 0 0 0 0 0 3 3 10 56 928 
10 16 500 1500 68.584 0.9911 0.0015123 21.425 0.9885 0.0033011 21.497 0 0 0 0 0 0 3 3 8 52 934 
10 16 500 2000 68.584 0.9916 0.0014309 28.022 0.9893 0.0031587 28.456 0 0 0 0 0 0 3 2 9 48 938 
10 24 100 10 21.0654 0.6857 0.063889 0.52719 0.6936 0.058978 0.52918 14 24 36 43 62 98 114 136 152 168 153 
10 24 100 20 21.065 0.8322 0.03668 0.88846 0.838 0.03383 0.83417 4 7 5 9 25 38 70 99 168 219 356 
10 24 100 40 21.065 0.9136 0.016051 1.3586 0.9162 0.017435 1.3711 0 0 1 1 6 15 31 52 112 234 548 
10 24 100 60 21.065 0.9378 0.011062 1.8547 0.9373 0.013252 1.8596 0 0 1 0 2 8 17 36 87 212 637 
10 24 100 80 21.065 0.9507 0.0086482 2.1224 0.9486 0.011069 2.1008 0 0 1 0 0 6 9 29 78 176 701 
10 24 100 100 21.065 0.9578 0.0072264 2.4473 0.9543 0.0097112 2.473 0 0 0 0 1 4 7 26 64 162 736 
10 24 100 120 21.065 0.9635 0.0060238 2.7928 0.96 0.0078478 2.8236 0 0 0 0 1 2 6 20 54 157 760 
10 24 100 200 21.065 0.9734 0.0040165 4.1623 0.9707 0.0054169 4.121 0 0 0 0 0 2 3 10 35 144 806 
10 24 100 400 21.065 0.9815 0.0025703 6.8178 0.9789 0.0041289 6.8916 0 0 0 0 0 1 1 3 28 111 856 
10 24 100 600 21.065 0.9848 0.0021111 9.3123 0.9822 0.0036068 9.3651 0 0 0 0 0 1 1 1 22 96 879 
10 24 100 800 21.065 0.9864 0.0018569 11.669 0.9844 0.0034 11.757 0 0 0 0 0 1 1 0 18 91 889 
10 24 100 1000 21.065 0.9876 0.001728 14.065 0.9849 0.0033453 14.104 0 0 0 0 0 1 1 0 16 83 899 
10 24 100 1200 21.065 0.9885 0.0016394 16.415 0.9857 0.0031286 16.465 0 0 0 0 0 1 1 0 15 76 907 
10 24 100 1500 21.065 0.9894 0.0014691 19.966 0.9868 0.0029487 20.086 0 0 0 0 0 1 0 1 13 72 913 
10 24 100 2000 21.065 0.9906 0.0012729 26.443 0.9882 0.0027435 26.44 0 0 0 0 0 1 0 0 11 67 921 
10 24 500 10 75.9732 0.7416 0.048858 0.76812 0.7383 0.050874 0.73192 7 10 22 21 45 76 116 150 174 189 190 
10 24 500 20 75.973 0.8869 0.022401 1.0474 0.883 0.025076 1.1776 0 3 3 3 13 17 34 75 144 247 461 
10 24 500 40 75.973 0.9482 0.010047 1.8364 0.9463 0.011958 1.7565 0 0 2 1 0 7 14 25 71 187 693 
10 24 500 60 75.973 0.9665 0.0060538 2.5235 0.9631 0.0079764 2.2906 0 0 1 0 2 1 5 18 39 158 776 
10 24 500 80 75.973 0.9743 0.0039735 2.7621 0.9711 0.0063612 2.7542 0 0 0 0 0 2 2 12 35 133 816 
10 24 500 100 75.973 0.9783 0.0031823 3.2191 0.9756 0.0055102 3.2504 0 0 0 0 0 1 2 8 28 124 837 
10 24 500 120 75.973 0.9819 0.002585 3.6795 0.978 0.005041 3.7153 0 0 0 0 0 1 1 5 24 109 860 
10 24 500 200 75.973 0.9871 0.0016653 5.3275 0.9836 0.003915 5.3607 0 0 0 0 0 0 0 4 15 87 894 
10 24 500 400 75.973 0.9918 0.0010338 8.706 0.9884 0.0031286 8.7775 0 0 0 0 0 0 0 2 8 60 930 
10 24 500 600 75.973 0.9932 0.00087463 11.942 0.9898 0.0029789 12.106 0 0 0 0 0 0 0 1 9 47 943 
10 24 500 800 75.973 0.9938 0.00080236 16.956 0.9908 0.0028983 16.566 0 0 0 0 0 0 0 1 8 43 948 
10 24 500 1000 75.973 0.994 0.00078478 17.072 0.9912 0.0028454 17.161 0 0 0 0 0 0 0 1 8 41 950 
10 24 500 1200 75.973 0.9942 0.00076713 19.685 0.9914 0.0027888 19.79 0 0 0 0 0 0 0 1 8 39 952 
10 24 500 1500 75.973 0.9947 0.00068259 23.643 0.9921 0.0027303 23.739 0 0 0 0 0 0 0 0 9 35 956 
10 24 500 2000 75.973 0.9953 0.0005885 30.502 0.9925 0.0026564 30.623 0 0 0 0 0 0 0 0 7 33 960 
10 36 100 10 26.7779 0.7124 0.058004 0.75641 0.7158 0.055926 0.79945 9 22 23 40 60 74 117 138 158 196 163 
10 36 100 20 26.778 0.8506 0.032552 1.2315 0.8577 0.031512 1.0302 1 3 6 13 20 31 60 95 146 226 399 
10 36 100 40 26.778 0.9248 0.01546 1.2534 0.9259 0.016516 1.2648 0 1 2 1 7 9 23 49 86 222 600 
10 36 100 60 26.778 0.9495 0.0089287 1.6487 0.9489 0.010669 1.7856 0 0 1 1 0 4 13 31 61 203 686 
10 36 100 80 26.778 0.9599 0.007049 2.086 0.9592 0.0087241 2.0543 0 0 1 0 1 4 6 21 50 180 737 
10 36 100 100 26.778 0.9668 0.0059437 2.375 0.9655 0.007267 2.4115 0 0 1 0 1 3 4 17 38 160 776 
10 36 100 120 26.778 0.9705 0.0051649 2.7231 0.9703 0.0060339 2.7535 0 0 1 0 0 3 4 14 30 154 794 
10 36 100 200 26.778 0.9792 0.0034508 3.9341 0.9769 0.004581 3.9662 0 0 1 0 0 1 1 7 25 120 845 
10 36 100 400 26.778 0.9876 0.0016078 6.7531 0.9839 0.0033341 6.5941 0 0 0 0 0 0 1 1 17 83 898 
10 36 100 600 26.778 0.9898 0.0013373 8.826 0.9862 0.0029525 8.9031 0 0 0 0 0 0 1 1 12 71 915 
10 36 100 800 26.778 0.9912 0.0012238 11.101 0.9875 0.0027965 11.141 0 0 0 0 0 0 1 1 12 57 929 
10 36 100 1000 26.778 0.9922 0.0011003 13.265 0.9883 0.0027158 13.412 0 0 0 0 0 0 1 1 10 51 937 
10 36 100 1200 26.778 0.9931 0.00098337 15.508 0.9887 0.002685 15.603 0 0 0 0 0 0 1 1 8 46 944 
10 36 100 1500 26.778 0.9937 0.0008912 19.187 0.9897 0.0025665 19.074 0 0 0 0 0 0 1 1 6 44 948 
10 36 100 2000 26.778 0.9942 0.00084721 25.096 0.9915 0.0023001 25.14 0 0 0 0 0 0 1 1 6 39 953 
10 36 500 10 80.3656 0.7769 0.043039 0.77407 0.7875 0.041836 0.78774 3 7 10 29 32 64 97 123 176 234 225 
10 36 500 20 80.366 0.9038 0.018544 1.2453 0.9113 0.01754 1.2618 1 1 1 2 8 15 27 64 133 232 516 
10 36 500 40 80.366 0.959 0.0067658 2.0621 0.9604 0.0077996 2.0927 0 0 0 1 0 3 6 22 64 170 734 
10 36 500 60 80.366 0.973 0.0045556 2.7889 0.9736 0.0047077 2.8215 0 0 0 1 0 0 8 7 39 132 813 
10 36 500 80 80.366 0.9793 0.0032247 3.4347 0.979 0.0037628 3.4676 0 0 0 0 0 1 5 4 27 116 847 
10 36 500 100 80.366 0.9837 0.0024668 4.0218 0.982 0.0033594 4.0875 0 0 0 0 0 1 2 5 18 99 875 
10 36 500 120 80.366 0.9857 0.0019675 4.4562 0.9844 0.0029996 4.401 0 0 0 0 0 0 1 5 16 92 886 
10 36 500 200 80.366 0.9904 0.0013692 6.0792 0.9885 0.0021799 6.0869 0 0 0 0 0 0 1 2 13 60 924 
10 36 500 400 80.366 0.9941 0.00083603 10.807 0.9913 0.0018161 11.628 0 0 0 0 0 0 1 0 8 39 952 
10 36 500 600 80.366 0.9948 0.00073369 14.996 0.9926 0.0016669 14.464 0 0 0 0 0 0 1 0 6 36 957 
10 36 500 800 80.366 0.9955 0.0006504 17.12 0.9934 0.001578 17.194 0 0 0 0 0 0 1 0 5 31 963 
10 36 500 1000 80.366 0.9963 0.00045677 18.841 0.9941 0.0014967 18.747 0 0 0 0 0 0 0 0 5 27 968 
10 36 500 1200 80.366 0.9967 0.00041953 21.272 0.9943 0.001479 21.305 0 0 0 0 0 0 0 0 5 23 972 
10 36 500 1500 80.366 0.997 0.00039139 25.293 0.9949 0.0014254 25.371 0 0 0 0 0 0 0 0 5 20 975 
10 36 500 2000 80.366 0.9974 0.00033357 32.257 0.996 0.0012653 32.416 0 0 0 0 0 0 0 0 4 18 978 
10 48 100 10 41.7584 0.7146 0.059306 0.75753 0.7205 0.061411 0.7226 9 22 23 45 61 77 90 141 174 185 173 
10 48 100 20 41.758 0.8567 0.031206 1.075 0.861 0.033553 1.0879 2 4 2 10 17 32 68 81 143 228 413 
10 48 100 40 41.758 0.9282 0.01568 1.7298 0.9313 0.016587 1.7554 0 2 0 4 6 9 22 41 91 198 627 
10 48 100 60 41.758 0.9516 0.0098473 2.2155 0.9528 0.011424 2.0983 0 0 1 3 0 8 11 21 67 174 715 
10 48 100 80 41.758 0.9628 0.0072634 2.5222 0.9611 0.0094262 2.5465 0 0 0 3 0 4 9 15 44 162 763 
10 48 100 100 41.758 0.9692 0.0057571 2.94 0.966 0.0084925 2.9781 0 0 0 2 1 0 10 8 40 144 795 
10 48 100 120 41.758 0.9729 0.0051207 3.3401 0.9699 0.0072713 3.3858 0 0 0 1 2 0 9 7 31 133 817 
10 48 100 200 41.758 0.9819 0.0027451 4.8082 0.9786 0.0047468 4.8568 0 0 0 0 0 1 4 3 20 111 861 
10 48 100 400 41.758 0.989 0.0016607 7.8873 0.9852 0.0038248 7.9811 0 0 0 0 0 1 1 3 9 74 912 
10 48 100 600 41.758 0.9916 0.0011906 10.637 0.9874 0.0035047 10.694 0 0 0 0 0 0 1 3 6 59 931 
10 48 100 800 41.758 0.993 0.0010521 13.167 0.9888 0.0033379 13.274 0 0 0 0 0 0 1 3 5 47 944 
10 48 100 1000 41.758 0.9934 0.0010175 15.672 0.9895 0.003263 15.795 0 0 0 0 0 0 1 3 5 43 948 
10 48 100 1200 41.758 0.9942 0.00094731 18.157 0.9905 0.0029627 18.307 0 0 0 0 0 0 1 3 5 35 956 
10 48 100 1500 41.758 0.9949 0.00084483 21.995 0.9909 0.0029101 22.085 0 0 0 0 0 0 1 2 6 29 962 
10 48 100 2000 41.758 0.9958 0.00070306 28.628 0.9925 0.0025963 28.778 0 0 0 0 0 0 1 1 6 23 969 
10 48 500 10 84.4483 0.7932 0.039874 0.93524 0.7951 0.039505 0.89877 3 6 8 21 31 54 85 129 178 234 251 
10 48 500 20 84.448 0.9102 0.018835 1.3959 0.9145 0.017077 1.4086 1 0 2 5 9 11 31 50 108 238 545 
10 48 500 40 84.448 0.9641 0.0065077 2.2698 0.9626 0.0079091 2.2973 0 0 0 0 1 6 7 16 45 157 768 
10 48 500 60 84.448 0.9775 0.0037275 3.0279 0.9756 0.0057504 3.0694 0 0 0 0 0 2 5 7 28 118 840 
10 48 500 80 84.448 0.9827 0.0028736 4.0815 0.9814 0.0048189 3.7762 0 0 0 0 0 2 3 5 19 98 873 
10 48 500 100 84.448 0.9853 0.0023362 4.3278 0.9844 0.0042209 4.2619 0 0 0 0 0 1 3 3 17 87 889 
10 48 500 120 84.448 0.9872 0.0020582 4.9155 0.9864 0.0037988 4.592 0 0 0 0 0 1 3 2 13 79 902 
10 48 500 200 84.448 0.9905 0.0014812 6.5278 0.9898 0.0031191 6.5059 0 0 0 0 0 1 2 0 9 64 924 
10 48 500 400 84.448 0.9939 0.0009137 10.3 0.9924 0.002745 10.358 0 0 0 0 0 0 2 0 5 43 950 
10 48 500 600 84.448 0.9949 0.00076475 13.475 0.9936 0.0025416 13.539 0 0 0 0 0 0 1 1 5 34 959 
10 48 500 800 84.448 0.9958 0.00068304 16.423 0.9946 0.0024133 16.482 0 0 0 0 0 0 1 1 5 25 968 
10 48 500 1000 84.448 0.9962 0.00064621 19.532 0.9948 0.0023954 19.427 0 0 0 0 0 0 1 1 5 21 972 
10 48 500 1200 84.448 0.9967 0.00057969 21.979 0.9951 0.0023483 22.148 0 0 0 0 0 0 1 1 4 18 976 
10 48 500 1500 84.448 0.9972 0.00049265 26.142 0.9955 0.0023121 26.32 0 0 0 0 0 0 1 0 5 14 980 
10 48 500 2000 84.448 0.9974 0.00047371 33.348 0.9964 0.0021692 33.406 0 0 0 0 0 0 1 0 5 12 982 
10 64 100 10 171.422 0.8552 0.028662 1.5406 0.8565 0.030228 1.5127 1 5 1 6 15 37 61 89 149 259 377 
10 64 100 20 171.42 0.945 0.0091241 2.5696 0.9418 0.011144 2.3582 0 0 1 0 1 4 11 35 78 211 659 
10 64 100 40 171.42 0.9778 0.0032905 3.8367 0.9754 0.0050599 3.8439 0 0 0 0 0 2 3 4 28 132 831 
10 64 100 60 171.42 0.9865 0.0018896 5.0897 0.9827 0.0039947 5.1184 0 0 0 0 0 0 3 2 12 93 890 
10 64 100 80 171.42 0.9892 0.0014648 6.221 0.9856 0.0035962 6.2554 0 0 0 0 0 0 2 2 7 80 909 
10 64 100 100 171.42 0.9907 0.0013048 7.2095 0.988 0.0032192 7.2667 0 0 0 0 0 0 2 2 5 69 922 
10 64 100 120 171.42 0.9919 0.0011656 8.1356 0.9896 0.0030549 8.1866 0 0 0 0 0 0 2 2 3 61 932 
10 64 100 200 171.42 0.995 0.00067568 11.345 0.9918 0.0027956 11.39 0 0 0 0 0 0 1 0 4 38 957 
10 64 100 400 171.42 0.9969 0.00034073 17.393 0.9945 0.0024422 17.54 0 0 0 0 0 0 0 0 2 27 971 
10 64 100 600 171.42 0.9982 0.00021698 22.289 0.9952 0.0023793 22.452 0 0 0 0 0 0 0 0 2 14 984 
10 64 100 800 171.42 0.9984 0.00017762 26.543 0.9962 0.0022478 26.645 0 0 0 0 0 0 0 0 1 14 985 
10 64 100 1000 171.42 0.9986 0.0001582 30.489 0.9966 0.0021906 30.687 0 0 0 0 0 0 0 0 1 12 987 
10 64 100 1200 171.42 0.9987 0.00014846 34.151 0.997 0.0020931 34.385 0 0 0 0 0 0 0 0 1 11 988 
10 64 100 1500 171.42 0.9991 0.0001093 39.456 0.9971 0.0020837 39.693 0 0 0 0 0 0 0 0 1 7 992 
10 64 100 2000 171.42 0.9994 7.972e-05 48.246 0.9975 0.0020458 48.72 0 0 0 0 0 0 0 0 1 4 995 
10 64 500 10 102.662 0.7961 0.041596 1.0045 0.8026 0.038952 0.95202 3 7 18 15 31 45 87 111 161 283 239 
10 64 500 20 102.66 0.9117 0.017611 1.6125 0.9195 0.016827 1.3962 0 1 2 3 6 11 32 57 110 227 551 
10 64 500 40 102.66 0.9637 0.0070393 2.1898 0.9658 0.0083587 2.2144 0 0 0 0 2 2 15 17 45 140 779 
10 64 500 60 102.66 0.9768 0.0039657 2.9091 0.9773 0.0055603 2.9406 0 0 0 0 0 0 6 14 31 104 845 
10 64 500 80 102.66 0.9826 0.0028201 3.5465 0.982 0.0045405 3.594 0 0 0 0 0 0 4 7 24 89 876 
10 64 500 100 102.66 0.9855 0.0021819 4.1525 0.9852 0.0037647 4.1817 0 0 0 0 0 0 2 4 23 79 892 
10 64 500 120 102.66 0.9876 0.0018481 4.6962 0.9874 0.0033846 4.7358 0 0 0 0 0 0 2 3 17 73 905 
10 64 500 200 102.66 0.9901 0.0014935 6.6392 0.9905 0.0029627 6.6934 0 0 0 0 0 0 2 2 12 61 923 
10 64 500 400 102.66 0.9943 0.00075827 10.47 0.993 0.0026537 10.561 0 0 0 0 0 0 0 1 8 38 953 
10 64 500 600 102.66 0.9956 0.00058122 13.699 0.9936 0.0025416 13.805 0 0 0 0 0 0 0 1 5 31 963 
10 64 500 800 102.66 0.9965 0.00041817 16.655 0.9941 0.0024777 16.776 0 0 0 0 0 0 0 0 4 27 969 
10 64 500 1000 102.66 0.9965 0.00041817 19.47 0.9944 0.0024311 19.616 0 0 0 0 0 0 0 0 4 27 969 
10 64 500 1200 102.66 0.9968 0.00039015 22.236 0.9947 0.0024043 22.398 0 0 0 0 0 0 0 0 4 24 972 
10 64 500 1500 102.66 0.9971 0.00036195 26.447 0.9954 0.0023412 26.543 0 0 0 0 0 0 0 0 4 21 975 
10 64 500 2000 102.66 0.9974 0.00033357 33.513 0.996 0.0022462 33.687 0 0 0 0 0 0 0 0 4 18 978 
10 96 100 10 381.376 0.9001 0.019069 2.0453 0.8953 0.019888 2.0001 0 1 0 2 8 19 37 78 108 235 512 
10 96 100 20 381.38 0.9644 0.0050177 2.9159 0.9594 0.0077794 2.9101 0 0 0 0 1 0 3 16 55 180 745 
10 96 100 40 381.38 0.9841 0.0022394 4.6952 0.9825 0.0041479 4.7195 0 0 0 0 0 1 2 1 20 103 873 
10 96 100 60 381.38 0.9897 0.0013853 6.181 0.988 0.0033794 6.1999 0 0 0 0 0 1 0 0 13 72 914 
10 96 100 80 381.38 0.9923 0.00095166 7.3958 0.9906 0.0028545 7.448 0 0 0 0 0 0 0 1 9 56 934 
10 96 100 100 381.38 0.9934 0.00083728 8.5143 0.9918 0.0026955 8.6247 0 0 0 0 0 0 0 1 8 47 944 
10 96 100 120 381.38 0.9943 0.00073825 9.5654 0.9923 0.0026534 9.6172 0 0 0 0 0 0 0 1 7 40 952 
10 96 100 200 381.38 0.9969 0.00042081 13.077 0.9944 0.0024111 13.162 0 0 0 0 0 0 0 1 3 22 974 
10 96 100 400 381.38 0.999 0.00011912 19.609 0.9956 0.0023029 19.859 0 0 0 0 0 0 0 0 1 8 991 
10 96 100 600 381.38 0.999 0.00011912 24.788 0.9962 0.0022078 24.956 0 0 0 0 0 0 0 0 1 8 991 
10 96 100 800 381.38 0.999 0.00011912 29.285 0.9964 0.0021692 29.437 0 0 0 0 0 0 0 0 1 8 991 
10 96 100 1000 381.38 0.9992 9.9459e-05 38.357 0.9967 0.0021413 35.462 0 0 0 0 0 0 0 0 1 6 993 
10 96 100 1200 381.38 0.9994 5.97e-05 32.158 0.9969 0.0021225 31.887 0 0 0 0 0 0 0 0 0 6 994 
10 96 100 1500 381.38 0.9997 2.994e-05 36.763 0.9973 0.0020648 36.809 0 0 0 0 0 0 0 0 0 3 997 
10 96 100 2000 381.38 0.9997 2.994e-05 44.689 0.9974 0.0020553 44.899 0 0 0 0 0 0 0 0 0 3 997 
10 96 500 10 116.218 0.8044 0.03948 1.0476 0.8061 0.038912 1.0332 2 3 13 22 27 51 88 87 179 263 265 
10 96 500 20 116.22 0.9165 0.015553 1.5919 0.9228 0.015836 1.6387 0 0 0 3 3 15 34 44 114 225 562 
10 96 500 40 116.22 0.9661 0.006247 2.5457 0.9668 0.0063441 2.5651 0 0 0 1 1 2 9 15 45 145 782 
10 96 500 60 116.22 0.9796 0.0036675 3.2883 0.9787 0.0043607 3.1947 0 0 0 1 0 0 4 10 27 97 861 
10 96 500 80 116.22 0.9855 0.002202 3.7758 0.984 0.0034875 3.8399 0 0 0 0 0 0 2 4 24 77 893 
10 96 500 100 116.22 0.9877 0.0018606 4.3904 0.9864 0.0030181 4.4229 0 0 0 0 0 0 2 3 18 70 907 
10 96 500 120 116.22 0.989 0.0016406 4.9776 0.9883 0.0026558 5.0237 0 0 0 0 0 0 2 3 12 69 914 
10 96 500 200 116.22 0.9928 0.0010292 6.9849 0.991 0.0022012 7.0326 0 0 0 0 0 0 2 0 6 52 940 
10 96 500 400 116.22 0.9961 0.00045525 10.912 0.9944 0.0017904 11.026 0 0 0 0 0 0 0 0 4 31 965 
10 96 500 600 116.22 0.9976 0.00029453 14.192 0.9953 0.0016295 14.337 0 0 0 0 0 0 0 0 3 18 979 
10 96 500 800 116.22 0.9981 0.00022662 17.197 0.9958 0.0015639 17.379 0 0 0 0 0 0 0 0 2 15 983 
10 96 500 1000 116.22 0.9981 0.00022662 20.054 0.996 0.0015455 20.253 0 0 0 0 0 0 0 0 2 15 983 
10 96 500 1200 116.22 0.9983 0.00020732 22.895 0.9961 0.0015363 23.012 0 0 0 0 0 0 0 0 2 13 985 
10 96 500 1500 116.22 0.9987 0.00016848 27.084 0.9965 0.0014792 27.246 0 0 0 0 0 0 0 0 2 9 989 
10 96 500 2000 116.22 0.9989 0.00014894 34.312 0.997 0.0014324 34.477 0 0 0 0 0 0 0 0 2 7 991 
