k probes k_factor build_time recall var_recall query_time val_recall val_var_recall val_query_time r0 r1 r2 r3 r4 r5 r6 r7 r8 r9 r10
10 1 1 43.52 0.1884 0.028794 1.47 0.2006 0.033773 1.4643 215 287 205 135 79 37 24 9 7 2 0 
10 1 2 43.52 0.2293 0.039331 1.48 0.2397 0.043277 1.4816 182 241 208 122 107 70 31 18 13 4 4 
10 1 3 43.52 0.2466 0.043972 1.497 0.2565 0.047365 1.5049 178 212 201 136 108 71 45 23 15 4 7 
10 1 4 43.52 0.2565 0.046704 1.5212 0.2647 0.049894 1.5215 171 207 196 135 109 76 48 29 15 6 8 
10 1 5 43.52 0.2603 0.048542 1.5299 0.2692 0.051583 1.5296 171 206 190 137 107 78 46 33 16 7 9 
10 1 8 43.52 0.2643 0.050126 1.5746 0.2751 0.054104 1.574 171 204 185 135 109 81 45 33 20 8 9 
10 1 10 43.52 0.2658 0.051101 1.5974 0.2757 0.054294 1.5999 171 204 185 134 106 82 45 33 22 9 9 
10 1 12 43.52 0.2662 0.051209 1.6185 0.276 0.054759 1.6205 171 203 186 132 108 82 45 32 23 9 9 
10 1 20 43.52 0.2663 0.051326 1.6796 0.2762 0.054768 1.6784 171 203 186 132 108 82 45 32 22 10 9 
10 1 25 43.52 0.2664 0.051362 1.7012 0.2762 0.054768 1.7044 171 203 186 132 107 83 45 32 22 10 9 
10 1 50 43.52 0.2664 0.051362 1.7358 0.2762 0.054768 1.734 171 203 186 132 107 83 45 32 22 10 9 
10 1 75 43.52 0.2664 0.051362 1.7468 0.2762 0.054768 1.741 171 203 186 132 107 83 45 32 22 10 9 
10 1 100 43.52 0.2664 0.051362 1.7504 0.2762 0.054768 1.7482 171 203 186 132 107 83 45 32 22 10 9 
10 1 250 43.52 0.2664 0.051362 1.7839 0.2762 0.054768 1.7858 171 203 186 132 107 83 45 32 22 10 9 
10 1 500 43.52 0.2664 0.051362 1.8467 0.2762 0.054768 1.8487 171 203 186 132 107 83 45 32 22 10 9 
10 2 1 43.52 0.247 0.032403 1.4655 0.2551 0.034388 1.4651 103 251 217 178 119 68 32 17 11 4 0 
10 2 2 43.52 0.3229 0.04483 1.4837 0.3273 0.04483 1.4819 65 161 194 186 141 108 64 38 25 12 6 
10 2 3 43.52 0.3576 0.050553 1.5085 0.3596 0.049858 1.5027 58 131 179 163 151 122 87 47 38 11 13 
10 2 4 43.52 0.3782 0.054579 1.5185 0.3802 0.053281 1.5209 53 118 173 153 151 124 87 61 49 16 15 
10 2 5 43.52 0.3895 0.056456 1.5426 0.3929 0.055555 1.5397 51 113 164 152 148 123 89 73 53 18 16 
10 2 8 43.52 0.4057 0.059857 1.5889 0.4106 0.060208 1.6181 48 111 142 159 138 129 92 81 52 27 21 
10 2 10 43.52 0.4097 0.061057 1.6325 0.4155 0.061551 1.6375 48 110 140 158 134 130 93 80 55 31 21 
10 2 12 43.52 0.4123 0.062141 1.6965 0.4174 0.06254 1.6567 48 109 140 159 130 128 94 80 58 31 23 
10 2 20 43.52 0.4139 0.062679 1.7848 0.4199 0.063598 1.7851 48 109 138 158 132 127 94 79 59 32 24 
10 2 25 43.52 0.4139 0.062679 1.8933 0.4201 0.06361 1.9138 48 109 138 158 132 127 94 79 59 32 24 
10 2 50 43.52 0.414 0.062767 2.0562 0.4203 0.063742 2.0656 48 109 138 158 132 127 94 79 58 33 24 
10 2 75 43.52 0.414 0.062767 2.0948 0.4203 0.063742 2.1124 48 109 138 158 132 127 94 79 58 33 24 
10 2 100 43.52 0.414 0.062767 2.1031 0.4205 0.063593 2.1167 48 109 138 158 132 127 94 79 58 33 24 
10 2 250 43.52 0.414 0.062767 2.1468 0.4203 0.063742 2.1569 48 109 138 158 132 127 94 79 58 33 24 
10 2 500 43.52 0.414 0.062767 2.2129 0.4205 0.063593 2.2189 48 109 138 158 132 127 94 79 58 33 24 
10 4 1 43.52 0.2886 0.032322 1.4695 0.2969 0.033674 1.4672 67 168 225 206 164 90 37 26 13 4 0 
10 4 2 43.52 0.3953 0.04245 1.5437 0.3979 0.042248 1.4897 23 86 143 195 200 132 103 61 29 21 7 
10 4 3 43.52 0.4553 0.04794 1.5114 0.4585 0.047235 1.5068 15 54 109 166 176 162 130 84 57 25 22 
10 4 4 43.52 0.4963 0.049306 1.5235 0.4944 0.047917 1.5226 13 39 76 143 176 162 138 118 68 39 28 
10 4 5 43.52 0.523 0.049801 1.5438 0.5203 0.049587 1.5408 11 32 70 109 175 155 161 119 85 53 30 
10 4 8 43.52 0.5663 0.051486 1.5958 0.5617 0.051415 1.5942 10 22 53 88 152 148 160 132 118 75 42 
10 4 10 43.52 0.579 0.052612 1.6393 0.5762 0.052666 1.6309 10 21 50 80 144 148 155 137 118 90 47 
10 4 12 43.52 0.5854 0.05326 1.6677 0.585 0.053749 1.6656 10 21 47 79 138 150 150 137 120 99 49 
10 4 20 43.52 0.5979 0.055161 1.8286 0.5954 0.054954 1.8255 10 20 47 73 128 147 149 133 127 102 64 
10 4 25 43.52 0.5995 0.055445 1.9428 0.5972 0.055227 1.9377 10 20 46 73 129 143 151 133 126 102 67 
10 4 50 43.52 0.6 0.055395 2.4528 0.5989 0.055304 2.451 10 20 46 72 128 144 152 133 126 101 68 
10 4 75 43.52 0.6001 0.055465 2.7912 0.5989 0.055304 2.7723 10 20 46 72 128 144 152 133 126 100 69 
10 4 100 43.52 0.6001 0.055465 2.8712 0.5991 0.055084 2.9 10 20 46 72 128 144 152 133 126 100 69 
10 4 250 43.52 0.6001 0.055465 2.952 0.5989 0.055304 2.9883 10 20 46 72 128 144 152 133 126 100 69 
10 4 500 43.52 0.6001 0.055465 3.026 0.5989 0.055304 3.0547 10 20 46 72 128 144 152 133 126 100 69 
10 8 1 43.52 0.3139 0.031308 1.4754 0.3168 0.033471 1.4739 35 146 214 229 170 111 45 31 15 4 0 
10 8 2 43.52 0.4361 0.040407 1.4938 0.4371 0.042696 1.4932 10 51 121 178 198 173 122 69 47 24 7 
10 8 3 43.52 0.5154 0.042926 1.512 0.5168 0.043001 1.5148 0 31 67 125 171 185 167 119 72 36 27 
10 8 4 43.52 0.5671 0.043131 1.5301 0.5675 0.042276 1.5283 0 16 47 92 153 158 180 159 104 52 39 
10 8 5 43.52 0.6073 0.042119 1.5492 0.6099 0.042975 1.5495 0 10 28 69 131 157 186 159 130 78 52 
10 8 8 43.52 0.6839 0.038129 1.6013 0.6773 0.040936 1.609 0 2 14 31 84 125 162 179 186 128 89 
10 8 10 43.52 0.7079 0.037265 1.6433 0.7057 0.039117 1.6429 0 1 12 27 67 106 160 172 187 165 103 
10 8 12 43.52 0.7265 0.035543 1.6828 0.7229 0.039085 1.6771 0 1 10 20 58 93 144 184 196 173 121 
10 8 20 43.52 0.7561 0.034617 1.8413 0.7559 0.037663 1.8416 0 1 7 17 44 77 122 183 184 201 164 
10 8 25 43.52 0.7634 0.034875 1.9526 0.7617 0.03736 1.9558 0 1 7 16 44 74 115 171 187 208 177 
10 8 50 43.52 0.7693 0.034982 2.5872 0.7698 0.037165 2.5832 0 1 7 15 44 68 112 172 180 209 192 
10 8 75 43.52 0.7697 0.034967 3.1064 0.7701 0.037173 3.1051 0 1 7 15 43 69 111 173 180 207 194 
10 8 100 43.52 0.7698 0.035003 3.5849 0.7703 0.036885 3.6134 0 1 7 15 43 69 111 173 180 206 195 
10 8 250 43.52 0.7698 0.035003 4.3186 0.7701 0.037173 4.3778 0 1 7 15 43 69 111 173 180 206 195 
10 8 500 43.52 0.7698 0.035003 4.4037 0.7701 0.037173 4.4605 0 1 7 15 43 69 111 173 180 206 195 
10 16 1 43.52 0.3228 0.031612 1.4917 0.3271 0.033269 1.4895 37 123 212 234 167 128 48 31 14 6 0 
10 16 2 43.52 0.4543 0.040102 1.5071 0.455 0.043238 1.5064 11 33 106 174 198 176 145 69 52 25 11 
10 16 3 43.52 0.5408 0.041937 1.525 0.5453 0.043321 1.5282 2 19 52 111 158 183 178 144 81 39 33 
10 16 4 43.52 0.6021 0.041467 1.545 0.607 0.040552 1.5414 0 10 30 71 129 164 187 157 139 61 52 
10 16 5 43.52 0.649 0.039298 1.56 0.6531 0.038729 1.5603 0 4 21 47 94 147 181 168 179 92 67 
10 16 8 43.52 0.7462 0.031217 1.6181 0.7427 0.03362 1.6143 0 0 3 18 42 85 126 196 225 169 136 
10 16 10 43.52 0.78 0.027688 1.6558 0.7796 0.028913 1.6516 0 0 1 8 29 71 102 175 225 224 165 
10 16 12 43.52 0.8088 0.024727 1.6973 0.8081 0.026811 1.6947 0 0 0 5 24 41 92 153 221 259 205 
10 16 20 43.52 0.862 0.017974 1.8628 0.8629 0.021375 1.8602 0 0 0 2 7 17 53 109 198 304 310 
10 16 25 43.52 0.8757 0.016816 1.9772 0.8772 0.019279 1.9734 0 0 0 1 5 17 40 98 191 285 363 
10 16 50 43.52 0.8957 0.015067 2.6186 0.897 0.016848 2.6165 0 0 0 0 5 14 30 74 158 285 434 
10 16 75 43.52 0.8975 0.014919 3.2171 0.9001 0.016186 3.1512 0 0 0 0 5 13 30 72 157 280 443 
10 16 100 43.52 0.8977 0.01492 3.7467 0.9001 0.016527 3.7454 0 0 0 0 5 13 30 72 156 280 444 
10 16 250 43.52 0.8979 0.0149 5.9969 0.9001 0.016527 6.0648 0 0 0 0 5 13 30 71 157 279 445 
10 16 500 43.52 0.8979 0.0149 6.7573 0.9005 0.015886 6.7135 0 0 0 0 5 13 30 71 157 279 445 
10 32 1 43.52 0.3253 0.031521 1.5087 0.3295 0.033513 1.5067 36 117 213 236 169 125 53 31 14 6 0 
10 32 2 43.52 0.4594 0.040152 1.5268 0.4613 0.042555 1.5283 9 38 99 162 202 176 149 78 50 26 11 
10 32 3 43.52 0.55 0.041321 1.5516 0.5539 0.042607 1.5459 2 16 48 106 147 188 180 151 85 45 32 
10 32 4 43.52 0.6135 0.040168 1.5644 0.6179 0.039669 1.563 1 5 28 64 115 172 183 169 140 69 54 
10 32 5 43.52 0.6612 0.038053 1.5925 0.667 0.037609 1.5808 0 3 16 43 87 141 179 169 191 100 71 
10 32 8 43.52 0.7648 0.02867 1.642 0.7654 0.031034 1.6394 0 0 2 11 36 64 126 189 232 188 152 
10 32 10 43.52 0.8076 0.023906 1.6769 0.8059 0.025981 1.7425 0 0 0 4 17 47 95 159 227 248 203 
10 32 12 43.52 0.8374 0.020822 1.7191 0.8385 0.023031 1.7166 0 0 0 1 12 26 81 133 203 288 256 
10 32 20 43.52 0.9029 0.012274 1.8916 0.9037 0.015031 1.8874 0 0 0 0 2 6 25 68 155 315 429 
10 32 25 43.52 0.9247 0.0092091 2.0054 0.9253 0.011922 2.0076 0 0 0 0 0 4 9 49 126 298 514 
10 32 50 43.52 0.9569 0.0054979 2.6547 0.958 0.0074234 2.6511 0 0 0 0 0 1 4 17 67 225 686 
10 32 75 43.52 0.9613 0.0050774 3.2223 0.9636 0.0064615 3.2337 0 0 0 0 0 1 3 15 62 201 718 
10 32 100 43.52 0.9631 0.0048532 3.8105 0.9651 0.0066787 3.812 0 0 0 0 0 1 3 12 62 192 730 
10 32 250 43.52 0.9639 0.0047716 6.5288 0.9655 0.0066264 6.5131 0 0 0 0 0 1 3 11 62 187 736 
10 32 500 43.52 0.9639 0.0047716 9.8454 0.9655 0.0066264 9.9731 0 0 0 0 0 1 3 11 62 187 736 
10 64 1 43.52 0.3255 0.031551 1.5566 0.3304 0.033489 1.5449 36 118 211 234 173 125 51 32 14 6 0 
10 64 2 43.52 0.4611 0.039977 1.5654 0.4631 0.042531 1.5647 9 35 98 162 205 176 149 77 52 25 12 
10 64 3 43.52 0.5517 0.041038 1.5862 0.5565 0.04242 1.5855 2 16 41 109 153 184 180 151 86 45 33 
10 64 4 43.52 0.6169 0.039704 1.6099 0.6212 0.03921 1.6075 1 7 20 65 115 172 179 174 143 69 55 
10 64 5 43.52 0.6648 0.037538 1.6544 0.669 0.037456 1.6226 0 3 14 41 87 136 180 174 189 104 72 
10 64 8 43.52 0.7705 0.028008 1.6827 0.7699 0.029994 1.682 0 0 1 13 35 53 121 188 239 195 155 
10 64 10 43.52 0.8134 0.023204 1.7299 0.8113 0.025047 1.7237 0 0 0 4 16 44 83 158 231 254 210 
10 64 12 43.52 0.845 0.019735 1.7684 0.8451 0.021798 1.7644 0 0 0 1 11 21 75 119 209 297 267 
10 64 20 43.52 0.9151 0.010573 1.9436 0.9146 0.0131 1.9402 0 0 0 0 2 3 16 55 143 307 474 
10 64 25 43.52 0.9381 0.007586 2.0723 0.9383 0.0097128 2.0602 0 0 0 0 0 2 6 35 100 280 577 
10 64 50 43.52 0.9756 0.0030277 2.7136 0.9761 0.0045834 2.706 0 0 0 0 0 0 1 8 29 158 804 
10 64 75 43.52 0.983 0.0020731 3.3061 0.9838 0.003421 3.2947 0 0 0 0 0 0 0 5 18 119 858 
10 64 100 43.52 0.9854 0.0018086 3.8774 0.9868 0.0034692 3.8836 0 0 0 0 0 0 0 3 19 99 879 
10 64 250 43.52 0.9877 0.0015202 6.6227 0.9885 0.003281 6.6107 0 0 0 0 0 0 0 2 16 85 897 
10 64 500 43.52 0.9878 0.0015127 10.637 0.9888 0.0028774 10.694 0 0 0 0 0 0 0 2 16 84 898 
10 128 1 43.52 0.3256 0.031556 1.6182 0.3305 0.033493 1.6152 36 118 211 233 174 125 51 32 14 6 0 
10 128 2 43.52 0.4617 0.040083 1.6391 0.4635 0.04254 1.6393 9 35 98 159 209 174 149 76 54 25 12 
10 128 3 43.52 0.5523 0.041116 1.656 0.5571 0.042392 1.6547 2 16 41 108 153 184 180 151 87 44 34 
10 128 4 43.52 0.6174 0.039777 1.6764 0.6216 0.039213 1.6773 1 7 21 64 113 173 179 175 140 73 54 
10 128 5 43.52 0.6656 0.037494 1.7028 0.6694 0.037481 1.7 0 3 14 41 85 135 182 176 186 105 73 
10 128 8 43.52 0.7719 0.027968 1.7631 0.7707 0.029721 1.7616 0 0 1 13 35 51 118 193 235 196 158 
10 128 10 43.52 0.815 0.023038 1.8038 0.8127 0.024773 1.8015 0 0 0 4 15 43 82 159 229 254 214 
10 128 12 43.52 0.8474 0.019433 1.8489 0.8462 0.021567 1.8443 0 0 0 1 10 20 71 124 203 297 274 
10 128 20 43.52 0.918 0.010166 2.0322 0.9162 0.01285 2.0291 0 0 0 0 2 2 16 50 138 308 484 
10 128 25 43.52 0.9412 0.0071897 2.1514 0.9402 0.0092532 2.1462 0 0 0 0 0 2 6 28 98 274 592 
10 128 50 43.52 0.9811 0.0024953 2.814 0.9796 0.0039878 2.8092 0 0 0 0 0 0 1 8 18 125 848 
10 128 75 43.52 0.9896 0.0013932 3.3995 0.9879 0.0027463 3.4027 0 0 0 0 0 0 1 2 11 72 914 
10 128 100 43.52 0.9922 0.0010602 3.93 0.9918 0.0026754 3.9365 0 0 0 0 0 0 0 3 8 53 936 
10 128 250 43.52 0.9962 0.00058615 6.7096 0.9948 0.0023153 6.7273 0 0 0 0 0 0 0 1 8 19 972 
10 128 500 43.52 0.9963 0.00057689 10.827 0.9953 0.0022702 10.868 0 0 0 0 0 0 0 1 8 18 973 
10 256 1 43.52 0.3256 0.031556 1.7456 0.3305 0.033493 1.7393 36 118 211 233 174 125 51 32 14 6 0 
10 256 2 43.52 0.4617 0.040083 1.7657 0.4635 0.04254 1.7636 9 35 98 159 209 174 149 76 54 25 12 
10 256 3 43.52 0.5523 0.041116 1.7882 0.5572 0.042471 1.7873 2 16 41 108 153 184 180 151 87 44 34 
10 256 4 43.52 0.6174 0.039817 1.8089 0.6217 0.039278 1.8085 1 7 21 64 113 174 178 174 141 73 54 
10 256 5 43.52 0.6659 0.037525 1.8313 0.6695 0.037497 1.8489 0 3 14 41 85 134 183 175 186 106 73 
10 256 8 43.52 0.7723 0.027931 1.9394 0.7708 0.029757 1.9004 0 0 1 13 35 50 119 191 236 197 158 
10 256 10 43.52 0.8153 0.022999 1.9455 0.8129 0.024768 1.9462 0 0 0 4 15 43 81 159 229 255 214 
10 256 12 43.52 0.8479 0.019315 1.9929 0.8464 0.021549 1.9888 0 0 0 1 9 21 70 125 200 300 274 
10 256 20 43.52 0.9185 0.010078 2.1939 0.9163 0.012837 2.185 0 0 0 0 2 2 15 51 135 310 485 
10 256 25 43.52 0.9417 0.0070982 2.3193 0.9406 0.0091608 2.3145 0 0 0 0 0 2 5 29 96 274 594 
10 256 50 43.52 0.9817 0.0023775 3.0027 0.9802 0.0038919 3.0047 0 0 0 0 0 0 1 7 17 124 851 
10 256 75 43.52 0.9903 0.0012772 3.5762 0.9888 0.0026172 3.5743 0 0 0 0 0 0 1 2 8 71 918 
10 256 100 43.52 0.9933 0.00084596 4.1187 0.9928 0.0025507 4.1159 0 0 0 0 0 0 0 2 5 51 942 
10 256 250 43.52 0.9982 0.00025702 6.8723 0.9965 0.0021399 6.8836 0 0 0 0 0 0 0 1 1 13 985 
10 256 500 43.52 0.9989 0.00012892 10.959 0.9973 0.0020648 11.02 0 0 0 0 0 0 0 0 1 9 990 
10 512 1 43.52 0.3256 0.031556 1.9696 0.3305 0.033493 1.9599 36 118 211 233 174 125 51 32 14 6 0 
10 512 2 43.52 0.4617 0.040083 1.9927 0.4635 0.04254 1.9909 9 35 98 159 209 174 149 76 54 25 12 
10 512 3 43.52 0.5523 0.041116 2.0178 0.5572 0.042471 2.0185 2 16 41 108 153 184 180 151 87 44 34 
10 512 4 43.52 0.6174 0.039817 2.0499 0.6217 0.039278 2.0413 1 7 21 64 113 174 178 174 141 73 54 
10 512 5 43.52 0.6659 0.037525 2.0726 0.6695 0.037497 2.1166 0 3 14 41 85 134 183 175 186 106 73 
10 512 8 43.52 0.7723 0.027931 2.1481 0.7708 0.029757 2.1405 0 0 1 13 35 50 119 191 236 197 158 
10 512 10 43.52 0.8153 0.022999 2.1952 0.8129 0.024768 2.193 0 0 0 4 15 43 81 159 229 255 214 
10 512 12 43.52 0.8479 0.019315 2.2456 0.8464 0.021549 2.2463 0 0 0 1 9 21 70 125 200 300 274 
10 512 20 43.52 0.9185 0.010078 2.4616 0.9163 0.012837 2.4558 0 0 0 0 2 2 15 51 135 310 485 
10 512 25 43.52 0.9417 0.0070982 2.6043 0.9406 0.0091608 2.6006 0 0 0 0 0 2 5 29 96 274 594 
10 512 50 43.52 0.9817 0.0023775 3.2371 0.9802 0.0038919 3.2374 0 0 0 0 0 0 1 7 17 124 851 
10 512 75 43.52 0.9904 0.0012691 3.8553 0.9888 0.0026172 3.8515 0 0 0 0 0 0 1 2 8 70 919 
10 512 100 43.52 0.9934 0.00083728 4.3719 0.9928 0.0025507 4.3777 0 0 0 0 0 0 0 2 5 50 943 
10 512 250 43.52 0.9984 0.00023768 7.1421 0.9965 0.0021399 7.1833 0 0 0 0 0 0 0 1 1 11 987 
10 512 500 43.52 0.9991 0.0001093 11.246 0.9976 0.0020363 11.295 0 0 0 0 0 0 0 0 1 7 992 
10 1024 1 43.52 0.3256 0.031556 2.3694 0.3305 0.033493 2.3575 36 118 211 233 174 125 51 32 14 6 0 
10 1024 2 43.52 0.4617 0.040083 2.407 0.4635 0.04254 2.3903 9 35 98 159 209 174 149 76 54 25 12 
10 1024 3 43.52 0.5523 0.041116 2.4301 0.5572 0.042471 2.4303 2 16 41 108 153 184 180 151 87 44 34 
10 1024 4 43.52 0.6174 0.039817 2.4792 0.6217 0.039278 2.4583 1 7 21 64 113 174 178 174 141 73 54 
10 1024 5 43.52 0.6659 0.037525 2.4895 0.6695 0.037497 2.4821 0 3 14 41 85 134 183 175 186 106 73 
10 1024 8 43.52 0.7723 0.027931 2.5763 0.7708 0.029757 2.5749 0 0 1 13 35 50 119 191 236 197 158 
10 1024 10 43.52 0.8153 0.022999 2.6519 0.8129 0.024768 2.6304 0 0 0 4 15 43 81 159 229 255 214 
10 1024 12 43.52 0.8479 0.019315 2.7095 0.8464 0.021549 2.6864 0 0 0 1 9 21 70 125 200 300 274 
10 1024 20 43.52 0.9185 0.010078 2.921 0.9163 0.012837 2.9131 0 0 0 0 2 2 15 51 135 310 485 
10 1024 25 43.52 0.9417 0.0070982 3.0868 0.9406 0.0091608 3.0808 0 0 0 0 0 2 5 29 96 274 594 
10 1024 50 43.52 0.9817 0.0023775 3.6815 0.9802 0.0038919 3.6725 0 0 0 0 0 0 1 7 17 124 851 
10 1024 75 43.52 0.9904 0.0012691 4.2489 0.9888 0.0026172 4.2544 0 0 0 0 0 0 1 2 8 70 919 
10 1024 100 43.52 0.9934 0.00083728 4.7493 0.9928 0.0025507 4.7467 0 0 0 0 0 0 0 2 5 50 943 
10 1024 250 43.52 0.9984 0.00023768 7.5673 0.9965 0.0021399 7.5866 0 0 0 0 0 0 0 1 1 11 987 
10 1024 500 43.52 0.9991 0.0001093 11.709 0.9976 0.0020363 11.742 0 0 0 0 0 0 0 0 1 7 992 
10 2048 1 43.52 0.3256 0.031556 2.6145 0.3305 0.033493 2.5876 36 118 211 233 174 125 51 32 14 6 0 
10 2048 2 43.52 0.4617 0.040083 2.623 0.4635 0.04254 2.6147 9 35 98 159 209 174 149 76 54 25 12 
10 2048 3 43.52 0.5523 0.041116 2.6503 0.5572 0.042471 2.6397 2 16 41 108 153 184 180 151 87 44 34 
10 2048 4 43.52 0.6174 0.039817 2.6925 0.6217 0.039278 2.6795 1 7 21 64 113 174 178 174 141 73 54 
10 2048 5 43.52 0.6659 0.037525 2.7136 0.6695 0.037497 2.7099 0 3 14 41 85 134 183 175 186 106 73 
10 2048 8 43.52 0.7723 0.027931 2.8154 0.7708 0.029757 2.804 0 0 1 13 35 50 119 191 236 197 158 
10 2048 10 43.52 0.8153 0.022999 2.8627 0.8129 0.024768 2.8632 0 0 0 4 15 43 81 159 229 255 214 
10 2048 12 43.52 0.8479 0.019315 2.9292 0.8464 0.021549 2.9393 0 0 0 1 9 21 70 125 200 300 274 
10 2048 20 43.52 0.9185 0.010078 3.1222 0.9163 0.012837 3.1067 0 0 0 0 2 2 15 51 135 310 485 
10 2048 25 43.52 0.9417 0.0070982 3.2799 0.9406 0.0091608 3.272 0 0 0 0 0 2 5 29 96 274 594 
10 2048 50 43.52 0.9817 0.0023775 3.8842 0.9802 0.0038919 4.7676 0 0 0 0 0 0 1 7 17 124 851 
10 2048 75 43.52 0.9904 0.0012691 6.0583 0.9888 0.0026172 5.2767 0 0 0 0 0 0 1 2 8 70 919 
10 2048 100 43.52 0.9934 0.00083728 5.9096 0.9928 0.0025507 4.8566 0 0 0 0 0 0 0 2 5 50 943 
10 2048 250 43.52 0.9984 0.00023768 7.5473 0.9965 0.0021399 7.6111 0 0 0 0 0 0 0 1 1 11 987 
10 2048 500 43.52 0.9991 0.0001093 11.725 0.9976 0.0020363 11.764 0 0 0 0 0 0 0 0 1 7 992 
10 4096 1 43.52 0.3256 0.031556 2.7235 0.3305 0.033493 2.7471 36 118 211 233 174 125 51 32 14 6 0 
10 4096 2 43.52 0.4617 0.040083 2.8053 0.4635 0.04254 2.7851 9 35 98 159 209 174 149 76 54 25 12 
10 4096 3 43.52 0.5523 0.041116 2.7747 0.5572 0.042471 2.7721 2 16 41 108 153 184 180 151 87 44 34 
10 4096 4 43.52 0.6174 0.039817 2.812 0.6217 0.039278 2.8135 1 7 21 64 113 174 178 174 141 73 54 
10 4096 5 43.52 0.6659 0.037525 2.8316 0.6695 0.037497 2.8191 0 3 14 41 85 134 183 175 186 106 73 
10 4096 8 43.52 0.7723 0.027931 2.9288 0.7708 0.029757 2.9119 0 0 1 13 35 50 119 191 236 197 158 
10 4096 10 43.52 0.8153 0.022999 2.9718 0.8129 0.024768 2.9725 0 0 0 4 15 43 81 159 229 255 214 
10 4096 12 43.52 0.8479 0.019315 3.0462 0.8464 0.021549 3.0391 0 0 0 1 9 21 70 125 200 300 274 
10 4096 20 43.52 0.9185 0.010078 3.2116 0.9163 0.012837 3.2869 0 0 0 0 2 2 15 51 135 310 485 
10 4096 25 43.52 0.9417 0.0070982 3.3397 0.9406 0.0091608 3.38 0 0 0 0 0 2 5 29 96 274 594 
10 4096 50 43.52 0.9817 0.0023775 3.9052 0.9802 0.0038919 3.9529 0 0 0 0 0 0 1 7 17 124 851 
10 4096 75 43.52 0.9904 0.0012691 4.4095 0.9888 0.0026172 4.3954 0 0 0 0 0 0 1 2 8 70 919 
10 4096 100 43.52 0.9934 0.00083728 4.9585 0.9928 0.0025507 4.9454 0 0 0 0 0 0 0 2 5 50 943 
10 4096 250 43.52 0.9984 0.00023768 7.6224 0.9965 0.0021399 7.6637 0 0 0 0 0 0 0 1 1 11 987 
10 4096 500 43.52 0.9991 0.0001093 11.786 0.9976 0.0020363 12.746 0 0 0 0 0 0 0 0 1 7 992 
10 8192 1 43.52 0.3256 0.031556 3.0334 0.3305 0.033493 2.9519 36 118 211 233 174 125 51 32 14 6 0 
10 8192 2 43.52 0.4617 0.040083 3.0092 0.4635 0.04254 2.9883 9 35 98 159 209 174 149 76 54 25 12 
10 8192 3 43.52 0.5523 0.041116 3.0411 0.5572 0.042471 3.2575 2 16 41 108 153 184 180 151 87 44 34 
10 8192 4 43.52 0.6174 0.039817 3.4175 0.6217 0.039278 3.4173 1 7 21 64 113 174 178 174 141 73 54 
10 8192 5 43.52 0.6659 0.037525 3.46 0.6695 0.037497 3.4996 0 3 14 41 85 134 183 175 186 106 73 
10 8192 8 43.52 0.7723 0.027931 3.302 0.7708 0.029757 3.2181 0 0 1 13 35 50 119 191 236 197 158 
10 8192 10 43.52 0.8153 0.022999 3.2843 0.8129 0.024768 3.2783 0 0 0 4 15 43 81 159 229 255 214 
10 8192 12 43.52 0.8479 0.019315 3.4091 0.8464 0.021549 3.3687 0 0 0 1 9 21 70 125 200 300 274 
10 8192 20 43.52 0.9185 0.010078 3.7584 0.9163 0.012837 3.6261 0 0 0 0 2 2 15 51 135 310 485 
10 8192 25 43.52 0.9417 0.0070982 3.8008 0.9406 0.0091608 3.7886 0 0 0 0 0 2 5 29 96 274 594 
10 8192 50 43.52 0.9817 0.0023775 4.5317 0.9802 0.0038919 4.4698 0 0 0 0 0 0 1 7 17 124 851 
10 8192 75 43.52 0.9904 0.0012691 5.0992 0.9888 0.0026172 5.1198 0 0 0 0 0 0 1 2 8 70 919 
10 8192 100 43.52 0.9934 0.00083728 5.7025 0.9928 0.0025507 5.6882 0 0 0 0 0 0 0 2 5 50 943 
10 8192 250 43.52 0.9984 0.00023768 8.7669 0.9965 0.0021399 8.8343 0 0 0 0 0 0 0 1 1 11 987 
10 8192 500 43.52 0.9991 0.0001093 13.315 0.9976 0.0020363 13.409 0 0 0 0 0 0 0 0 1 7 992 
