	k	n_trees	depth	sparsity	k_build	b	v	build_time	recall	var_recall	query_time	projection_time	traversal_time	vote_time	exact_time	cs_size	n_train	val_recall	val_var_recall	val_query_time	r0	r1	r2	r3	r4	r5	r6	r7	r8	r9	r10
0	10	10	13	0.015625	10	1	1	1.3282	0.7075	0.054989	1.5675	0	0.0093137	0.059575	1.4983	901.98	99120	0.702	0.059355	1.6089	4	12	29	45	67	97	107	142	150	189	158
43	10	10	14	0.015625	10	1	1	1.53478	0.6056	0.067997	0.8608	0	0.0089433	0.051914	0.79968	487.17	99120	0.6186	0.071265	0.85317	17	32	62	82	95	114	120	138	128	126	86
86	10	10	15	0.015625	10	1	1	1.84984	0.5153	0.079896	0.49878	0	0.01064	0.062249	0.42563	259.78	99120	0.5107	0.081817	0.47371	45	72	89	106	118	120	104	93	106	80	67
129	10	15	13	0.015625	10	1	1	1.52016	0.7804	0.0441	2.1616	0	0.012158	0.079823	2.0693	1269.0	99120	0.7847	0.04392	2.1827	2	4	18	23	41	63	81	127	183	203	255
172	10	15	14	0.015625	10	1	1	1.77367	0.698	0.056392	1.2717	0	0.013213	0.08226	1.1759	694.16	99120	0.696	0.060565	1.2808	10	13	30	42	61	94	133	141	151	176	149
215	10	15	15	0.015625	10	1	1	2.13178	0.5998	0.066947	0.73077	0	0.017214	0.088901	0.62438	373.54	99120	0.6131	0.066565	0.69211	11	38	78	68	91	118	133	135	128	121	79
258	10	20	13	0.015625	10	1	1	2.02466	0.8292	0.035122	3.122	0	0.021329	0.13256	2.9677	1608.1	99120	0.8244	0.037842	2.7791	1	2	10	17	19	39	81	91	171	233	336
301	10	20	14	0.015625	10	1	1	2.40919	0.7515	0.047445	1.7013	0	0.021236	0.10236	1.5774	892.78	99120	0.7513	0.049868	1.6448	4	7	18	30	51	68	101	141	175	205	200
344	10	20	15	0.015625	10	1	1	2.34406	0.6558	0.060647	1.0033	0	0.025433	0.081392	0.89609	483.06	99120	0.6522	0.06494	0.94797	11	18	45	62	76	96	137	154	143	144	114
387	10	25	13	0.015625	10	1	1	2.36855	0.856	0.029554	3.6303	0	0.026852	0.1451	3.458	1921.2	99120	0.8593	0.031905	3.5964	0	2	6	7	26	25	61	82	154	246	391
430	10	25	14	0.015625	10	1	1	2.18373	0.7856	0.044237	1.9527	0	0.024813	0.10786	1.8197	1072.5	99120	0.7943	0.040858	1.9281	3	4	9	31	48	53	80	115	179	213	265
473	10	25	15	0.015625	10	1	1	2.42108	0.7038	0.055501	1.1161	0	0.02482	0.10994	0.981	586.19	99120	0.7036	0.057905	1.0712	6	13	30	51	55	86	124	146	162	170	157
516	10	30	13	0.015625	10	1	1	2.23658	0.8746	0.02474	4.0742	0	0.030576	0.16721	3.8759	2214.2	99120	0.8798	0.025317	3.9936	0	2	1	6	12	33	40	93	140	230	443
559	10	30	14	0.015625	10	1	1	2.53305	0.8226	0.037166	2.3269	0	0.030133	0.1166	2.1798	1250.2	99120	0.8112	0.038153	2.2481	0	4	6	25	31	36	61	118	161	229	329
602	10	30	15	0.015625	10	1	1	2.59199	0.7438	0.046688	1.2549	0	0.027245	0.061372	1.166	684.96	99120	0.7426	0.051597	1.2268	3	4	16	40	57	55	128	143	164	202	188
645	10	40	13	0.015625	10	1	1	3.34426	0.9023	0.018904	5.3102	0	0.04188	0.16489	5.1029	2767.5	99120	0.908	0.019636	4.9968	0	0	1	4	9	17	33	63	129	223	521
688	10	40	14	0.015625	10	1	1	3.51759	0.8609	0.026968	3.0747	0	0.035253	0.099918	2.9392	1574.8	99120	0.8564	0.029428	3.114	0	0	3	9	14	38	63	75	153	247	398
731	10	40	15	0.015625	10	1	1	3.46941	0.7913	0.040475	1.7787	0	0.044248	0.1563	1.5779	872.89	99120	0.782	0.04352	1.8734	1	4	11	23	28	68	83	137	167	207	271
774	10	50	13	0.015625	10	1	1	4.09204	0.9238	0.014368	6.4261	0	0.04974	0.27709	6.0986	3268.2	99120	0.9252	0.01486	5.6877	0	1	1	1	2	14	24	42	102	230	583
817	10	50	14	0.015625	10	1	1	4.18431	0.8864	0.021897	3.5686	0	0.045207	0.12346	3.3996	1874.5	99120	0.8817	0.023839	3.6248	0	1	2	4	6	27	44	78	137	228	473
860	10	50	15	0.015625	10	1	1	4.51805	0.8262	0.034468	1.9783	0	0.046734	0.088212	1.843	1045.0	99120	0.8215	0.037085	2.0297	0	5	5	11	31	52	55	105	182	231	323
903	10	60	13	0.015625	10	1	1	5.92731	0.9354	0.012239	6.9416	0	0.051349	0.25383	6.6358	3717.2	99120	0.9373	0.014533	6.4422	0	1	0	1	4	6	20	37	89	207	635
946	10	60	14	0.015625	10	1	1	6.2598	0.8999	0.018989	4.3331	0	0.0639	0.24572	4.023	2155.9	99120	0.8963	0.022879	3.928	0	1	2	1	8	15	43	61	125	241	503
989	10	60	15	0.015625	10	1	1	6.76039	0.8485	0.030248	2.3676	0	0.057587	0.12959	2.18	1216.3	99120	0.8494	0.032212	2.3651	1	2	5	10	20	30	67	89	165	242	369
1032	10	70	13	0.015625	10	1	1	6.27683	0.9484	0.0097472	8.0369	0	0.067191	0.28975	7.6792	4144.7	99120	0.9477	0.0095242	7.371	0	1	0	0	2	5	18	23	69	191	691
1075	10	70	14	0.015625	10	1	1	6.84782	0.9118	0.016457	4.8026	0	0.073315	0.26288	4.466	2422.9	99120	0.9096	0.018106	4.2823	0	0	0	3	3	14	40	61	99	232	548
1118	10	70	15	0.015625	10	1	1	7.28355	0.8638	0.026156	2.6721	0	0.072009	0.19083	2.4089	1371.8	99120	0.8641	0.026648	2.6179	0	0	3	7	16	30	67	79	143	252	403
1161	10	80	13	0.015625	10	1	1	6.53844	0.953	0.008019	8.6801	0	0.071179	0.29932	8.3089	4552.0	99120	0.9552	0.0097627	8.2981	0	0	0	0	3	5	10	18	67	199	698
1204	10	80	14	0.015625	10	1	1	7.05601	0.9248	0.013959	5.1921	0	0.071985	0.2532	4.8664	2677.4	99120	0.9229	0.015041	4.9368	1	0	1	1	5	6	22	45	108	228	583
1247	10	80	15	0.015625	10	1	1	7.55492	0.8781	0.024775	3.1309	0	0.085836	0.24817	2.7965	1526.1	99120	0.8841	0.02284	2.8519	1	2	3	10	11	18	34	88	147	247	439
1290	10	90	13	0.015625	10	1	1	7.01031	0.9569	0.0075399	9.611	0	0.066474	0.35952	9.184	4932.9	99120	0.9598	0.0078118	8.7342	0	0	0	2	2	3	5	23	53	195	717
1333	10	90	14	0.015625	10	1	1	7.79908	0.9326	0.01279	5.6818	0	0.098038	0.25878	5.3243	2920.9	99120	0.9353	0.012877	5.6073	0	0	0	1	3	13	20	46	75	216	626
1376	10	90	15	0.015625	10	1	1	7.97975	0.8964	0.021809	3.378	0	0.092086	0.27136	3.0141	1665.4	99120	0.8957	0.020792	3.2747	0	0	4	6	10	16	44	58	122	228	512
1419	10	100	13	0.015625	10	1	1	7.68005	0.9634	0.0061866	9.7017	0	0.079484	0.42545	9.1958	5289.3	99120	0.9637	0.0083006	9.2491	0	0	0	0	0	3	9	18	55	151	764
1462	10	100	14	0.015625	10	1	1	8.44824	0.9421	0.010828	6.1639	0	0.11018	0.32222	5.7308	3138.2	99120	0.9422	0.011831	5.9611	0	0	2	0	4	3	15	35	78	203	660
1505	10	100	15	0.015625	10	1	1	8.75621	0.9001	0.019449	3.6861	0	0.11628	0.30019	3.2692	1809.4	99120	0.9003	0.020731	3.5711	0	1	2	5	6	15	34	68	126	236	507
1548	10	10	13	0.015625	50	1	1	2.76168	0.9094	0.021613	5.7538	0	0.012612	0.15097	5.5895	3152.4	99120	0.9117	0.023897	5.3205	2	0	1	3	11	26	31	49	98	194	585
1591	10	10	14	0.015625	50	1	1	2.97352	0.8561	0.039142	3.4239	0	0.014052	0.083629	3.3253	1870.7	99120	0.8516	0.041859	3.5468	3	4	7	15	33	34	45	86	118	170	485
1634	10	10	15	0.015625	50	1	1	3.26028	0.7925	0.05651	1.9339	0	0.0134	0.045838	1.8743	1076.7	99120	0.7822	0.064047	1.9507	7	6	25	36	35	59	74	90	122	184	362
1677	10	15	13	0.015625	50	1	1	2.85286	0.9378	0.013945	7.7347	0	0.02027	0.18692	7.5266	4175.5	99120	0.939	0.015054	6.9577	0	1	1	2	6	6	21	39	80	164	680
1720	10	15	14	0.015625	50	1	1	3.44952	0.9059	0.022978	4.7019	0	0.025839	0.11388	4.5616	2530.9	99120	0.9054	0.024195	4.6515	2	1	0	5	10	24	39	61	82	194	582
1763	10	15	15	0.015625	50	1	1	4.13316	0.8582	0.036009	2.716	0	0.021367	0.08415	2.6093	1473.5	99120	0.8602	0.036332	2.8915	1	4	4	20	22	37	49	89	113	194	467
1806	10	20	13	0.015625	50	1	1	3.17184	0.9565	0.0097875	9.634	0	0.025362	0.20917	9.3985	5083.0	99120	0.9529	0.011503	8.7134	1	0	0	0	4	4	14	29	50	138	760
1849	10	20	14	0.015625	50	1	1	3.4542	0.9325	0.016751	5.7481	0	0.024298	0.15399	5.5691	3097.5	99120	0.9265	0.020748	5.4975	0	1	3	4	5	6	33	41	67	165	675
1892	10	20	15	0.015625	50	1	1	3.98913	0.8888	0.027922	3.4961	0	0.0256	0.097288	3.3729	1833.3	99120	0.8954	0.027586	3.6012	1	2	2	12	15	23	45	67	106	186	541
1935	10	25	13	0.015625	50	1	1	4.02022	0.9665	0.0071349	11.102	0	0.026416	0.25532	10.819	5851.5	99120	0.9659	0.0086959	10.051	0	0	0	0	2	2	15	22	39	109	811
1978	10	25	14	0.015625	50	1	1	3.70745	0.9417	0.013505	6.6226	0	0.027033	0.17076	6.424	3621.4	99120	0.9468	0.012502	6.4011	0	1	1	1	5	8	16	50	67	141	710
2021	10	25	15	0.015625	50	1	1	5.04043	0.9164	0.020051	4.1072	0	0.034234	0.165	3.9069	2164.2	99120	0.915	0.020596	3.9444	0	2	1	8	5	17	33	43	93	192	606
2064	10	30	13	0.015625	50	1	1	3.82379	0.9751	0.0046546	11.721	0	0.034121	0.29968	11.386	6565.6	99120	0.9741	0.0069862	10.981	0	0	0	1	0	1	7	10	36	107	838
2107	10	30	14	0.015625	50	1	1	4.78917	0.9554	0.0094403	7.7697	0	0.038505	0.23821	7.4915	4085.3	99120	0.9541	0.011254	6.9925	0	0	0	2	2	6	13	25	63	137	752
2150	10	30	15	0.015625	50	1	1	5.11373	0.925	0.018574	4.5698	0	0.038623	0.15357	4.377	2467.0	99120	0.9292	0.018346	4.4941	1	0	2	5	10	12	24	46	76	183	641
2193	10	40	13	0.015625	50	1	1	4.40013	0.9802	0.0034915	14.871	0	0.039667	0.4174	14.412	7782.0	99120	0.9791	0.005839	11.077	0	0	0	1	0	1	2	7	31	95	863
2236	10	40	14	0.015625	50	1	1	5.47642	0.9687	0.0055358	9.0276	0	0.045468	0.3032	8.6775	4919.9	99120	0.9679	0.0078474	8.4457	0	0	0	0	0	4	6	16	45	131	798
2279	10	40	15	0.015625	50	1	1	6.44433	0.9483	0.011709	5.791	0	0.046391	0.27006	5.4738	3012.8	99120	0.9454	0.013452	5.525	0	1	1	2	5	3	17	28	63	163	717
2322	10	50	13	0.015625	50	1	1	5.88497	0.9858	0.0023607	16.617	0	0.048422	0.51177	16.056	8840.9	99120	0.9827	0.0042149	15.642	0	0	0	0	0	1	3	5	14	82	895
2365	10	50	14	0.015625	50	1	1	7.03945	0.9764	0.0043274	10.552	0	0.050939	0.3049	10.195	5663.2	99120	0.976	0.0059099	10.022	0	0	0	0	0	4	3	14	26	110	843
2408	10	50	15	0.015625	50	1	1	8.32141	0.9588	0.0078504	6.6442	0	0.0602	0.21519	6.3678	3497.4	99120	0.962	0.009966	6.7421	0	0	0	0	5	3	9	18	58	161	746
2451	10	60	13	0.015625	50	1	1	9.52769	0.9881	0.0019904	17.538	0	0.058623	0.48653	16.991	9785.6	99120	0.9864	0.0035386	17.161	0	0	0	0	0	1	3	1	16	67	912
2494	10	60	14	0.015625	50	1	1	11.1578	0.9818	0.003212	12.497	0	0.069391	0.46737	11.958	6317.9	99120	0.979	0.0052442	9.2802	0	0	0	0	0	2	2	10	24	86	876
2537	10	60	15	0.015625	50	1	1	12.9585	0.9671	0.0064941	7.7596	0	0.078737	0.35642	7.3233	3942.7	99120	0.9658	0.0084989	7.3512	0	0	0	2	0	3	7	21	37	135	795
2580	10	70	13	0.015625	50	1	1	9.66354	0.9903	0.0015775	19.352	0	0.063656	0.53782	18.748	10620.0	99120	0.9875	0.0037375	18.653	0	0	0	0	0	0	2	4	11	55	928
2623	10	70	14	0.015625	50	1	1	11.5332	0.9827	0.0027134	12.705	0	0.063013	0.45422	12.186	6932.7	99120	0.9824	0.004795	12.127	0	0	0	0	0	2	1	6	20	101	870
2666	10	70	15	0.015625	50	1	1	14.792	0.9727	0.0050097	8.2829	0	0.072707	0.39363	7.8155	4347.5	99120	0.9711	0.0072821	7.6763	0	0	0	0	0	4	4	17	36	114	825
2709	10	80	13	0.015625	50	1	1	10.1246	0.9908	0.0013167	20.425	0	0.067057	0.5734	19.782	11423.0	99120	0.9894	0.003311	19.799	0	0	0	0	0	1	0	1	11	62	925
2752	10	80	14	0.015625	50	1	1	12.6422	0.9869	0.0019604	13.684	0	0.073832	0.50827	13.1	7465.5	99120	0.9855	0.0039637	12.935	0	0	0	0	0	1	2	2	13	86	896
2795	10	80	15	0.015625	50	1	1	14.2896	0.9766	0.0044169	9.3298	0	0.094834	0.4366	8.7968	4730.2	99120	0.975	0.0057207	8.3201	0	0	0	1	1	2	3	9	30	112	842
2838	10	90	13	0.015625	50	1	1	10.5702	0.9918	0.001194	22.202	0	0.085204	0.8146	21.301	12084.0	99120	0.9915	0.0029407	17.458	0	0	0	0	0	0	1	2	10	52	935
2881	10	90	14	0.015625	50	1	1	13.8856	0.9892	0.0019453	15.5	0	0.10002	0.6604	14.737	7969.8	99120	0.9868	0.0035893	11.672	0	0	0	0	0	2	1	3	14	57	923
2924	10	90	15	0.015625	50	1	1	17.2258	0.9776	0.0041624	9.7289	0	0.11092	0.34507	9.2717	5073.9	99120	0.9792	0.0051525	9.6877	0	0	0	0	1	3	2	12	28	103	851
2967	10	100	13	0.015625	50	1	1	12.4321	0.9941	0.00095615	23.034	0	0.080406	0.7255	22.226	12752.0	99120	0.9929	0.0027023	24.034	0	0	0	0	0	0	2	1	5	38	954
3010	10	100	14	0.015625	50	1	1	15.6306	0.9888	0.0017964	16.005	0	0.090603	0.48502	15.428	8466.9	99120	0.9877	0.0036824	16.085	0	0	0	0	0	1	1	3	15	64	916
3053	10	100	15	0.015625	50	1	1	21.3047	0.9817	0.002878	10.772	0	0.11829	0.56628	10.086	5418.7	99120	0.9811	0.0048977	9.6143	0	0	0	0	0	0	4	4	33	89	870
