	k	n_trees	depth	sparsity	v	build_time	recall	var_recall	query_time	cs_size	val_recall	val_var_recall	val_query_time	r0	r1	r2	r3	r4	r5	r6	r7	r8	r9	r10
0	10	1	6	0.015625	1	0.646125	0.3675	0.059353	2.1265	1548.7	0.3619	0.059097	2.1341	80	133	152	152	144	104	86	69	46	21	13
1	10	1	7	0.015625	1	0.769957	0.2853	0.047982	1.0811	774.37	0.2869	0.048026	1.08	130	191	194	136	129	96	57	31	19	11	6
2	10	1	8	0.015625	1	0.847877	0.2083	0.034496	0.54557	387.17	0.2167	0.034446	0.54905	207	257	201	129	98	49	30	18	6	4	1
3	10	1	9	0.015625	1	0.896691	0.1731	0.028715	0.28903	193.59	0.1518	0.026864	0.28683	275	274	181	120	73	39	25	7	5	1	0
4	10	1	10	0.015625	1	0.953488	0.1162	0.018436	0.15823	96.789	0.1171	0.018536	0.15732	408	270	183	82	29	13	9	3	3	0	0
5	10	1	11	0.015625	1	1.02834	0.0926	0.014159	0.093278	48.386	0.0873	0.013863	0.091593	476	292	126	69	17	15	4	0	1	0	0
6	10	1	12	0.015625	1	1.13959	0.0636	0.0097648	0.06023	24.228	0.0628	0.010407	0.058376	602	256	77	38	25	1	0	1	0	0	0
7	10	5	6	0.015625	1	0.997589	0.8092	0.032087	9.8353	5793.8	0.8132	0.031037	9.8643	0	2	4	14	28	44	91	130	195	228	264
12	10	5	7	0.015625	1	1.14	0.7147	0.042416	5.3959	3148.5	0.7191	0.042267	6.0852	1	4	17	33	65	101	123	157	210	162	127
17	10	5	8	0.015625	1	1.28181	0.6049	0.049175	2.9652	1677.7	0.6071	0.048688	2.8738	3	15	39	83	108	158	165	156	118	91	64
22	10	5	9	0.015625	1	1.34915	0.5064	0.053272	1.6346	874.44	0.4949	0.055239	1.8306	6	46	90	139	146	158	135	116	82	51	31
27	10	5	10	0.015625	1	1.51041	0.3958	0.048591	0.83258	449.87	0.3992	0.051391	0.8019	18	109	156	192	164	134	79	70	41	27	10
32	10	5	11	0.015625	1	1.51364	0.3032	0.039429	0.44752	229.31	0.3055	0.041181	0.43397	71	163	222	191	131	105	59	28	19	9	2
37	10	5	12	0.015625	1	1.6591	0.2316	0.033075	0.26093	116.29	0.2322	0.034137	0.24011	132	250	238	154	123	41	32	13	8	6	3
42	10	10	6	0.015625	1	1.297	0.9263	0.01155	15.686	9180.0	0.9256	0.013418	15.578	0	0	0	1	1	5	23	48	112	239	571
52	10	10	7	0.015625	1	1.56876	0.8698	0.018787	8.3832	5293.1	0.8688	0.021868	7.5764	0	0	0	1	8	16	55	108	180	263	369
62	10	10	8	0.015625	1	1.70371	0.7912	0.031274	5.2157	2935.7	0.7952	0.030347	5.0089	0	1	4	13	33	35	127	159	193	212	223
72	10	10	9	0.015625	1	1.7608	0.693	0.041052	2.8798	1584.8	0.7014	0.0417	2.918	1	3	16	35	63	126	170	165	172	133	116
82	10	10	10	0.015625	1	1.92241	0.5801	0.047542	1.5147	833.96	0.5815	0.049137	1.4988	1	14	48	104	125	163	157	153	108	83	44
92	10	10	11	0.015625	1	1.92223	0.4722	0.048456	0.82187	433.96	0.4715	0.049747	0.79843	10	46	102	162	177	160	120	104	59	42	18
102	10	10	12	0.015625	1	2.06814	0.3633	0.047831	0.47665	223.54	0.3602	0.048765	0.43703	45	125	176	177	147	144	79	54	24	17	12
112	10	25	6	0.015625	1	2.35197	0.9786	0.0032052	25.257	14546.0	0.9763	0.0050333	21.528	0	0	0	0	0	1	1	10	30	115	843
130	10	25	7	0.015625	1	2.87098	0.9667	0.0044255	16.407	9236.7	0.9632	0.0070128	15.786	0	0	0	0	0	2	1	9	57	178	753
148	10	25	8	0.015625	1	3.0147	0.9405	0.0080578	11.05	5557.7	0.9355	0.01074	9.6521	0	0	0	0	1	2	7	32	109	237	612
166	10	25	9	0.015625	1	3.08048	0.8848	0.015685	5.9272	3182.2	0.8786	0.018841	5.5415	0	0	0	1	6	12	31	88	190	281	391
184	10	25	10	0.015625	1	3.45682	0.8096	0.024452	3.3691	1762.1	0.8083	0.027328	3.2497	0	0	1	3	11	56	88	176	210	229	226
202	10	25	11	0.015625	1	3.25978	0.7004	0.041401	1.8155	955.01	0.7013	0.04149	1.8301	1	2	15	32	77	110	154	169	163	163	114
220	10	25	12	0.015625	1	3.43788	0.5984	0.045643	1.1638	506.35	0.5868	0.050316	1.0677	1	15	40	69	117	177	186	146	103	93	53
238	10	50	6	0.015625	1	4.37677	0.9922	0.0009401	33.584	19067.0	0.9895	0.003203	32.817	0	0	0	0	0	0	0	2	5	62	931
256	10	50	7	0.015625	1	4.68684	0.9875	0.0014752	22.99	12918.0	0.9853	0.0036375	22.274	0	0	0	0	0	0	0	1	16	90	893
274	10	50	8	0.015625	1	5.04545	0.9782	0.0027475	15.232	8221.9	0.9787	0.0045809	14.214	0	0	0	0	0	0	2	3	31	139	825
292	10	50	9	0.015625	1	5.4306	0.9557	0.0058734	9.4508	4990.9	0.9557	0.007495	8.6977	0	0	0	0	0	0	7	21	65	222	685
310	10	50	10	0.015625	1	5.65235	0.9161	0.011582	5.8717	2906.1	0.9128	0.01335	5.2511	0	0	0	0	0	6	19	68	133	263	511
328	10	50	11	0.015625	1	6.12323	0.8556	0.019949	3.2544	1637.5	0.8474	0.022976	3.2716	0	1	0	2	8	25	49	128	191	286	310
346	10	50	12	0.015625	1	6.62341	0.7527	0.031624	1.9366	898.55	0.7488	0.035234	1.9537	0	2	5	12	33	85	140	182	206	190	145
364	10	75	6	0.015625	1	6.51256	0.9953	0.0005885	38.216	21825.0	0.9933	0.0025276	37.37	0	0	0	0	0	0	0	0	7	33	960
382	10	75	7	0.015625	1	7.07833	0.9928	0.0010292	27.168	15188.0	0.9899	0.003011	26.51	0	0	0	0	0	0	0	3	9	45	943
400	10	75	8	0.015625	1	7.54564	0.986	0.0018659	18.503	10009.0	0.9828	0.0040882	17.449	0	0	0	0	0	0	1	3	18	91	887
418	10	75	9	0.015625	1	7.88436	0.9759	0.0029121	11.606	6307.4	0.9727	0.00533	10.968	0	0	0	0	0	0	1	3	39	150	807
436	10	75	10	0.015625	1	8.69327	0.954	0.0056897	7.286	3769.1	0.9498	0.0079479	7.0173	0	0	0	0	0	1	2	20	78	231	668
454	10	75	11	0.015625	1	8.72151	0.9069	0.012515	4.628	2186.5	0.9019	0.014581	4.2058	0	0	0	0	1	9	23	63	161	277	466
472	10	75	12	0.015625	1	9.62028	0.8355	0.023573	2.6844	1227.9	0.8273	0.025871	2.7502	0	0	2	3	12	38	74	126	207	258	280
490	10	100	6	0.015625	1	7.82026	0.9952	0.00067764	44.696	23686.0	0.9948	0.0023553	38.895	0	0	0	0	0	0	0	2	5	32	961
508	10	100	7	0.015625	1	9.3357	0.9932	0.00089465	30.507	16851.0	0.9913	0.0028572	31.16	0	0	0	0	0	0	0	1	10	45	944
526	10	100	8	0.015625	1	9.65853	0.9908	0.0011765	20.485	11395.0	0.9887	0.002705	20.667	0	0	0	0	0	0	0	3	8	67	922
544	10	100	9	0.015625	1	10.1666	0.9855	0.0016014	13.86	7305.4	0.9821	0.0040937	13.029	0	0	0	0	0	0	0	0	18	109	873
562	10	100	10	0.015625	1	10.4619	0.9722	0.0033906	8.874	4484.4	0.9661	0.0060068	8.1237	0	0	0	0	0	0	2	6	39	174	779
580	10	100	11	0.015625	1	11.1065	0.9361	0.0077946	5.655	2651.8	0.9336	0.0093604	5.7833	0	0	0	0	1	1	8	28	117	278	567
598	10	100	12	0.015625	1	12.1167	0.8807	0.016154	3.3201	1515.3	0.8773	0.017772	3.3855	0	0	0	0	5	17	34	99	176	293	376
616	10	125	6	0.015625	1	11.4452	0.9974	0.00029353	46.367	25032.0	0.9951	0.0023483	43.757	0	0	0	0	0	0	0	0	2	22	976
634	10	125	7	0.015625	1	11.3882	0.9961	0.00055535	32.572	18115.0	0.9943	0.0023999	31.647	0	0	0	0	0	0	0	1	6	24	969
652	10	125	8	0.015625	1	12.3609	0.994	0.00086486	22.507	12419.0	0.99	0.0029429	24.927	0	0	0	0	0	0	1	1	6	41	951
670	10	125	9	0.015625	1	13.0737	0.9893	0.0013168	16.004	8155.7	0.9865	0.0034112	15.945	0	0	0	0	0	0	0	1	15	74	910
688	10	125	10	0.015625	1	14.2406	0.9775	0.0026064	10.043	5090.8	0.974	0.0047688	9.2793	0	0	0	0	0	0	1	4	25	159	811
706	10	125	11	0.015625	1	14.7918	0.9533	0.0058149	6.4465	3058.0	0.952	0.0075435	5.8178	0	0	0	0	0	0	5	22	70	241	662
724	10	125	12	0.015625	1	15.6794	0.9065	0.01234	4.1867	1770.9	0.9053	0.015017	3.7209	0	0	0	0	3	4	20	75	156	280	462
742	10	150	6	0.015625	1	11.4187	0.9972	0.00033249	47.801	26147.0	0.996	0.0022262	46.102	0	0	0	0	0	0	0	0	3	22	975
760	10	150	7	0.015625	1	12.4543	0.9951	0.00064664	34.25	19197.0	0.9955	0.00079054	33.091	0	0	0	0	0	0	0	1	6	34	959
778	10	150	8	0.015625	1	13.7893	0.9941	0.00071591	25.311	13399.0	0.9918	0.0027555	23.296	0	0	0	0	0	0	0	1	5	46	948
796	10	150	9	0.015625	1	14.8204	0.9901	0.0011732	16.622	8847.9	0.9889	0.0030899	15.678	0	0	0	0	0	0	0	1	11	74	914
814	10	150	10	0.015625	1	15.4847	0.9814	0.0021562	11.435	5607.4	0.9806	0.0034271	11.543	0	0	0	0	0	0	0	3	23	131	843
832	10	150	11	0.015625	1	17.3458	0.9633	0.0044075	7.3604	3418.6	0.9608	0.0070104	6.9322	0	0	0	0	0	0	1	15	53	212	719
850	10	150	12	0.015625	1	17.2634	0.9262	0.0096432	4.5365	2003.4	0.9237	0.01182	4.6309	0	0	0	0	1	3	12	45	133	268	538
868	10	200	6	0.015625	1	15.6211	0.9979	0.00024584	50.425	27897.0	0.996	0.0022262	48.181	0	0	0	0	0	0	0	0	2	17	981
886	10	200	7	0.015625	1	16.7449	0.9965	0.00047823	36.841	20811.0	0.9953	0.0023503	36.589	0	0	0	0	0	0	0	1	4	24	971
904	10	200	8	0.015625	1	18.0497	0.9962	0.00052609	26.99	14809.0	0.9927	0.0025593	25.952	0	0	0	0	0	0	0	1	5	25	969
922	10	200	9	0.015625	1	19.0021	0.9943	0.00069821	20.337	10042.0	0.9917	0.0026037	15.915	0	0	0	0	0	0	0	1	5	44	950
940	10	200	10	0.015625	1	21.8788	0.9875	0.0014952	13.386	6501.4	0.9844	0.0038405	12.684	0	0	0	0	0	0	0	1	17	88	894
958	10	200	11	0.015625	1	21.7721	0.978	0.0024785	9.3534	4038.3	0.9733	0.004842	9.0231	0	0	0	0	0	0	1	2	26	158	813
976	10	200	12	0.015625	1	23.2363	0.9485	0.0059837	5.7794	2415.5	0.9484	0.0084859	5.7606	0	0	0	0	0	2	2	18	88	267	623
994	10	250	6	0.015625	1	18.2744	0.998	0.00023624	51.754	29082.0	0.9963	0.0021985	51.087	0	0	0	0	0	0	0	0	2	16	982
1012	10	250	7	0.015625	1	20.5609	0.997	0.00041141	39.942	22097.0	0.9956	0.0022629	38.588	0	0	0	0	0	0	0	1	3	21	975
1030	10	250	8	0.015625	1	22.1369	0.9958	0.0005429	31.653	15971.0	0.9938	0.002484	30.849	0	0	0	0	0	0	0	1	4	31	964
1048	10	250	9	0.015625	1	23.9573	0.9947	0.00066257	22.121	10980.0	0.9926	0.002728	22.327	0	0	0	0	0	0	0	1	5	40	954
1066	10	250	10	0.015625	1	25.1322	0.9909	0.0011884	15.336	7217.4	0.9885	0.0030808	13.731	0	0	0	0	0	0	1	0	12	63	924
1084	10	250	11	0.015625	1	27.0276	0.9847	0.0019178	10.049	4563.2	0.9796	0.004128	9.9665	0	0	0	0	0	0	1	3	16	108	872
1102	10	250	12	0.015625	1	28.0802	0.9631	0.0043327	6.839	2775.8	0.9617	0.0064896	7.2666	0	0	0	0	0	0	0	14	58	211	717
1120	10	300	6	0.015625	1	21.5925	0.9988	0.0001387	53.851	30166.0	0.9972	0.0020742	52.586	0	0	0	0	0	0	0	0	1	10	989
1138	10	300	7	0.015625	1	24.0853	0.9971	0.00040199	42.982	23142.0	0.9958	0.0023047	40.307	0	0	0	0	0	0	0	1	3	20	976
1156	10	300	8	0.015625	1	26.4386	0.9963	0.00045677	31.139	16905.0	0.9944	0.0024711	29.969	0	0	0	0	0	0	0	1	2	30	967
1174	10	300	9	0.015625	1	28.5241	0.9949	0.00064463	22.232	11765.0	0.993	0.0025736	21.411	0	0	0	0	0	0	0	1	5	38	956
1192	10	300	10	0.015625	1	30.9608	0.9931	0.00084323	16.438	7833.9	0.9901	0.002975	16.497	0	0	0	0	0	0	0	1	7	52	940
1210	10	300	11	0.015625	1	32.6572	0.9871	0.0015251	11.411	5018.2	0.9828	0.0037879	10.009	0	0	0	0	0	0	0	2	14	95	889
1228	10	300	12	0.015625	1	33.5919	0.9723	0.003326	8.1539	3089.4	0.9689	0.0053882	7.8048	0	0	0	0	0	0	1	7	39	174	779
1246	10	350	6	0.015625	1	25.5594	0.9985	0.00018794	56.281	30909.0	0.997	0.0017728	53.906	0	0	0	0	0	0	0	0	2	11	987
1264	10	350	7	0.015625	1	27.9147	0.998	0.00031632	46.026	23965.0	0.9969	0.0014418	42.327	0	0	0	0	0	0	0	1	3	11	985
1282	10	350	8	0.015625	1	30.0931	0.9972	0.00035251	34.515	17700.0	0.9954	0.0022811	31.541	0	0	0	0	0	0	0	0	4	20	976
1300	10	350	9	0.015625	1	33.3489	0.9963	0.00051683	25.171	12439.0	0.9947	0.0014233	24.689	0	0	0	0	0	0	0	1	5	24	970
1318	10	350	10	0.015625	1	36.3788	0.9943	0.00071823	17.128	8394.4	0.9916	0.0027322	17.085	0	0	0	0	0	0	0	1	6	42	951
1336	10	350	11	0.015625	1	37.9972	0.9893	0.0013569	12.213	5426.1	0.9861	0.0034002	12.029	0	0	0	0	0	0	1	1	11	78	909
1354	10	350	12	0.015625	1	39.2842	0.9796	0.0022661	9.3746	3378.3	0.9724	0.0046429	8.3375	0	0	0	0	0	0	0	2	26	146	826
1372	10	400	6	0.015625	1	28.4043	0.9987	0.00016848	59.8	31676.0	0.997	0.0021131	63.064	0	0	0	0	0	0	0	0	2	9	989
1390	10	400	7	0.015625	1	31.787	0.9976	0.00031455	44.132	24659.0	0.9961	0.002217	43.275	0	0	0	0	0	0	0	0	4	16	980
1408	10	400	8	0.015625	1	34.8149	0.9972	0.00033249	35.984	18382.0	0.9957	0.0023338	31.131	0	0	0	0	0	0	0	0	3	22	975
1426	10	400	9	0.015625	1	38.0016	0.9959	0.0005137	25.624	13071.0	0.995	0.0013964	23.842	0	0	0	0	0	0	0	1	3	32	964
1444	10	400	10	0.015625	1	40.0869	0.9948	0.00061357	19.001	8870.5	0.9921	0.0026903	19.142	0	0	0	0	0	0	0	1	3	43	953
1462	10	400	11	0.015625	1	43.2282	0.9907	0.0010846	12.836	5787.1	0.989	0.002982	11.82	0	0	0	0	0	0	0	1	9	72	918
1480	10	400	12	0.015625	1	45.636	0.9816	0.0021436	9.5699	3627.0	0.9774	0.0043936	9.12	0	0	0	0	0	0	0	3	23	129	845
1498	10	500	6	0.015625	1	34.7463	0.999	0.00017918	59.22	32874.0	0.9974	0.0013946	58.286	0	0	0	0	0	0	0	1	1	5	993
1516	10	500	7	0.015625	1	38.4831	0.9985	0.00020796	49.986	25927.0	0.9969	0.0021425	46.468	0	0	0	0	0	0	0	0	3	9	988
1534	10	500	8	0.015625	1	42.3434	0.9982	0.00025702	38.46	19536.0	0.996	0.0022262	35.531	0	0	0	0	0	0	0	1	1	13	985
1552	10	500	9	0.015625	1	46.5154	0.997	0.00041141	28.469	14066.0	0.9961	0.001256	26.78	0	0	0	0	0	0	0	0	6	18	976
1570	10	500	10	0.015625	1	50.9429	0.9957	0.00055206	21.307	9699.1	0.9941	0.0020973	19.321	0	0	0	0	0	0	0	1	4	32	963
1588	10	500	11	0.015625	1	52.9721	0.9926	0.00088613	15.368	6415.4	0.9901	0.0028749	15.292	0	0	0	0	0	0	0	1	7	57	935
1606	10	500	12	0.015625	1	57.9984	0.9866	0.001582	12.35	4093.5	0.9837	0.0033877	12.562	0	0	0	0	0	0	0	1	18	95	886
