	k	n_trees	depth	sparsity	k_build	b	v	build_time	recall	var_recall	query_time	projection_time	traversal_time	vote_time	exact_time	cs_size	n_train	val_recall	val_var_recall	val_query_time	r0	r1	r2	r3	r4	r5	r6	r7	r8	r9	r10
0	10	10	13	0.015625	10	1	1	2.52393	0.8684	0.027008	1.393	0	0.060371	0.032674	1.2996	694.76	99120	0.8763	0.025294	1.381	1	1	6	5	13	33	47	87	135	252	420
43	10	10	14	0.015625	10	1	1	2.87031	0.8214	0.034697	0.7595	0	0.060659	0.03324	0.66532	394.62	99120	0.815	0.037853	0.74557	3	2	7	17	26	37	67	113	174	267	287
86	10	10	15	0.015625	10	1	1	3.37671	0.7378	0.045777	0.46586	0	0.063641	0.036117	0.36585	221.17	99120	0.7407	0.046	0.44177	3	9	17	26	45	96	117	139	178	202	168
129	10	15	13	0.015625	10	1	1	3.07004	0.916	0.014619	1.7019	0	0.079066	0.040269	1.5823	945.09	99120	0.9169	0.016621	1.705	0	0	1	1	5	10	31	45	118	250	539
172	10	15	14	0.015625	10	1	1	3.37742	0.8681	0.025358	1.0391	0	0.084284	0.039125	0.91541	544.41	99120	0.8782	0.02515	1.0174	0	1	5	10	9	27	39	99	155	248	407
215	10	15	15	0.015625	10	1	1	3.7823	0.8115	0.034192	0.72098	0	0.10817	0.054711	0.55781	309.97	99120	0.8167	0.034886	0.6406	0	1	11	12	35	34	86	124	193	222	282
258	10	20	13	0.015625	10	1	1	3.62082	0.9376	0.011618	2.2261	0	0.10531	0.061922	2.0585	1164.7	99120	0.9385	0.01246	2.2964	0	0	1	2	2	8	18	25	100	203	641
301	10	20	14	0.015625	10	1	1	4.01312	0.9042	0.018981	1.2944	0	0.11717	0.049847	1.127	680.59	99120	0.9055	0.017397	1.279	0	1	1	6	8	14	28	60	130	229	523
344	10	20	15	0.015625	10	1	1	4.54197	0.8548	0.025202	0.81352	0	0.12831	0.041779	0.64316	389.19	99120	0.8572	0.027075	0.783	0	2	2	7	12	33	53	105	169	267	350
387	10	25	13	0.015625	10	1	1	4.19938	0.9512	0.0075061	2.8077	0	0.18748	0.10075	2.519	1364.8	99120	0.9504	0.0094493	2.6748	0	0	0	0	1	3	7	32	67	209	681
430	10	25	14	0.015625	10	1	1	4.80558	0.9204	0.014839	1.573	0	0.14802	0.062294	1.3623	800.75	99120	0.9314	0.012266	1.5904	0	1	0	2	4	9	32	47	99	237	569
473	10	25	15	0.015625	10	1	1	5.10569	0.8787	0.021978	1.0698	0	0.16881	0.05961	0.8411	463.66	99120	0.8803	0.024146	1.0401	0	0	5	4	12	19	45	72	147	288	408
516	10	30	13	0.015625	10	1	1	4.82225	0.9614	0.0054755	3.0852	0	0.21086	0.10348	2.7705	1544.6	99120	0.9601	0.007966	3.0402	0	0	0	0	0	0	8	18	53	194	727
559	10	30	14	0.015625	10	1	1	4.99776	0.9386	0.010621	1.8447	0	0.1672	0.055827	1.6214	916.85	99120	0.9436	0.01145	1.8891	0	0	0	0	5	7	15	36	69	243	625
602	10	30	15	0.015625	10	1	1	5.87746	0.9011	0.018027	1.1754	0	0.18485	0.078101	0.91219	531.74	99120	0.9056	0.018467	1.1526	0	0	1	2	7	23	31	63	115	267	491
645	10	40	13	0.015625	10	1	1	6.14179	0.9706	0.0044801	3.7323	0	0.25822	0.10055	3.373	1877.7	99120	0.9689	0.0062891	3.8705	0	0	0	0	0	2	5	6	52	142	793
688	10	40	14	0.015625	10	1	1	6.83109	0.9547	0.0077256	2.3896	0	0.28166	0.065251	2.0422	1122.7	99120	0.956	0.0089329	2.3243	0	0	0	0	1	7	8	23	60	191	710
731	10	40	15	0.015625	10	1	1	7.20452	0.9257	0.011621	1.4691	0	0.25782	0.068527	1.1424	660.03	99120	0.9274	0.013383	1.4882	0	0	0	1	2	10	19	39	103	275	551
774	10	50	13	0.015625	10	1	1	7.75144	0.9775	0.0033271	4.3128	0	0.31867	0.1223	3.8713	2162.1	99120	0.9767	0.004932	4.5105	0	0	0	0	0	1	4	7	24	135	829
817	10	50	14	0.015625	10	1	1	8.23008	0.962	0.005962	2.7859	0	0.34885	0.074989	2.3616	1306.8	99120	0.9663	0.0060203	2.812	0	0	0	0	1	1	6	21	56	170	745
860	10	50	15	0.015625	10	1	1	9.04431	0.942	0.0088649	1.8571	0	0.44277	0.066032	1.3479	774.06	99120	0.9449	0.011225	1.8011	0	0	0	0	3	5	10	25	91	240	626
903	10	60	13	0.015625	10	1	1	10.7348	0.9828	0.0024066	4.961	0	0.39211	0.18594	4.3823	2422.0	99120	0.9795	0.004294	5.0154	0	0	0	0	0	1	0	5	24	104	866
946	10	60	14	0.015625	10	1	1	11.8809	0.9714	0.0046667	3.3676	0	0.44097	0.16483	2.7613	1475.6	99120	0.9718	0.0054903	3.5032	0	0	0	0	1	1	5	14	34	145	800
989	10	60	15	0.015625	10	1	1	13.2954	0.9559	0.0069321	2.2056	0	0.49775	0.16611	1.5413	881.0	99120	0.9539	0.0086735	2.2616	0	0	0	0	1	3	10	19	61	201	705
1032	10	70	13	0.015625	10	1	1	11.785	0.9828	0.0024866	5.7659	0	0.56771	0.24738	4.95	2667.7	99120	0.9828	0.0037679	5.3525	0	0	0	0	0	0	4	2	23	104	867
1075	10	70	14	0.015625	10	1	1	12.5252	0.9753	0.0034834	3.6623	0	0.54733	0.16233	2.9522	1635.4	99120	0.9753	0.005105	3.7282	0	0	0	0	0	2	2	5	34	146	811
1118	10	70	15	0.015625	10	1	1	14.1681	0.959	0.0064054	2.485	0	0.61597	0.12898	1.7396	979.53	99120	0.963	0.0069179	2.328	0	0	0	1	1	2	6	19	50	206	715
1161	10	80	13	0.015625	10	1	1	12.3281	0.987	0.0016527	5.9031	0	0.52221	0.23783	5.1424	2884.5	99120	0.9826	0.003741	6.0553	0	0	0	0	0	0	1	1	17	89	892
1204	10	80	14	0.015625	10	1	1	13.4733	0.9788	0.0030536	3.8714	0	0.53795	0.16552	3.1674	1774.2	99120	0.9789	0.0045093	4.0717	0	0	0	0	0	0	3	8	27	122	840
1247	10	80	15	0.015625	10	1	1	14.9293	0.9656	0.0056423	2.9899	0	0.78273	0.21616	1.9906	1071.7	99120	0.966	0.0063504	3.2081	0	0	0	1	3	0	5	10	43	183	755
1290	10	90	13	0.015625	10	1	1	13.1166	0.9886	0.0014715	6.5823	0	0.65894	0.29003	5.6325	3089.3	99120	0.9883	0.0027158	6.7065	0	0	0	0	0	0	0	3	14	77	906
1333	10	90	14	0.015625	10	1	1	14.7787	0.9811	0.0024953	4.2263	0	0.62537	0.18219	3.4181	1911.9	99120	0.9823	0.0036604	4.2149	0	0	0	0	0	0	1	7	21	122	849
1376	10	90	15	0.015625	10	1	1	16.1255	0.9703	0.0043723	3.102	0	0.80417	0.19353	2.1039	1159.1	99120	0.9699	0.0058699	3.3311	0	0	0	0	0	1	5	11	41	157	785
1419	10	100	13	0.015625	10	1	1	14.8541	0.9893	0.0015771	6.9568	0	0.79055	0.27931	5.886	3285.0	99120	0.988	0.0028388	7.2053	0	0	0	0	0	0	2	4	7	73	914
1462	10	100	14	0.015625	10	1	1	15.2688	0.9828	0.0023665	4.6091	0	0.71827	0.19484	3.6955	2043.7	99120	0.9829	0.0038014	4.4703	0	0	0	0	0	0	3	3	20	111	863
1505	10	100	15	0.015625	10	1	1	16.6416	0.9727	0.004269	3.2496	0	0.84833	0.18226	2.2186	1239.7	99120	0.9725	0.0054992	3.1917	0	0	0	0	0	4	3	8	32	153	800
1548	10	10	13	0.015625	50	1	1	3.3308	0.9636	0.006962	3.771	0	0.070727	0.084777	3.615	2062.8	99120	0.9643	0.0080035	3.82	0	0	0	2	1	4	5	15	60	139	774
1591	10	10	14	0.015625	50	1	1	4.16988	0.9441	0.012177	2.6058	0	0.10041	0.073337	2.4317	1301.0	99120	0.9504	0.010911	2.5258	0	1	2	2	2	6	15	29	84	163	696
1634	10	10	15	0.015625	50	1	1	4.88896	0.9191	0.018063	1.4634	0	0.071973	0.03599	1.3551	808.96	99120	0.9251	0.018038	1.4739	0	0	1	5	11	15	22	49	98	194	605
1677	10	15	13	0.015625	50	1	1	4.13164	0.9729	0.0046803	5.001	0	0.11081	0.12267	4.7669	2662.3	99120	0.9746	0.006161	4.9294	0	0	0	0	1	1	5	15	35	125	818
1720	10	15	14	0.015625	50	1	1	4.89959	0.969	0.0055646	3.1823	0	0.11211	0.072465	2.9973	1701.3	99120	0.9657	0.0077012	3.2181	0	1	0	0	0	2	4	16	43	141	793
1763	10	15	15	0.015625	50	1	1	5.70417	0.9487	0.009648	2.016	0	0.12471	0.048443	1.8425	1068.9	99120	0.9547	0.010548	2.0045	0	0	0	1	2	6	20	16	78	180	697
1806	10	20	13	0.015625	50	1	1	4.72108	0.9813	0.0030033	5.9966	0	0.1653	0.1585	5.6718	3138.2	99120	0.9812	0.004411	5.8571	0	0	0	0	0	1	3	6	28	96	866
1849	10	20	14	0.015625	50	1	1	5.42638	0.9752	0.0041491	3.9152	0	0.16398	0.09981	3.6509	2027.1	99120	0.9753	0.0055054	3.9382	0	0	0	0	1	3	1	10	33	127	825
1892	10	20	15	0.015625	50	1	1	6.38253	0.9609	0.0081894	2.5364	0	0.16603	0.063333	2.3067	1286.8	99120	0.9635	0.0088666	2.5997	0	0	2	1	1	5	8	18	46	159	760
1935	10	25	13	0.015625	50	1	1	5.43027	0.984	0.0023864	6.8941	0	0.18402	0.18595	6.5232	3549.5	99120	0.9866	0.0034439	7.2733	0	0	0	0	0	0	3	3	25	89	880
1978	10	25	14	0.015625	50	1	1	6.12451	0.9812	0.0030696	4.4513	0	0.19708	0.11776	4.1359	2325.1	99120	0.9781	0.0049954	4.5568	0	0	0	0	0	2	2	7	24	101	864
2021	10	25	15	0.015625	50	1	1	7.1546	0.9708	0.0051926	2.8327	0	0.19778	0.079515	2.5551	1478.7	99120	0.9695	0.0069667	2.8394	0	0	0	0	0	4	5	18	32	134	807
2064	10	30	13	0.015625	50	1	1	6.15278	0.9878	0.0019131	7.5363	0	0.24419	0.20043	7.0907	3916.6	99120	0.9864	0.0035786	7.122	0	0	0	0	0	1	2	2	14	75	906
2107	10	30	14	0.015625	50	1	1	6.48265	0.9826	0.0028201	5.2876	0	0.32302	0.15373	4.8102	2570.7	99120	0.9829	0.0042619	4.8526	0	0	0	0	0	1	4	5	20	98	872
2150	10	30	15	0.015625	50	1	1	7.01263	0.975	0.004019	3.2411	0	0.23676	0.079228	2.9247	1650.7	99120	0.9728	0.0059461	3.2888	0	0	0	0	1	1	5	8	28	139	818
2193	10	40	13	0.015625	50	1	1	8.20512	0.9897	0.0015455	9.1523	0	0.35808	0.29692	8.496	4548.3	99120	0.9888	0.0033779	8.5734	0	0	0	0	0	1	1	0	15	64	919
2236	10	40	14	0.015625	50	1	1	9.24977	0.9865	0.0017695	5.824	0	0.34255	0.17174	5.3089	3020.9	99120	0.9858	0.0037421	5.8059	0	0	0	0	0	0	0	5	15	90	890
2279	10	40	15	0.015625	50	1	1	10.2597	0.9801	0.0029169	4.1104	0	0.38427	0.14983	3.5756	1965.1	99120	0.9797	0.0050229	4.3324	0	0	0	0	0	0	3	6	30	109	852
2322	10	50	13	0.015625	50	1	1	11.1239	0.9933	0.00082594	9.6851	0	0.39669	0.32662	8.9605	5090.3	99120	0.9901	0.003015	9.1382	0	0	0	0	0	0	0	0	10	47	943
2365	10	50	14	0.015625	50	1	1	11.6976	0.9893	0.0016972	6.9676	0	0.47226	0.24766	6.2467	3405.0	99120	0.9874	0.0035448	6.9717	0	0	0	0	0	0	3	2	13	63	919
2408	10	50	15	0.015625	50	1	1	13.1266	0.9872	0.0017179	4.6463	0	0.44696	0.16442	4.0343	2226.9	99120	0.9846	0.0039067	4.7752	0	0	0	0	0	0	1	4	12	88	895
2451	10	60	13	0.015625	50	1	1	15.5013	0.994	0.00088488	10.952	0	0.45819	0.38517	10.108	5551.9	99120	0.9919	0.0027872	10.315	0	0	0	0	0	0	1	1	7	39	952
2494	10	60	14	0.015625	50	1	1	17.1534	0.9928	0.00098915	7.5763	0	0.54256	0.33918	6.6933	3744.2	99120	0.9901	0.003055	8.0221	0	0	0	0	0	0	1	1	7	51	940
2537	10	60	15	0.015625	50	1	1	18.9371	0.9896	0.0015134	5.218	0	0.58579	0.24733	4.3843	2463.2	99120	0.9867	0.0034566	5.1484	0	0	0	0	0	0	3	0	11	70	916
2580	10	70	13	0.015625	50	1	1	16.383	0.995	0.00073574	12.339	0	0.67784	0.57636	11.082	5977.3	99120	0.9922	0.0027619	11.625	0	0	0	0	0	0	1	0	7	32	960
2623	10	70	14	0.015625	50	1	1	17.8959	0.9918	0.001254	8.6714	0	0.79755	0.39063	7.4813	4040.2	99120	0.9912	0.0028254	7.8515	0	0	0	0	0	1	1	0	9	55	934
2666	10	70	15	0.015625	50	1	1	19.7829	0.9899	0.0014895	5.9564	0	0.7455	0.31054	4.8994	2676.4	99120	0.988	0.0033594	5.7495	0	0	0	0	0	0	2	2	11	65	920
2709	10	80	13	0.015625	50	1	1	17.3367	0.9953	0.00064856	12.966	0	0.69344	0.50688	11.764	6346.2	99120	0.9927	0.0026193	13.022	0	0	0	0	0	0	1	0	4	35	960
2752	10	80	14	0.015625	50	1	1	18.9001	0.9941	0.00095615	9.1552	0	0.76907	0.42497	7.9597	4317.8	99120	0.9908	0.0028382	9.3917	0	0	0	0	0	1	0	1	7	37	954
2795	10	80	15	0.015625	50	1	1	21.7762	0.992	0.0010571	6.4073	0	0.86038	0.33299	5.2129	2871.3	99120	0.9897	0.003107	6.4696	0	0	0	0	0	0	0	1	13	51	935
2838	10	90	13	0.015625	50	1	1	18.3613	0.9959	0.00055374	13.249	0	0.71044	0.56063	11.976	6692.8	99120	0.9933	0.0025677	12.348	0	0	0	0	0	0	0	1	5	28	966
2881	10	90	14	0.015625	50	1	1	19.7863	0.9946	0.00077161	9.864	0	0.86855	0.4999	8.4941	4562.0	99120	0.9925	0.0026364	9.9149	0	0	0	0	0	0	1	1	4	39	955
2924	10	90	15	0.015625	50	1	1	22.2275	0.9931	0.00088327	7.248	0	1.1049	0.42173	5.7202	3067.6	99120	0.9906	0.0029146	6.8948	0	0	0	0	0	0	1	0	6	53	940
2967	10	100	13	0.015625	50	1	1	20.4414	0.9965	0.00053829	14.282	0	0.78935	0.53948	12.951	7000.9	99120	0.9938	0.0018234	14.57	0	0	0	0	0	0	1	0	4	23	972
3010	10	100	14	0.015625	50	1	1	22.1469	0.9952	0.0007377	10.515	0	1.0435	0.45119	9.0186	4803.1	99120	0.9927	0.002299	9.5821	0	0	0	0	0	0	1	1	5	31	962
3053	10	100	15	0.015625	50	1	1	25.0334	0.995	0.0006957	7.3846	0	1.031	0.38982	5.9626	3232.7	99120	0.9909	0.0024496	7.3554	0	0	0	0	0	0	1	0	5	36	958
