	k	n_trees	depth	sparsity	k_build	b	v	build_time	recall	var_recall	query_time	projection_time	traversal_time	vote_time	exact_time	cs_size	n_train	val_recall	val_var_recall	val_query_time	r0	r1	r2	r3	r4	r5	r6	r7	r8	r9	r10
0	10	10	13	0.015625	10	1	1	0.665867	0.6848	0.059689	1.5805	0.0074072	0.0039043	0.036792	1.532	962.92	99120	0.6806	0.060965	1.602	11	24	23	52	74	81	117	165	161	144	148
43	10	10	14	0.015625	10	1	1	0.623483	0.5799	0.068895	0.84575	0.0075082	0.0045702	0.025684	0.80764	516.96	99120	0.5774	0.068898	0.87353	19	48	68	84	97	111	130	149	122	99	73
86	10	10	15	0.015625	10	1	1	0.848432	0.4558	0.075642	0.67862	0.0098618	0.0050663	0.027521	0.63582	274.08	99120	0.459	0.079278	0.60159	59	95	117	120	123	120	99	94	73	59	41
129	10	15	13	0.015625	10	1	1	0.626727	0.7552	0.046499	2.7648	0.013235	0.0048665	0.050253	2.696	1408.2	99120	0.759	0.045384	1.9148	1	13	11	19	59	74	111	142	158	190	222
172	10	15	14	0.015625	10	1	1	0.734279	0.6619	0.059138	1.2424	0.0098472	0.0067853	0.03419	1.1912	753.25	99120	0.6645	0.065115	1.2684	8	26	33	57	71	114	130	139	160	151	111
215	10	15	15	0.015625	10	1	1	0.80035	0.5491	0.071531	0.6725	0.010456	0.0071113	0.026423	0.62816	398.18	99120	0.5499	0.074094	0.59302	27	54	71	105	115	116	132	113	116	81	70
258	10	20	13	0.015625	10	1	1	0.75966	0.8135	0.036624	3.0068	0.012932	0.0090208	0.099253	2.8853	1777.3	99120	0.8141	0.035707	3.0115	0	6	8	14	29	46	80	118	173	225	301
301	10	20	14	0.015625	10	1	1	0.873687	0.7225	0.048753	1.6517	0.012928	0.0094451	0.077027	1.5519	978.89	99120	0.7179	0.052162	1.6778	1	8	26	31	64	88	128	131	185	169	169
344	10	20	15	0.015625	10	1	1	0.969649	0.608	0.066983	0.96004	0.01372	0.013066	0.035883	0.89706	520.22	99120	0.6167	0.064576	0.98933	14	30	71	68	93	130	118	137	129	117	93
387	10	25	13	0.015625	10	1	1	0.804745	0.8476	0.028663	3.6904	0.018815	0.011786	0.15467	3.5047	2152.8	99120	0.85	0.027107	3.689	0	2	3	10	20	31	65	103	156	256	354
430	10	25	14	0.015625	10	1	1	0.994487	0.7648	0.042844	2.0552	0.016029	0.013221	0.10789	1.9177	1186.7	99120	0.7771	0.042468	2.0487	3	7	14	21	38	65	110	148	186	191	217
473	10	25	15	0.015625	10	1	1	1.05188	0.6612	0.059674	1.0876	0.016302	0.013883	0.055345	1.0017	636.1	99120	0.6758	0.056711	1.1438	6	24	42	53	77	108	129	151	141	152	117
516	10	30	13	0.015625	10	1	1	0.892642	0.8672	0.023007	4.3082	0.021882	0.014536	0.17783	4.0934	2516.4	99120	0.8757	0.022762	4.2761	0	0	3	5	9	21	65	93	164	243	397
559	10	30	14	0.015625	10	1	1	0.96258	0.7976	0.037392	2.3573	0.018479	0.013454	0.12511	2.1999	1379.4	99120	0.8045	0.036586	2.3686	1	2	13	14	27	67	82	127	181	226	260
602	10	30	15	0.015625	10	1	1	1.13153	0.7055	0.051291	1.3417	0.019136	0.016667	0.10855	1.197	754.7	99120	0.6971	0.053555	1.3494	5	11	22	43	64	89	133	163	149	171	150
645	10	40	13	0.015625	10	1	1	1.025	0.9102	0.015572	5.3742	0.030715	0.020797	0.19697	5.1249	3146.0	99120	0.908	0.017053	5.3639	0	0	0	2	11	6	28	58	123	256	516
688	10	40	14	0.015625	10	1	1	1.04409	0.8537	0.027254	3.0813	0.025836	0.016509	0.17405	2.8644	1753.0	99120	0.8514	0.026605	3.041	0	2	3	10	13	33	56	110	143	268	362
731	10	40	15	0.015625	10	1	1	1.20371	0.7635	0.045503	1.7064	0.025552	0.020299	0.12888	1.5313	962.81	99120	0.7691	0.043799	1.7033	4	7	9	32	53	59	93	132	192	201	218
774	10	50	13	0.015625	10	1	1	1.19818	0.9317	0.011016	6.48	0.041113	0.023661	0.28388	6.1306	3706.5	99120	0.9373	0.01173	6.4286	0	1	0	1	0	6	16	44	97	247	588
817	10	50	14	0.015625	10	1	1	1.18705	0.8795	0.022432	3.7182	0.03549	0.023283	0.22859	3.4304	2111.7	99120	0.8843	0.020564	3.6728	0	1	1	6	10	23	49	74	158	237	441
860	10	50	15	0.015625	10	1	1	1.35691	0.8016	0.036274	2.1358	0.032608	0.022748	0.19465	1.8854	1170.9	99120	0.8031	0.037278	2.0863	0	3	8	14	31	64	79	139	166	224	272
903	10	60	13	0.015625	10	1	1	2.16458	0.9425	0.010875	8.326	0.052822	0.036906	0.33904	7.8962	4329.3	99120	0.9456	0.010872	7.7961	0	0	0	1	5	8	11	32	83	192	668
946	10	60	14	0.015625	10	1	1	2.15031	0.9019	0.017784	4.4354	0.04531	0.031886	0.29788	4.0598	2463.1	99120	0.9023	0.018263	3.8334	0	0	1	2	6	23	29	61	132	245	501
989	10	60	15	0.015625	10	1	1	2.30419	0.841	0.029228	2.7782	0.039201	0.02953	0.28037	2.4287	1362.1	99120	0.8425	0.028332	2.5891	0	2	1	11	20	38	70	112	162	237	347
1032	10	70	13	0.015625	10	1	1	2.11159	0.9579	0.0061037	8.9811	0.055566	0.036268	0.42939	8.459	4873.4	99120	0.9536	0.0084955	8.5582	0	0	0	0	1	1	5	22	62	200	709
1075	10	70	14	0.015625	10	1	1	2.1719	0.9158	0.013184	5.5615	0.061933	0.048004	0.327	5.1239	2785.9	99120	0.9229	0.01392	4.9992	0	0	0	1	3	12	17	64	112	273	518
1118	10	70	15	0.015625	10	1	1	2.74119	0.8574	0.026011	3.1539	0.048406	0.043842	0.34526	2.7159	1554.4	99120	0.857	0.026077	2.8349	1	1	3	8	13	30	53	95	172	258	366
1161	10	80	13	0.015625	10	1	1	2.55459	0.9635	0.0054832	10.493	0.071735	0.047562	0.42717	9.945	5394.0	99120	0.9634	0.0066471	8.6472	0	0	0	0	1	0	7	15	56	174	747
1204	10	80	14	0.015625	10	1	1	2.4568	0.9287	0.01326	5.8176	0.066464	0.041325	0.44624	5.2629	3110.7	99120	0.9309	0.012588	5.5003	1	0	0	0	4	9	26	37	98	223	602
1247	10	80	15	0.015625	10	1	1	2.44591	0.8778	0.021288	3.4143	0.058643	0.049142	0.3888	2.9172	1734.4	99120	0.8746	0.023618	3.7422	0	0	0	4	11	22	52	91	145	247	428
1290	10	90	13	0.015625	10	1	1	2.30742	0.9691	0.0047399	10.535	0.07487	0.043949	0.48182	9.9337	5831.7	99120	0.9691	0.0057409	10.156	0	0	0	0	0	2	3	16	44	151	784
1333	10	90	14	0.015625	10	1	1	2.68132	0.936	0.012336	6.6966	0.075012	0.056528	0.43578	6.1286	3426.9	99120	0.9417	0.010422	6.1887	0	0	1	3	2	6	23	33	83	212	637
1376	10	90	15	0.015625	10	1	1	3.07254	0.8844	0.022239	3.8494	0.06348	0.056669	0.27609	3.4526	1916.1	99120	0.8902	0.020885	3.5395	1	1	1	5	14	14	47	75	130	267	445
1419	10	100	13	0.015625	10	1	1	2.48322	0.973	0.0042152	11.56	0.083146	0.054516	0.57007	10.851	6315.4	99120	0.9736	0.0050881	11.013	0	0	0	0	1	2	2	10	35	146	804
1462	10	100	14	0.015625	10	1	1	3.07059	0.9478	0.0083435	7.3108	0.079688	0.059101	0.45122	6.7199	3696.0	99120	0.9476	0.010525	6.6528	0	0	0	0	0	8	8	30	74	212	668
1505	10	100	15	0.015625	10	1	1	3.29366	0.9012	0.018357	4.3269	0.078462	0.074783	0.40726	3.7659	2090.9	99120	0.8973	0.020143	3.8698	0	0	2	3	9	10	41	64	119	253	499
1548	10	10	13	0.015625	50	1	1	1.90232	0.8994	0.025966	5.4628	0.016586	0.0051375	0.1281	5.312	3518.5	99120	0.8993	0.023313	4.8403	1	0	3	5	25	19	36	62	99	164	586
1591	10	10	14	0.015625	50	1	1	1.96386	0.8354	0.044031	3.4617	0.010095	0.0058106	0.11744	3.3278	2060.2	99120	0.8415	0.044152	3.4429	3	8	16	20	22	39	54	89	129	208	412
1634	10	10	15	0.015625	50	1	1	2.16494	0.7358	0.069168	1.9574	0.0083918	0.0052655	0.097514	1.8459	1182.8	99120	0.7461	0.062427	1.9504	14	19	37	37	38	89	103	102	113	159	289
1677	10	15	13	0.015625	50	1	1	1.99054	0.9305	0.015816	8.4925	0.024751	0.0094524	0.2422	8.2149	4803.2	99120	0.9352	0.015396	8.8091	0	0	3	3	5	9	24	47	87	164	658
1720	10	15	14	0.015625	50	1	1	2.07779	0.8887	0.026249	5.2948	0.019894	0.011729	0.17223	5.09	2831.0	99120	0.896	0.024769	5.1809	1	0	3	12	12	25	43	64	113	208	519
1763	10	15	15	0.015625	50	1	1	2.40275	0.8302	0.04247	2.7665	0.011972	0.0083214	0.14323	2.6025	1631.1	99120	0.8309	0.045561	2.7336	4	6	12	18	24	42	63	106	128	202	395
1806	10	20	13	0.015625	50	1	1	2.11801	0.9571	0.0079575	8.8067	0.025306	0.0097988	0.19366	8.5769	5822.8	99120	0.9571	0.0097593	8.0656	0	0	0	1	2	3	9	27	59	160	739
1849	10	20	14	0.015625	50	1	1	2.32292	0.9196	0.017994	5.7958	0.0282	0.015261	0.17507	5.5763	3533.5	99120	0.9281	0.018058	4.9861	0	1	2	3	7	16	26	52	88	200	605
1892	10	20	15	0.015625	50	1	1	2.50891	0.8655	0.033473	3.5018	0.019389	0.012343	0.17214	3.2974	2046.6	99120	0.8704	0.034679	3.504	0	2	9	10	25	36	44	85	116	192	481
1935	10	25	13	0.015625	50	1	1	2.62689	0.9683	0.0056107	12.159	0.032661	0.016948	0.33259	11.776	6795.0	99120	0.9656	0.0074441	9.6361	0	0	0	0	0	4	6	17	45	132	796
1978	10	25	14	0.015625	50	1	1	2.5431	0.9395	0.013223	7.5694	0.038278	0.018292	0.2879	7.2238	4161.6	99120	0.9376	0.0142	7.3736	0	0	1	3	7	7	17	37	62	196	670
2021	10	25	15	0.015625	50	1	1	2.79208	0.9037	0.02322	4.6736	0.026146	0.017399	0.17762	4.4519	2438.8	99120	0.8955	0.025976	3.5939	0	3	2	6	8	24	31	68	102	178	578
2064	10	30	13	0.015625	50	1	1	2.74836	0.9751	0.0044144	12.91	0.031062	0.016915	0.366	12.495	7501.2	99120	0.9753	0.0052251	12.854	0	0	0	1	0	1	4	11	39	110	834
2107	10	30	14	0.015625	50	1	1	3.11905	0.9542	0.0088913	8.0511	0.031284	0.023532	0.228	7.7672	4714.4	99120	0.9514	0.010469	9.2556	0	0	0	0	2	7	14	29	49	170	729
2150	10	30	15	0.015625	50	1	1	3.41153	0.9114	0.020991	4.8211	0.02918	0.018427	0.21462	4.5582	2801.3	99120	0.921	0.018177	4.7992	0	0	1	6	10	25	31	53	99	170	605
2193	10	40	13	0.015625	50	1	1	3.46294	0.9813	0.0038842	15.706	0.038928	0.026464	0.48062	15.159	9108.2	99120	0.9827	0.004335	15.63	0	0	1	0	1	3	1	6	21	94	873
2236	10	40	14	0.015625	50	1	1	4.42013	0.9642	0.0070054	9.5716	0.044005	0.031396	0.30025	9.1938	5672.3	99120	0.968	0.007043	8.0337	0	0	0	0	1	5	13	15	47	136	783
2279	10	40	15	0.015625	50	1	1	4.65781	0.9359	0.014756	6.5911	0.042241	0.035172	0.24976	6.2628	3470.7	99120	0.9452	0.011929	5.0941	0	0	0	6	4	10	24	39	75	162	680
2322	10	50	13	0.015625	50	1	1	5.14933	0.9887	0.0015639	18.228	0.047627	0.036207	0.41187	17.73	10518.0	99120	0.987	0.003034	18.207	0	0	0	0	0	0	0	3	19	66	912
2365	10	50	14	0.015625	50	1	1	6.13166	0.9747	0.0052151	11.459	0.047991	0.042066	0.33291	11.034	6588.9	99120	0.977	0.005036	13.598	0	0	1	0	1	2	4	14	37	97	844
2408	10	50	15	0.015625	50	1	1	6.32328	0.9539	0.010996	7.0341	0.047541	0.033133	0.23614	6.7163	4072.8	99120	0.9542	0.010453	7.0059	0	2	0	4	1	7	9	23	61	147	746
2451	10	60	13	0.015625	50	1	1	7.95265	0.9897	0.002086	21.235	0.053397	0.033942	0.50642	20.639	11635.0	99120	0.9894	0.0030107	20.151	0	1	0	0	0	0	0	1	19	53	926
2494	10	60	14	0.015625	50	1	1	10.1687	0.9823	0.0029196	11.009	0.05607	0.043808	0.35972	10.548	7426.4	99120	0.9833	0.0039551	10.519	0	0	0	0	0	1	2	10	21	92	874
2537	10	60	15	0.015625	50	1	1	9.92461	0.9595	0.008258	8.4214	0.064299	0.045689	0.3473	7.9626	4601.4	99120	0.9646	0.0082551	8.9769	0	0	0	2	0	7	8	27	51	141	764
2580	10	70	13	0.015625	50	1	1	8.91723	0.9946	0.00063147	20.823	0.063801	0.035982	0.65302	20.067	12757.0	99120	0.9925	0.002236	18.041	0	0	0	0	0	0	0	0	6	42	952
2623	10	70	14	0.015625	50	1	1	10.0668	0.9883	0.0016548	14.011	0.069162	0.044944	0.53635	13.357	8251.8	99120	0.9855	0.0038636	16.278	0	0	0	0	0	0	1	2	19	69	909
2666	10	70	15	0.015625	50	1	1	10.1848	0.9711	0.0053401	9.4097	0.083269	0.052172	0.42661	8.8461	5051.8	99120	0.9687	0.0073376	8.3745	0	0	0	0	2	3	3	15	41	123	813
2709	10	80	13	0.015625	50	1	1	8.27918	0.9952	0.00059756	20.642	0.065176	0.04685	0.62629	19.9	13615.0	99120	0.9937	0.0024127	19.128	0	0	0	0	0	0	0	1	4	37	958
2752	10	80	14	0.015625	50	1	1	11.2852	0.9883	0.0016347	16.045	0.070759	0.059919	0.3796	15.534	8943.7	99120	0.9881	0.0032516	16.09	0	0	0	0	0	0	0	4	18	69	909
2795	10	80	15	0.015625	50	1	1	10.4986	0.9762	0.004438	11.675	0.09408	0.070081	0.61564	10.893	5587.3	99120	0.9727	0.0067314	10.654	0	0	0	0	0	3	6	12	29	105	845
2838	10	90	13	0.015625	50	1	1	9.95682	0.9942	0.00072709	25.073	0.072738	0.053426	0.61097	24.334	14591.0	99120	0.9942	0.0020284	25.068	0	0	0	0	0	0	0	0	9	40	951
2881	10	90	14	0.015625	50	1	1	12.635	0.9911	0.001232	16.613	0.080708	0.063061	0.41364	16.054	9531.3	99120	0.9892	0.0030664	16.661	0	0	0	0	0	0	1	2	9	61	927
2924	10	90	15	0.015625	50	1	1	13.4663	0.9796	0.0037476	11.902	0.097994	0.066826	0.51916	11.216	5991.0	99120	0.9798	0.0042963	12.226	0	0	0	0	1	1	4	11	24	96	863
2967	10	100	13	0.015625	50	1	1	11.2608	0.9972	0.00035251	26.945	0.079445	0.051689	0.71854	26.093	15458.0	99120	0.9954	0.0022811	29.118	0	0	0	0	0	0	0	1	1	23	975
3010	10	100	14	0.015625	50	1	1	14.6273	0.9925	0.00097472	17.823	0.087285	0.068143	0.60578	17.061	10199.0	99120	0.9903	0.0031791	17.712	0	0	0	0	0	0	1	1	5	58	935
3053	10	100	15	0.015625	50	1	1	14.0822	0.981	0.003002	13.63	0.11445	0.071115	0.64271	12.797	6464.7	99120	0.9821	0.0041137	11.087	0	0	0	0	0	0	4	7	28	97	864
