	k	n_trees	depth	sparsity	v	build_time	recall	var_recall	query_time	projection_time	traversal_time	vote_time	exact_time	cs_size	val_recall	val_var_recall	val_query_time	r0	r1	r2	r3	r4	r5	r6	r7	r8	r9	r10
0	10	1	6	0.015625	1	0.153634	0.158	0.033209	2.1349	0.002234	0.00017685	0.023814	2.1083	1548.8	0.1665	0.032981	2.1369	356	247	167	92	56	38	20	9	10	4	1
1	10	1	7	0.015625	1	0.164638	0.126	0.022466	1.064	0.0017709	0.00013697	0.018325	1.0435	774.38	0.1139	0.018175	1.0647	406	252	171	93	37	25	8	3	1	3	1
2	10	1	8	0.015625	1	0.175748	0.0926	0.016061	0.54417	0.0018833	0.00014156	0.019246	0.52264	387.19	0.0879	0.014818	0.54389	491	288	114	58	26	13	5	3	2	0	0
3	10	1	9	0.015625	1	0.183283	0.0719	0.011752	0.28652	0.0019393	0.00014571	0.016762	0.26741	193.59	0.0696	0.012388	0.28453	570	260	102	37	18	6	7	0	0	0	0
4	10	1	10	0.015625	1	0.193356	0.0494	0.0077274	0.15611	0.0020698	0.00013461	0.016338	0.13732	96.79	0.0436	0.0065656	0.15819	679	207	75	26	8	3	2	0	0	0	0
5	10	1	11	0.015625	1	0.201498	0.0315	0.0043621	0.090982	0.0020669	0.00015825	0.016252	0.072242	48.388	0.0329	0.004432	0.090232	768	169	49	9	4	1	0	0	0	0	0
6	10	1	12	0.015625	1	0.211544	0.0235	0.0031609	0.058569	0.0021734	0.00019333	0.016175	0.039769	24.203	0.0246	0.0032381	0.057688	812	153	28	5	0	1	1	0	0	0	0
7	10	5	6	0.015625	1	0.209411	0.5743	0.055805	12.095	0.0049175	0.00057682	0.090787	11.997	7164.7	0.5815	0.053741	12.053	4	29	54	101	122	171	143	123	96	97	60
12	10	5	7	0.015625	1	0.218681	0.4504	0.056176	6.1771	0.0056223	0.00057819	0.060009	6.11	3694.7	0.4344	0.056173	6.1683	23	66	134	160	158	119	122	94	64	39	21
17	10	5	8	0.015625	1	0.257757	0.3569	0.049122	3.0984	0.0041803	0.00074931	0.03316	3.0598	1876.6	0.3546	0.048067	3.0814	45	140	168	197	151	107	83	50	28	19	12
22	10	5	9	0.015625	1	0.226137	0.2504	0.036937	1.5926	0.0038015	0.00072541	0.021032	1.5667	950.25	0.2485	0.036734	1.633	115	235	231	183	88	55	48	25	13	6	1
27	10	5	10	0.015625	1	0.239317	0.1702	0.023656	0.81942	0.0040318	0.00090142	0.018545	0.79559	479.47	0.1675	0.025439	0.81598	230	312	205	127	68	33	18	4	2	0	1
32	10	5	11	0.015625	1	0.258547	0.1385	0.020568	0.42472	0.0042118	0.0011553	0.017849	0.40118	240.04	0.1418	0.020393	0.42329	297	346	186	90	42	21	8	7	1	1	1
37	10	5	12	0.015625	1	0.263687	0.1067	0.016942	0.23116	0.0043891	0.0013873	0.017409	0.20766	120.34	0.1051	0.01618	0.22851	423	310	145	66	28	15	11	0	2	0	0
42	10	10	6	0.015625	1	0.313195	0.77	0.036336	22.337	0.0064524	0.00080817	0.15172	22.177	13284.0	0.7594	0.039211	22.307	0	1	4	18	43	83	114	146	187	192	212
52	10	10	7	0.015625	1	0.225794	0.6469	0.050781	11.764	0.007846	0.0012219	0.095409	11.659	7027.7	0.6422	0.051671	11.751	5	9	29	61	111	117	150	164	136	126	92
62	10	10	8	0.015625	1	0.21924	0.4991	0.055445	6.2179	0.0078075	0.0016135	0.06621	6.1417	3674.6	0.4979	0.053559	6.1967	8	49	102	132	160	145	139	96	86	47	36
72	10	10	9	0.015625	1	0.285057	0.3924	0.051274	3.1565	0.0064658	0.0017109	0.038667	3.1093	1868.7	0.3955	0.051001	3.1351	43	102	141	185	165	118	111	62	35	25	13
82	10	10	10	0.015625	1	0.285173	0.3054	0.043554	2.0589	0.008959	0.001889	0.029057	2.0187	946.29	0.2959	0.042215	1.4167	79	168	221	173	135	85	64	41	20	11	3
92	10	10	11	0.015625	1	0.311259	0.2303	0.033465	1.0392	0.0072996	0.0028344	0.019825	1.0089	476.77	0.2311	0.036199	1.0487	144	252	220	162	98	59	35	18	7	4	1
102	10	10	12	0.015625	1	0.294067	0.1702	0.025217	0.46654	0.008535	0.0028339	0.022612	0.43223	239.3	0.1777	0.030223	0.4396	236	313	207	110	76	27	18	8	3	2	0
112	10	25	6	0.015625	1	0.378207	0.9584	0.0062357	45.53	0.013801	0.0018378	0.32258	45.191	26976.0	0.9585	0.0061139	45.602	0	0	0	0	2	0	5	23	61	193	716
130	10	25	7	0.015625	1	0.369085	0.8825	0.018843	26.114	0.014709	0.0031629	0.19614	25.899	15537.0	0.8839	0.020411	26.026	0	0	0	4	4	17	53	84	160	254	424
148	10	25	8	0.015625	1	0.319841	0.7706	0.037033	14.299	0.016645	0.0037684	0.1244	14.153	8445.5	0.7706	0.038895	14.232	0	1	7	19	45	71	121	137	181	214	204
166	10	25	9	0.015625	1	0.296694	0.655	0.048744	7.0335	0.018872	0.0047855	0.080716	6.9283	4437.0	0.6416	0.051661	6.1274	0	12	28	56	99	116	165	165	139	119	101
184	10	25	10	0.015625	1	0.298528	0.5242	0.059814	3.8637	0.014833	0.005237	0.060878	3.7823	2285.4	0.5177	0.055352	3.8451	9	47	87	134	127	143	136	116	82	78	41
202	10	25	11	0.015625	1	0.315504	0.3912	0.050013	1.9932	0.013157	0.006027	0.037698	1.936	1169.1	0.4055	0.052052	1.9835	32	81	187	196	154	118	95	60	38	21	18
220	10	25	12	0.015625	1	0.346196	0.3055	0.043143	1.0235	0.013692	0.0073899	0.024549	0.97764	589.96	0.3093	0.045349	1.029	65	195	208	168	140	89	64	37	17	14	3
238	10	50	6	0.015625	1	0.403924	0.9963	0.00037669	70.661	0.026378	0.0037105	0.56977	70.061	42149.0	0.9938	0.00068224	70.778	0	0	0	0	0	0	0	0	1	35	964
256	10	50	7	0.015625	1	0.424234	0.9725	0.0041979	44.243	0.028416	0.0055298	0.34785	43.86	26061.0	0.9725	0.0054592	44.169	0	0	0	0	0	4	1	11	31	156	797
274	10	50	8	0.015625	1	0.335579	0.9233	0.01266	25.645	0.028631	0.007843	0.23093	25.377	15063.0	0.9128	0.015692	25.69	0	0	0	1	2	6	23	61	111	221	575
292	10	50	9	0.015625	1	0.405481	0.8386	0.026697	14.095	0.031546	0.0098683	0.16311	13.89	8182.8	0.8275	0.031766	13.925	0	0	4	2	15	51	71	108	190	235	324
310	10	50	10	0.015625	1	0.378885	0.7176	0.044475	7.507	0.031898	0.014041	0.11795	7.3423	4355.1	0.7119	0.047556	7.473	0	1	18	36	72	103	121	170	155	168	156
328	10	50	11	0.015625	1	0.298027	0.5917	0.053214	3.8916	0.029399	0.015659	0.078586	3.7675	2257.7	0.5907	0.058002	3.8658	3	19	46	99	122	150	153	129	131	78	70
346	10	50	12	0.015625	1	0.468638	0.4735	0.057545	2.0155	0.024446	0.01681	0.050339	1.9236	1154.7	0.4671	0.059467	1.9973	8	61	122	154	179	119	117	82	73	53	32
364	10	75	6	0.015625	1	0.75432	0.9994	5.97e-05	85.923	0.033047	0.0048022	0.77259	85.111	51149.0	0.9972	0.0020943	86.391	0	0	0	0	0	0	0	0	0	6	994
382	10	75	7	0.015625	1	0.710799	0.9928	0.00096913	56.711	0.038835	0.0078717	0.47445	56.189	33938.0	0.9919	0.002627	56.746	0	0	0	0	0	0	0	1	12	45	942
400	10	75	8	0.015625	1	0.678215	0.9691	0.0043395	34.154	0.040331	0.010598	0.31437	33.787	20224.0	0.9646	0.0064933	34.296	0	0	0	0	0	1	2	12	52	156	777
418	10	75	9	0.015625	1	0.767907	0.9187	0.012913	19.36	0.041794	0.015794	0.21091	19.091	11466.0	0.9105	0.016837	19.27	0	0	0	0	2	7	24	67	124	221	555
436	10	75	10	0.015625	1	0.919893	0.8137	0.031454	10.702	0.048983	0.028168	0.16512	10.458	6233.2	0.8116	0.035161	10.659	0	0	3	7	27	69	83	128	167	233	283
454	10	75	11	0.015625	1	0.830592	0.7009	0.047717	5.6763	0.048779	0.028855	0.12245	5.4756	3288.0	0.6964	0.047294	5.6114	1	7	11	52	87	96	132	143	178	151	142
472	10	75	12	0.015625	1	0.937511	0.5753	0.057978	3.1171	0.042794	0.025303	0.078963	2.9696	1697.5	0.5686	0.056531	2.414	4	35	48	106	132	155	122	136	111	81	70
490	10	100	6	0.015625	1	1.036	0.9999	1e-05	96.475	0.044512	0.0066187	0.93017	95.493	57385.0	0.9979	0.0020076	96.749	0	0	0	0	0	0	0	0	0	1	999
508	10	100	7	0.015625	1	0.754881	0.9983	0.00016728	67.221	0.047879	0.010206	0.60595	66.556	39619.0	0.9958	0.0022246	67.521	0	0	0	0	0	0	0	0	0	17	983
526	10	100	8	0.015625	1	0.922695	0.9863	0.001704	41.984	0.053065	0.016491	0.3878	41.526	24716.0	0.9849	0.0035255	41.925	0	0	0	0	0	0	0	4	14	97	885
544	10	100	9	0.015625	1	0.807401	0.9497	0.0086686	24.504	0.05547	0.021719	0.2741	24.152	14369.0	0.9523	0.0079226	24.422	0	0	0	0	2	4	10	33	79	174	698
562	10	100	10	0.015625	1	0.899589	0.8801	0.021115	13.681	0.064129	0.033007	0.20217	13.381	7959.6	0.8803	0.021744	13.498	0	0	0	5	11	19	46	100	138	243	438
580	10	100	11	0.015625	1	0.690053	0.7781	0.036287	7.3479	0.063394	0.039832	0.15312	7.0907	4263.0	0.7693	0.041449	7.2875	0	2	9	17	39	64	94	165	200	185	225
598	10	100	12	0.015625	1	1.05038	0.6552	0.051244	3.8932	0.05838	0.037107	0.10742	3.6898	2219.9	0.6418	0.056269	3.8533	0	9	35	66	93	115	153	169	120	133	107
616	10	125	6	0.015625	1	0.922543	0.9999	1e-05	105.46	0.05241	0.007758	1.0981	104.3	62481.0	0.9998	1.998e-05	105.58	0	0	0	0	0	0	0	0	0	1	999
634	10	125	7	0.015625	1	1.10372	0.9989	0.0001089	68.047	0.062607	0.013987	0.80255	67.166	44376.0	0.9975	0.0020458	61.19	0	0	0	0	0	0	0	0	0	11	989
652	10	125	8	0.015625	1	1.06071	0.9936	0.00079984	47.664	0.060885	0.017974	0.46275	47.121	28422.0	0.9914	0.0028489	47.698	0	0	0	0	0	0	0	1	7	47	945
670	10	125	9	0.015625	1	1.13326	0.9744	0.0036883	29.086	0.071328	0.030541	0.34519	28.638	16986.0	0.9715	0.0054232	28.904	0	0	0	0	0	0	2	12	41	130	815
688	10	125	10	0.015625	1	1.51467	0.9227	0.012527	14.055	0.081335	0.042634	0.24114	13.688	9585.6	0.9132	0.015661	13.442	0	0	1	0	2	7	24	47	125	231	563
706	10	125	11	0.015625	1	1.57183	0.8242	0.030185	9.0876	0.079607	0.053911	0.18928	8.7638	5195.1	0.8188	0.034561	8.976	0	0	1	6	29	44	97	139	146	217	321
724	10	125	12	0.015625	1	1.40673	0.7067	0.046271	4.8916	0.078691	0.049222	0.14146	4.6217	2736.8	0.6899	0.048036	4.7539	1	5	14	38	75	115	136	169	133	158	156
742	10	150	6	0.015625	1	1.18773	1.0	0.0	111.4	0.058656	0.010558	1.2771	110.05	65825.0	0.998	0.001998	99.61	0	0	0	0	0	0	0	0	0	0	1000
760	10	150	7	0.015625	1	1.2432	0.9996	3.988e-05	81.774	0.071776	0.017525	0.82942	80.855	48437.0	0.998	0.001998	81.765	0	0	0	0	0	0	0	0	0	4	996
778	10	150	8	0.015625	1	1.1697	0.9967	0.00035947	53.503	0.07681	0.025776	0.54617	52.854	31757.0	0.9958	0.0022046	53.459	0	0	0	0	0	0	0	0	2	29	969
796	10	150	9	0.015625	1	1.15376	0.9821	0.0026522	31.045	0.087832	0.03793	0.44638	30.472	19342.0	0.9793	0.0044059	26.777	0	0	0	0	0	0	2	8	23	101	866
814	10	150	10	0.015625	1	1.23276	0.9432	0.0089827	18.948	0.092144	0.050782	0.27611	18.528	11131.0	0.935	0.011166	18.878	0	0	0	0	1	6	10	32	95	206	650
832	10	150	11	0.015625	1	1.2177	0.8688	0.02381	11.313	0.11573	0.070223	0.24298	10.883	6074.3	0.8599	0.025768	11.002	0	0	2	5	10	28	58	107	134	240	416
850	10	150	12	0.015625	1	1.3765	0.7529	0.041773	5.8533	0.099425	0.064507	0.1745	5.5142	3223.7	0.7473	0.044577	5.6191	0	2	15	20	50	91	113	162	168	164	215
868	10	200	6	0.015625	1	1.51581	1.0	0.0	102.11	0.079284	0.013268	1.5739	100.44	71154.0	0.9984	0.0012787	98.867	0	0	0	0	0	0	0	0	0	0	1000
886	10	200	7	0.015625	1	1.52124	1.0	0.0	91.612	0.085661	0.020821	1.0374	90.467	54460.0	0.998	0.001998	91.527	0	0	0	0	0	0	0	0	0	0	1000
904	10	200	8	0.015625	1	1.68188	0.9993	6.958e-05	63.423	0.10131	0.033066	0.68936	62.598	37303.0	0.9966	0.0021706	63.055	0	0	0	0	0	0	0	0	0	7	993
922	10	200	9	0.015625	1	1.8854	0.9922	0.0011203	40.41	0.11205	0.048265	0.47871	39.77	23682.0	0.9905	0.0029227	39.994	0	0	0	0	0	0	0	3	11	47	939
940	10	200	10	0.015625	1	1.63234	0.9673	0.0050257	24.346	0.12311	0.064586	0.35212	23.805	13871.0	0.9639	0.0068136	23.998	0	0	0	0	0	1	4	18	53	146	778
958	10	200	11	0.015625	1	1.67148	0.9134	0.014155	13.776	0.12962	0.081399	0.28172	13.282	7757.6	0.9111	0.016663	13.285	0	0	0	1	3	12	26	62	121	249	526
976	10	200	12	0.015625	1	1.83356	0.8206	0.032048	7.9721	0.14232	0.086151	0.25517	7.4869	4170.2	0.8155	0.032202	7.3127	0	1	5	11	24	47	89	124	170	221	308
994	10	250	6	0.015625	1	2.08038	1.0	0.0	127.62	0.096981	0.017321	1.8002	125.7	74569.0	0.998	0.001998	127.76	0	0	0	0	0	0	0	0	0	0	1000
1012	10	250	7	0.015625	1	1.98308	1.0	0.0	98.939	0.10729	0.025559	1.1856	97.62	58409.0	0.998	0.001998	102.56	0	0	0	0	0	0	0	0	0	0	1000
1030	10	250	8	0.015625	1	1.94143	0.9995	4.98e-05	73.631	0.12829	0.048391	0.84168	72.612	41927.0	0.9979	0.0020076	74.587	0	0	0	0	0	0	0	0	0	5	995
1048	10	250	9	0.015625	1	2.21767	0.9953	0.00062854	46.155	0.14011	0.062373	0.57993	45.371	27083.0	0.9941	0.0024176	45.791	0	0	0	0	0	0	0	1	6	32	961
1066	10	250	10	0.015625	1	2.32283	0.9847	0.0019378	28.562	0.14488	0.080233	0.43488	27.901	16302.0	0.9794	0.0042999	28.135	0	0	0	0	0	0	1	3	17	106	873
1084	10	250	11	0.015625	1	2.04029	0.9406	0.0095812	18.271	0.17406	0.11894	0.51588	17.461	9317.0	0.9281	0.013394	16.114	0	0	0	0	1	5	13	41	92	204	644
1102	10	250	12	0.015625	1	2.26642	0.8658	0.023334	9.6657	0.18516	0.11268	0.30129	9.065	5069.2	0.8602	0.026042	8.8352	0	0	0	6	15	25	44	118	176	203	413
1120	10	300	6	0.015625	1	1.83471	1.0	0.0	132.89	0.11212	0.021353	2.4098	130.34	77814.0	1.0	0.0	115.2	0	0	0	0	0	0	0	0	0	0	1000
1138	10	300	7	0.015625	1	2.20946	1.0	0.0	106.38	0.13724	0.03495	1.5279	104.68	62030.0	0.9984	0.0012787	106.8	0	0	0	0	0	0	0	0	0	0	1000
1156	10	300	8	0.015625	1	2.16575	0.9997	2.994e-05	76.644	0.1461	0.051799	0.96205	75.483	45333.0	0.9977	0.0020267	76.4	0	0	0	0	0	0	0	0	0	3	997
1174	10	300	9	0.015625	1	2.56423	0.9983	0.00016728	51.882	0.16416	0.083921	0.70537	50.928	30071.0	0.9965	0.0021599	53.891	0	0	0	0	0	0	0	0	0	17	983
1192	10	300	10	0.015625	1	2.15359	0.9862	0.0019916	32.127	0.17409	0.098779	0.50506	31.348	18501.0	0.9882	0.0024632	31.831	0	0	0	0	0	0	1	7	13	87	892
1210	10	300	11	0.015625	1	2.73477	0.9593	0.0061196	19.107	0.18939	0.1185	0.42652	18.371	10726.0	0.9577	0.0080888	18.469	0	0	0	0	0	2	9	15	66	184	724
1228	10	300	12	0.015625	1	2.11045	0.9058	0.016022	12.067	0.21429	0.15649	0.49015	11.205	5911.8	0.8905	0.021081	10.405	0	0	0	0	6	11	37	67	150	202	527
1246	10	350	6	0.015625	1	2.84569	1.0	0.0	137.67	0.13253	0.022666	2.3842	135.13	79903.0	0.998	0.001998	143.53	0	0	0	0	0	0	0	0	0	0	1000
1264	10	350	7	0.015625	1	2.48605	1.0	0.0	110.71	0.14361	0.034689	1.5273	109.0	65109.0	0.998	0.001998	110.58	0	0	0	0	0	0	0	0	0	0	1000
1282	10	350	8	0.015625	1	2.60619	1.0	0.0	81.362	0.17381	0.074456	1.2798	79.833	48557.0	0.9978	0.0020172	67.231	0	0	0	0	0	0	0	0	0	0	1000
1300	10	350	9	0.015625	1	2.50247	0.9992	7.9439e-05	57.11	0.19534	0.092606	0.78343	56.038	32597.0	0.9974	0.0020553	56.807	0	0	0	0	0	0	0	0	0	8	992
1318	10	350	10	0.015625	1	2.46223	0.9942	0.00066703	35.682	0.20602	0.10764	0.58273	34.785	20579.0	0.99	0.0028428	35.157	0	0	0	0	0	0	0	1	3	49	947
1336	10	350	11	0.015625	1	2.58873	0.9742	0.0034178	21.652	0.23471	0.13424	0.4663	20.816	12042.0	0.9689	0.0060689	21.041	0	0	0	0	0	1	1	10	29	161	798
1354	10	350	12	0.015625	1	3.12406	0.9222	0.01256	12.343	0.23869	0.16209	0.385	11.557	6733.5	0.9137	0.016679	11.857	0	0	0	1	1	4	24	70	111	217	572
1372	10	400	6	0.015625	1	2.56467	1.0	0.0	140.41	0.14277	0.029315	2.66	137.58	80815.0	0.998	0.001998	137.57	0	0	0	0	0	0	0	0	0	0	1000
1390	10	400	7	0.015625	1	2.9139	1.0	0.0	119.84	0.17437	0.038664	2.0485	117.58	67615.0	0.998	0.001998	115.04	0	0	0	0	0	0	0	0	0	0	1000
1408	10	400	8	0.015625	1	2.72653	1.0	0.0	88.993	0.19335	0.071464	1.2554	87.471	51240.0	0.998	0.001998	87.717	0	0	0	0	0	0	0	0	0	0	1000
1426	10	400	9	0.015625	1	2.69148	0.9998	1.998e-05	53.105	0.21798	0.10964	0.96628	51.81	35099.0	0.9975	0.0020458	48.675	0	0	0	0	0	0	0	0	0	2	998
1444	10	400	10	0.015625	1	2.93957	0.9951	0.00052652	38.885	0.21541	0.13278	0.61251	37.923	22467.0	0.9932	0.0021559	38.285	0	0	0	0	0	0	0	0	3	43	954
1462	10	400	11	0.015625	1	3.09772	0.9805	0.0027125	23.64	0.25344	0.15562	0.50828	22.722	13319.0	0.9771	0.0050106	23.113	0	0	0	0	0	0	1	8	27	113	851
1480	10	400	12	0.015625	1	3.11771	0.9376	0.011037	14.132	0.28338	0.17318	0.45853	13.216	7508.7	0.9317	0.012638	13.265	0	0	0	2	2	4	16	43	97	191	645
1498	10	500	6	0.015625	1	3.06323	1.0	0.0	144.48	0.17056	0.032808	3.1683	141.1	83830.0	1.0	0.0	144.12	0	0	0	0	0	0	0	0	0	0	1000
1516	10	500	7	0.015625	1	3.53609	1.0	0.0	120.73	0.21221	0.053156	2.0044	118.46	70151.0	0.998	0.001998	120.35	0	0	0	0	0	0	0	0	0	0	1000
1534	10	500	8	0.015625	1	3.08555	1.0	0.0	94.643	0.23057	0.087705	1.3743	92.95	54780.0	0.9979	0.0020076	94.269	0	0	0	0	0	0	0	0	0	0	1000
1552	10	500	9	0.015625	1	3.62351	0.9999	1e-05	69.946	0.26062	0.13441	1.0779	68.471	39433.0	0.9978	0.0020172	71.922	0	0	0	0	0	0	0	0	0	1	999
1570	10	500	10	0.015625	1	3.81985	0.9984	0.00017762	44.223	0.30754	0.15298	0.75319	43.008	25748.0	0.9965	0.0021399	43.891	0	0	0	0	0	0	0	0	1	14	985
1588	10	500	11	0.015625	1	3.74049	0.9903	0.0012171	27.937	0.31137	0.19593	0.61716	26.811	15613.0	0.986	0.0036276	26.928	0	0	0	0	0	0	1	1	8	74	916
1606	10	500	12	0.015625	1	3.85899	0.9604	0.006118	16.746	0.35733	0.23204	0.5945	15.561	8958.9	0.9572	0.0083765	15.834	0	0	0	0	0	0	7	26	66	158	743
